55.944425,-3.188396,WNW,55.94453980502971,-3.1886731638597534,0.0,248.75
55.94453980502971,-3.1886731638597534,WNW,55.94465461005942,-3.188950327719507,100.80220967617333,337.63503194849557
55.94465461005942,-3.188950327719507,NNE,55.94493177391918,-3.1888355226897973,100.80220967617333,336.38503194849557
55.94493177391918,-3.1888355226897973,NE,55.945143905953536,-3.1886233906554415,203.18853761399552,349.9523516784333
55.945143905953536,-3.1886233906554415,NNW,55.94542106981329,-3.188738195685151,226.25832264323392,422.181797875251
55.94542106981329,-3.188738195685151,NNE,55.94569823367305,-3.1886233906554415,226.25832264323392,420.931797875251
55.94569823367305,-3.1886233906554415,NNE,55.945975397532806,-3.188508585625732,299.38181041672357,453.61065679695633
55.945975397532806,-3.188508585625732,SSE,55.94569823367305,-3.1883937805960225,299.38181041672357,452.36065679695633
55.94569823367305,-3.1883937805960225,SE,55.94548610163869,-3.1881816485616667,299.38181041672357,451.11065679695633
55.94548610163869,-3.1881816485616667,SSE,55.945208937778936,-3.1880668435319572,391.25635335270255,566.1166000190051
55.945208937778936,-3.1880668435319572,SSE,55.94493177391918,-3.1879520385022477,391.25635335270255,564.8666000190051
55.94493177391918,-3.1879520385022477,SSE,55.94465461005942,-3.1878372334725382,391.25635335270255,563.6166000190051
55.94465461005942,-3.1878372334725382,SSE,55.94437744619967,-3.1877224284428287,397.95730111509795,626.0698438341292
55.94437744619967,-3.1877224284428287,ENE,55.94449225122938,-3.1874452645830753,397.95730111509795,624.8198438341292
55.94449225122938,-3.1874452645830753,ESE,55.94437744619967,-3.187168100723322,397.95730111509795,623.5698438341292
55.94437744619967,-3.187168100723322,E,55.94437744619967,-3.1868681007233217,397.95730111509795,622.3198438341292
55.94437744619967,-3.1868681007233217,NE,55.94458957823402,-3.186655968688966,447.5522342154235,671.1994244326208
55.94458957823402,-3.186655968688966,SE,55.94437744619967,-3.18644383665461,459.3142671588814,766.3474941616905
55.94437744619967,-3.18644383665461,SSW,55.94410028233991,-3.1865586416843197,459.3142671588814,765.0974941616905
55.94410028233991,-3.1865586416843197,S,55.94380028233991,-3.1865586416843197,580.6493852184774,764.2835409695036
55.94380028233991,-3.1865586416843197,ESE,55.9436854773102,-3.1862814778245663,645.0412155365584,827.474243841089
55.9436854773102,-3.1862814778245663,ESE,55.94357067228049,-3.186004313964813,699.93030164497,928.9062020074715
55.94357067228049,-3.186004313964813,NNE,55.94384783614024,-3.1858895089351034,699.93030164497,927.6562020074715
55.94384783614024,-3.1858895089351034,NNE,55.944125,-3.185774703905394,757.9874058690856,930.8098030335174
55.944125,-3.185774703905394,NE,55.944337132034356,-3.185562571871038,757.9874058690856,929.5598030335174
55.944337132034356,-3.185562571871038,NNE,55.94461429589411,-3.1854477668413286,757.9874058690856,928.3098030335174
55.94461429589411,-3.1854477668413286,NE,55.94482642792847,-3.185235634806973,852.1017117306519,1028.8005507811486
55.94482642792847,-3.185235634806973,NW,55.945038559962825,-3.1854477668413286,852.1017117306519,1027.5505507811486
55.945038559962825,-3.1854477668413286,NW,55.94525069199718,-3.1856598988756843,947.4902449442361,1118.3720160873488
55.94525069199718,-3.1856598988756843,NE,55.94546282403154,-3.1854477668413286,947.4902449442361,1117.1220160873488
55.94546282403154,-3.1854477668413286,NE,55.94567495606589,-3.185235634806973,947.4902449442361,1115.8720160873488
55.94567495606589,-3.185235634806973,NE,55.94588708810025,-3.185023502772617,1050.4623015624834,1219.6839875369456
55.94588708810025,-3.185023502772617,W,55.94588708810025,-3.185323502772617,1050.4623015624834,1218.4339875369456
55.94588708810025,-3.185323502772617,SSW,55.94560992424049,-3.1854383078023267,1050.4623015624834,1217.1839875369456
55.94560992424049,-3.1854383078023267,WSW,55.94549511921078,-3.18571547166208,1050.4623015624834,1215.9339875369456
55.94549511921078,-3.18571547166208,WNW,55.94560992424049,-3.1859926355218335,1050.4623015624834,1214.6839875369456
55.94560992424049,-3.1859926355218335,WNW,55.945724729270204,-3.186269799381587,1050.4623015624834,1213.4339875369456
55.945724729270204,-3.186269799381587,NW,55.94593686130456,-3.1864819314159427,1105.7124538977148,1213.4285737370312
55.94593686130456,-3.1864819314159427,WSW,55.94582205627485,-3.186759095275696,1105.7124538977148,1212.1785737370312
55.94582205627485,-3.186759095275696,WSW,55.94570725124514,-3.1870362591354495,1192.745892221645,1257.3411688434069
55.94570725124514,-3.1870362591354495,S,55.945407251245136,-3.1870362591354495,1192.745892221645,1256.0911688434069
55.945407251245136,-3.1870362591354495,S,55.94510725124513,-3.1870362591354495,1192.745892221645,1254.8411688434069
55.94510725124513,-3.1870362591354495,SSE,55.94483008738538,-3.18692145410574,1192.745892221645,1253.5911688434069
55.94483008738538,-3.18692145410574,W,55.94483008738538,-3.18722145410574,1192.745892221645,1252.3411688434069
55.94483008738538,-3.18722145410574,SSW,55.94455292352562,-3.1873362591354497,1192.745892221645,1251.0911688434069
55.94455292352562,-3.1873362591354497,SSE,55.944275759665864,-3.18722145410574,1192.745892221645,1249.8411688434069
55.944275759665864,-3.18722145410574,SSE,55.94399859580611,-3.1871066490760307,1192.745892221645,1248.5911688434069
55.94399859580611,-3.1871066490760307,SSE,55.94372143194635,-3.186991844046321,1192.745892221645,1247.3411688434069
55.94372143194635,-3.186991844046321,SSW,55.943444268086594,-3.1871066490760307,1192.745892221645,1246.0911688434069
55.943444268086594,-3.1871066490760307,ESE,55.943329463056884,-3.1868294852162773,1199.0937845450744,1341.7037097887517
55.943329463056884,-3.1868294852162773,NW,55.94354159509124,-3.187041617250633,1199.0937845450744,1340.4537097887517
55.94354159509124,-3.187041617250633,WNW,55.94365640012095,-3.1873187811103865,1199.0937845450744,1339.2037097887517
55.94365640012095,-3.1873187811103865,WSW,55.94354159509124,-3.18759594497014,1199.0937845450744,1337.9537097887517
55.94354159509124,-3.18759594497014,SW,55.943329463056884,-3.1878080770044956,1199.0937845450744,1336.7037097887517
55.943329463056884,-3.1878080770044956,SW,55.94311733102253,-3.1880202090388514,1312.1061181361542,1387.4430405491821
55.94311733102253,-3.1880202090388514,NNW,55.943394494882284,-3.188135014068561,1312.1061181361542,1386.1930405491821
55.943394494882284,-3.188135014068561,W,55.943394494882284,-3.188435014068561,1312.1061181361542,1384.9430405491821
55.943394494882284,-3.188435014068561,NNW,55.94367165874204,-3.1885498190982706,1312.1061181361542,1383.6930405491821
55.94367165874204,-3.1885498190982706,WNW,55.94378646377175,-3.188826982958024,1312.1061181361542,1382.4430405491821
55.94378646377175,-3.188826982958024,WSW,55.94367165874204,-3.1891041468177774,1312.1061181361542,1381.1930405491821
55.94367165874204,-3.1891041468177774,WSW,55.94355685371233,-3.189381310677531,1312.1061181361542,1379.9430405491821
55.94355685371233,-3.189381310677531,S,55.94325685371233,-3.189381310677531,1312.1061181361542,1378.6930405491821
55.94325685371233,-3.189381310677531,NNW,55.943534017572084,-3.1894961157072403,1312.1061181361542,1377.4430405491821
55.943534017572084,-3.1894961157072403,SE,55.94332188553773,-3.1892839836728846,1312.1061181361542,1376.1930405491821
55.94332188553773,-3.1892839836728846,SW,55.94310975350337,-3.1894961157072403,1312.1061181361542,1374.9430405491821
55.94310975350337,-3.1894961157072403,N,55.943409753503374,-3.1894961157072403,1312.1061181361542,1373.6930405491821
55.943409753503374,-3.1894961157072403,NW,55.94362188553773,-3.189708247741596,1312.1061181361542,1372.4430405491821
55.94362188553773,-3.189708247741596,WSW,55.94350708050802,-3.1899854116013495,1312.1061181361542,1371.1930405491821
55.94350708050802,-3.1899854116013495,SSW,55.943229916648264,-3.190100216631059,1324.922280012272,1370.104253893081
55.943229916648264,-3.190100216631059,SW,55.94301778461391,-3.190312348665415,1324.922280012272,1368.854253893081
55.94301778461391,-3.190312348665415,SW,55.94280565257955,-3.1905244806997706,1416.3002438390433,1489.7792125746084
55.94280565257955,-3.1905244806997706,NW,55.94301778461391,-3.1907366127341263,1416.3002438390433,1488.5292125746084
55.94301778461391,-3.1907366127341263,NW,55.943229916648264,-3.190948744768482,1416.3002438390433,1487.2792125746084
55.943229916648264,-3.190948744768482,NNW,55.94350708050802,-3.1910635497981916,1450.5394327078943,1488.278669903534
55.94350708050802,-3.1910635497981916,WNW,55.94362188553773,-3.191340713657945,1450.5394327078943,1487.028669903534
55.94362188553773,-3.191340713657945,WNW,55.94373669056744,-3.1916178775176984,1450.5394327078943,1485.778669903534
55.94373669056744,-3.1916178775176984,WNW,55.94385149559715,-3.191895041377452,1505.3159092930673,1564.289962003628
55.94385149559715,-3.191895041377452,SW,55.943639363562795,-3.1921071734118076,1505.3159092930673,1563.039962003628
55.943639363562795,-3.1921071734118076,SW,55.94342723152844,-3.1923193054461634,1625.6138486063196,1603.5712206792848
55.94342723152844,-3.1923193054461634,N,55.94372723152844,-3.1923193054461634,1625.6138486063196,1602.3212206792848
55.94372723152844,-3.1923193054461634,NE,55.9439393635628,-3.1921071734118076,1625.6138486063196,1601.0712206792848
55.9439393635628,-3.1921071734118076,N,55.9442393635628,-3.1921071734118076,1625.6138486063196,1599.8212206792848
55.9442393635628,-3.1921071734118076,NE,55.94445149559716,-3.191895041377452,1625.6138486063196,1598.5712206792848
55.94445149559716,-3.191895041377452,NNW,55.94472865945691,-3.1920098464071613,1625.6138486063196,1597.3212206792848
55.94472865945691,-3.1920098464071613,N,55.945028659456916,-3.1920098464071613,1631.5579167078872,1681.9708174224895
55.945028659456916,-3.1920098464071613,ENE,55.94514346448663,-3.191732682547408,1631.5579167078872,1680.7208174224895
55.94514346448663,-3.191732682547408,ENE,55.94525826951634,-3.1914555186876545,1739.8653773712078,1761.8994728742737
55.94525826951634,-3.1914555186876545,E,55.94525826951634,-3.1911555186876543,1739.8653773712078,1760.6494728742737
55.94525826951634,-3.1911555186876543,E,55.94525826951634,-3.190855518687654,1837.9438560292028,1781.252691675081
55.94525826951634,-3.190855518687654,E,55.94525826951634,-3.190555518687654,1837.9438560292028,1780.002691675081
55.94525826951634,-3.190555518687654,E,55.94525826951634,-3.190255518687654,1851.8841629324909,1829.5817964283417
55.94525826951634,-3.190255518687654,ENE,55.94537307454605,-3.1899783548279004,1851.8841629324909,1828.3317964283417
55.94537307454605,-3.1899783548279004,NNW,55.945650238405804,-3.19009315985761,1851.8841629324909,1827.0817964283417
55.945650238405804,-3.19009315985761,NNW,55.94592740226556,-3.1902079648873194,1964.8502965841149,1906.519858711636
55.94592740226556,-3.1902079648873194,SW,55.945715270231204,-3.190420096921675,1964.8502965841149,1905.269858711636
55.945715270231204,-3.190420096921675,SW,55.94550313819685,-3.190632228956031,1964.8502965841149,1904.019858711636
55.94550313819685,-3.190632228956031,WNW,55.94561794322656,-3.1909093928157843,1964.8502965841149,1902.769858711636
55.94561794322656,-3.1909093928157843,WNW,55.94573274825627,-3.1911865566755377,1964.8502965841149,1901.519858711636
55.94573274825627,-3.1911865566755377,WNW,55.94584755328598,-3.191463720535291,1964.8502965841149,1900.269858711636
55.94584755328598,-3.191463720535291,NW,55.946059685320336,-3.191675852569647,2017.3661361072982,1976.2444800340777
55.946059685320336,-3.191675852569647,ESE,55.945944880290625,-3.1913986887098935,2017.3661361072982,1974.9944800340777
55.945944880290625,-3.1913986887098935,SE,55.94573274825627,-3.1911865566755377,2017.3661361072982,1973.7444800340777
55.94573274825627,-3.1911865566755377,SE,55.94552061622191,-3.190974424641182,2017.3661361072982,1972.4944800340777
55.94552061622191,-3.190974424641182,SE,55.94530848418756,-3.190762292606826,2017.3661361072982,1971.2444800340777
55.94530848418756,-3.190762292606826,SE,55.9450963521532,-3.1905501605724704,2017.3661361072982,1969.9944800340777
55.9450963521532,-3.1905501605724704,SSE,55.944819188293444,-3.190435355542761,2017.3661361072982,1968.7444800340777
55.944819188293444,-3.190435355542761,SE,55.94460705625909,-3.190223223508405,2040.12701228382,2069.8638571585357
55.94460705625909,-3.190223223508405,ESE,55.94449225122938,-3.1899460596486517,2040.12701228382,2068.6138571585357
55.94449225122938,-3.1899460596486517,ESE,55.94437744619967,-3.1896688957888983,2040.12701228382,2067.3638571585357
55.94437744619967,-3.1896688957888983,ESE,55.944262641169956,-3.189391731929145,2040.12701228382,2066.1138571585357
55.944262641169956,-3.189391731929145,ESE,55.944147836140246,-3.1891145680693915,2040.12701228382,2064.8638571585357
55.944147836140246,-3.1891145680693915,ESE,55.944033031110536,-3.188837404209638,2040.12701228382,2063.6138571585357
55.944033031110536,-3.188837404209638,ESE,55.943918226080825,-3.1885602403498847,2040.12701228382,2062.3638571585357
55.943918226080825,-3.1885602403498847,ENE,55.944033031110536,-3.1882830764901313,2040.12701228382,2061.1138571585357
55.944033031110536,-3.1882830764901313,ESE,55.943918226080825,-3.188005912630378,2040.12701228382,2059.8638571585357
55.943918226080825,-3.188005912630378,N,55.94421822608083,-3.188005912630378,2040.12701228382,2058.6138571585357
55.94421822608083,-3.188005912630378,ESE,55.94410342105112,-3.1877287487706245,2040.12701228382,2057.3638571585357
55.94410342105112,-3.1877287487706245,ESE,55.94398861602141,-3.187451584910871,2040.12701228382,2056.1138571585357
55.94398861602141,-3.187451584910871,ESE,55.9438738109917,-3.1871744210511177,2040.12701228382,2054.8638571585357
55.9438738109917,-3.1871744210511177,ESE,55.94375900596199,-3.1868972571913643,2040.12701228382,2053.6138571585357
55.94375900596199,-3.1868972571913643,ESE,55.943644200932276,-3.186620093331611,2040.12701228382,2052.3638571585357
55.943644200932276,-3.186620093331611,ESE,55.943529395902566,-3.1863429294718575,2040.12701228382,2051.1138571585357
55.943529395902566,-3.1863429294718575,ESE,55.943414590872855,-3.186065765612104,2040.12701228382,2049.8638571585357
55.943414590872855,-3.186065765612104,ENE,55.943529395902566,-3.1857886017523507,2040.12701228382,2048.6138571585357
55.943529395902566,-3.1857886017523507,ESE,55.943414590872855,-3.1855114378925973,2040.12701228382,2047.3638571585357
55.943414590872855,-3.1855114378925973,ESE,55.943299785843145,-3.185234274032844,2071.868888697441,2065.003682393026
55.943299785843145,-3.185234274032844,E,55.943299785843145,-3.1849342740328437,2137.330846083315,2104.1641804548535
55.943299785843145,-3.1849342740328437,E,55.943299785843145,-3.1846342740328435,2169.316930741453,2225.3471347120203
55.943299785843145,-3.1846342740328435,SSW,55.94302262198339,-3.184749079062553,2262.5436513440995,2330.7482448315095
55.94302262198339,-3.184749079062553,NNE,55.943299785843145,-3.1846342740328435,2262.5436513440995,2329.4982448315095
55.943299785843145,-3.1846342740328435,SSW,55.94302262198339,-3.184749079062553,2262.5436513440995,2328.2482448315095
55.94302262198339,-3.184749079062553,NNE,55.943299785843145,-3.1846342740328435,2262.5436513440995,2326.9982448315095
55.943299785843145,-3.1846342740328435,SSW,55.94302262198339,-3.184749079062553,2262.5436513440995,2325.7482448315095
55.94302262198339,-3.184749079062553,NNE,55.943299785843145,-3.1846342740328435,2262.5436513440995,2324.4982448315095
55.943299785843145,-3.1846342740328435,SSW,55.94302262198339,-3.184749079062553,2262.5436513440995,2323.2482448315095
55.94302262198339,-3.184749079062553,NNE,55.943299785843145,-3.1846342740328435,2262.5436513440995,2321.9982448315095
55.943299785843145,-3.1846342740328435,SSW,55.94302262198339,-3.184749079062553,2262.5436513440995,2320.7482448315095
55.94302262198339,-3.184749079062553,NNE,55.943299785843145,-3.1846342740328435,2262.5436513440995,2319.4982448315095
55.943299785843145,-3.1846342740328435,SSW,55.94302262198339,-3.184749079062553,2262.5436513440995,2318.2482448315095
55.94302262198339,-3.184749079062553,NNE,55.943299785843145,-3.1846342740328435,2262.5436513440995,2316.9982448315095
55.943299785843145,-3.1846342740328435,SSW,55.94302262198339,-3.184749079062553,2262.5436513440995,2315.7482448315095
55.94302262198339,-3.184749079062553,NNE,55.943299785843145,-3.1846342740328435,2262.5436513440995,2314.4982448315095
55.943299785843145,-3.1846342740328435,SSW,55.94302262198339,-3.184749079062553,2262.5436513440995,2313.2482448315095
55.94302262198339,-3.184749079062553,NNE,55.943299785843145,-3.1846342740328435,2262.5436513440995,2311.9982448315095
55.943299785843145,-3.1846342740328435,SSW,55.94302262198339,-3.184749079062553,2262.5436513440995,2310.7482448315095
55.94302262198339,-3.184749079062553,NNE,55.943299785843145,-3.1846342740328435,2262.5436513440995,2309.4982448315095
55.943299785843145,-3.1846342740328435,SSW,55.94302262198339,-3.184749079062553,2262.5436513440995,2308.2482448315095
55.94302262198339,-3.184749079062553,NNE,55.943299785843145,-3.1846342740328435,2262.5436513440995,2306.9982448315095
55.943299785843145,-3.1846342740328435,SSW,55.94302262198339,-3.184749079062553,2262.5436513440995,2305.7482448315095
55.94302262198339,-3.184749079062553,NNE,55.943299785843145,-3.1846342740328435,2262.5436513440995,2304.4982448315095
55.943299785843145,-3.1846342740328435,SSW,55.94302262198339,-3.184749079062553,2262.5436513440995,2303.2482448315095
55.94302262198339,-3.184749079062553,NNE,55.943299785843145,-3.1846342740328435,2262.5436513440995,2301.9982448315095
55.943299785843145,-3.1846342740328435,SSW,55.94302262198339,-3.184749079062553,2262.5436513440995,2300.7482448315095
55.94302262198339,-3.184749079062553,NNE,55.943299785843145,-3.1846342740328435,2262.5436513440995,2299.4982448315095
55.943299785843145,-3.1846342740328435,SSW,55.94302262198339,-3.184749079062553,2262.5436513440995,2298.2482448315095
55.94302262198339,-3.184749079062553,NNE,55.943299785843145,-3.1846342740328435,2262.5436513440995,2296.9982448315095
55.943299785843145,-3.1846342740328435,SSW,55.94302262198339,-3.184749079062553,2262.5436513440995,2295.7482448315095
55.94302262198339,-3.184749079062553,NNE,55.943299785843145,-3.1846342740328435,2262.5436513440995,2294.4982448315095
55.943299785843145,-3.1846342740328435,SSW,55.94302262198339,-3.184749079062553,2262.5436513440995,2293.2482448315095
55.94302262198339,-3.184749079062553,NNE,55.943299785843145,-3.1846342740328435,2262.5436513440995,2291.9982448315095
55.943299785843145,-3.1846342740328435,SSW,55.94302262198339,-3.184749079062553,2262.5436513440995,2290.7482448315095
55.94302262198339,-3.184749079062553,NNE,55.943299785843145,-3.1846342740328435,2262.5436513440995,2289.4982448315095
55.943299785843145,-3.1846342740328435,SSW,55.94302262198339,-3.184749079062553,2262.5436513440995,2288.2482448315095
55.94302262198339,-3.184749079062553,NNE,55.943299785843145,-3.1846342740328435,2262.5436513440995,2286.9982448315095
55.943299785843145,-3.1846342740328435,SSW,55.94302262198339,-3.184749079062553,2262.5436513440995,2285.7482448315095
55.94302262198339,-3.184749079062553,NNE,55.943299785843145,-3.1846342740328435,2262.5436513440995,2284.4982448315095
55.943299785843145,-3.1846342740328435,SSW,55.94302262198339,-3.184749079062553,2262.5436513440995,2283.2482448315095
55.94302262198339,-3.184749079062553,NNE,55.943299785843145,-3.1846342740328435,2262.5436513440995,2281.9982448315095
55.943299785843145,-3.1846342740328435,SSW,55.94302262198339,-3.184749079062553,2262.5436513440995,2280.7482448315095
55.94302262198339,-3.184749079062553,NNE,55.943299785843145,-3.1846342740328435,2262.5436513440995,2279.4982448315095
55.943299785843145,-3.1846342740328435,SSW,55.94302262198339,-3.184749079062553,2262.5436513440995,2278.2482448315095
55.94302262198339,-3.184749079062553,NNE,55.943299785843145,-3.1846342740328435,2262.5436513440995,2276.9982448315095
55.943299785843145,-3.1846342740328435,SSW,55.94302262198339,-3.184749079062553,2262.5436513440995,2275.7482448315095
55.94302262198339,-3.184749079062553,NNE,55.943299785843145,-3.1846342740328435,2262.5436513440995,2274.4982448315095
55.943299785843145,-3.1846342740328435,SSW,55.94302262198339,-3.184749079062553,2262.5436513440995,2273.2482448315095
55.94302262198339,-3.184749079062553,NNE,55.943299785843145,-3.1846342740328435,2262.5436513440995,2271.9982448315095
55.943299785843145,-3.1846342740328435,SSW,55.94302262198339,-3.184749079062553,2262.5436513440995,2270.7482448315095
55.94302262198339,-3.184749079062553,NNE,55.943299785843145,-3.1846342740328435,2262.5436513440995,2269.4982448315095
55.943299785843145,-3.1846342740328435,SSW,55.94302262198339,-3.184749079062553,2262.5436513440995,2268.2482448315095
55.94302262198339,-3.184749079062553,NNE,55.943299785843145,-3.1846342740328435,2262.5436513440995,2266.9982448315095
55.943299785843145,-3.1846342740328435,SSW,55.94302262198339,-3.184749079062553,2262.5436513440995,2265.7482448315095
55.94302262198339,-3.184749079062553,NNE,55.943299785843145,-3.1846342740328435,2262.5436513440995,2264.4982448315095
55.943299785843145,-3.1846342740328435,SSW,55.94302262198339,-3.184749079062553,2262.5436513440995,2263.2482448315095
55.94302262198339,-3.184749079062553,NNE,55.943299785843145,-3.1846342740328435,2262.5436513440995,2261.9982448315095
55.943299785843145,-3.1846342740328435,SSW,55.94302262198339,-3.184749079062553,2262.5436513440995,2260.7482448315095
55.94302262198339,-3.184749079062553,NNE,55.943299785843145,-3.1846342740328435,2262.5436513440995,2259.4982448315095
55.943299785843145,-3.1846342740328435,SSW,55.94302262198339,-3.184749079062553,2262.5436513440995,2258.2482448315095
55.94302262198339,-3.184749079062553,NNE,55.943299785843145,-3.1846342740328435,2262.5436513440995,2256.9982448315095
55.943299785843145,-3.1846342740328435,SSW,55.94302262198339,-3.184749079062553,2262.5436513440995,2255.7482448315095
55.94302262198339,-3.184749079062553,NNE,55.943299785843145,-3.1846342740328435,2262.5436513440995,2254.4982448315095
55.943299785843145,-3.1846342740328435,SSW,55.94302262198339,-3.184749079062553,2262.5436513440995,2253.2482448315095
55.94302262198339,-3.184749079062553,NNE,55.943299785843145,-3.1846342740328435,2262.5436513440995,2251.9982448315095
55.943299785843145,-3.1846342740328435,SSW,55.94302262198339,-3.184749079062553,2262.5436513440995,2250.7482448315095
55.94302262198339,-3.184749079062553,NNE,55.943299785843145,-3.1846342740328435,2262.5436513440995,2249.4982448315095
55.943299785843145,-3.1846342740328435,SSW,55.94302262198339,-3.184749079062553,2262.5436513440995,2248.2482448315095
55.94302262198339,-3.184749079062553,NNE,55.943299785843145,-3.1846342740328435,2262.5436513440995,2246.9982448315095
55.943299785843145,-3.1846342740328435,SSW,55.94302262198339,-3.184749079062553,2262.5436513440995,2245.7482448315095
55.94302262198339,-3.184749079062553,NNE,55.943299785843145,-3.1846342740328435,2262.5436513440995,2244.4982448315095
55.943299785843145,-3.1846342740328435,SSW,55.94302262198339,-3.184749079062553,2262.5436513440995,2243.2482448315095
55.94302262198339,-3.184749079062553,NNE,55.943299785843145,-3.1846342740328435,2262.5436513440995,2241.9982448315095
55.943299785843145,-3.1846342740328435,SSW,55.94302262198339,-3.184749079062553,2262.5436513440995,2240.7482448315095
55.94302262198339,-3.184749079062553,NNE,55.943299785843145,-3.1846342740328435,2262.5436513440995,2239.4982448315095
55.943299785843145,-3.1846342740328435,SSW,55.94302262198339,-3.184749079062553,2262.5436513440995,2238.2482448315095
55.94302262198339,-3.184749079062553,NNE,55.943299785843145,-3.1846342740328435,2262.5436513440995,2236.9982448315095
55.943299785843145,-3.1846342740328435,SSW,55.94302262198339,-3.184749079062553,2262.5436513440995,2235.7482448315095
55.94302262198339,-3.184749079062553,NNE,55.943299785843145,-3.1846342740328435,2262.5436513440995,2234.4982448315095
55.943299785843145,-3.1846342740328435,SSW,55.94302262198339,-3.184749079062553,2262.5436513440995,2233.2482448315095
55.94302262198339,-3.184749079062553,NNE,55.943299785843145,-3.1846342740328435,2262.5436513440995,2231.9982448315095
55.943299785843145,-3.1846342740328435,SSW,55.94302262198339,-3.184749079062553,2262.5436513440995,2230.7482448315095
55.94302262198339,-3.184749079062553,NNE,55.943299785843145,-3.1846342740328435,2262.5436513440995,2229.4982448315095
55.943299785843145,-3.1846342740328435,SSW,55.94302262198339,-3.184749079062553,2262.5436513440995,2228.2482448315095
55.94302262198339,-3.184749079062553,NNE,55.943299785843145,-3.1846342740328435,2262.5436513440995,2226.9982448315095
55.943299785843145,-3.1846342740328435,SSW,55.94302262198339,-3.184749079062553,2262.5436513440995,2225.7482448315095
55.94302262198339,-3.184749079062553,NNE,55.943299785843145,-3.1846342740328435,2262.5436513440995,2224.4982448315095
55.943299785843145,-3.1846342740328435,SSW,55.94302262198339,-3.184749079062553,2262.5436513440995,2223.2482448315095
55.94302262198339,-3.184749079062553,NNE,55.943299785843145,-3.1846342740328435,2262.5436513440995,2221.9982448315095
55.943299785843145,-3.1846342740328435,SSW,55.94302262198339,-3.184749079062553,2262.5436513440995,2220.7482448315095
55.94302262198339,-3.184749079062553,NNE,55.943299785843145,-3.1846342740328435,2262.5436513440995,2219.4982448315095
55.943299785843145,-3.1846342740328435,SSW,55.94302262198339,-3.184749079062553,2262.5436513440995,2218.2482448315095
55.94302262198339,-3.184749079062553,NNE,55.943299785843145,-3.1846342740328435,2262.5436513440995,2216.9982448315095
55.943299785843145,-3.1846342740328435,SSW,55.94302262198339,-3.184749079062553,2262.5436513440995,2215.7482448315095
55.94302262198339,-3.184749079062553,NNE,55.943299785843145,-3.1846342740328435,2262.5436513440995,2214.4982448315095
55.943299785843145,-3.1846342740328435,SSW,55.94302262198339,-3.184749079062553,2262.5436513440995,2213.2482448315095
55.94302262198339,-3.184749079062553,NNE,55.943299785843145,-3.1846342740328435,2262.5436513440995,2211.9982448315095
55.943299785843145,-3.1846342740328435,SSW,55.94302262198339,-3.184749079062553,2262.5436513440995,2210.7482448315095
55.94302262198339,-3.184749079062553,NNE,55.943299785843145,-3.1846342740328435,2262.5436513440995,2209.4982448315095
55.943299785843145,-3.1846342740328435,SSW,55.94302262198339,-3.184749079062553,2262.5436513440995,2208.2482448315095
55.94302262198339,-3.184749079062553,NNE,55.943299785843145,-3.1846342740328435,2262.5436513440995,2206.9982448315095
55.943299785843145,-3.1846342740328435,SSW,55.94302262198339,-3.184749079062553,2262.5436513440995,2205.7482448315095
55.94302262198339,-3.184749079062553,NNE,55.943299785843145,-3.1846342740328435,2262.5436513440995,2204.4982448315095
55.943299785843145,-3.1846342740328435,SSW,55.94302262198339,-3.184749079062553,2262.5436513440995,2203.2482448315095
55.94302262198339,-3.184749079062553,NNE,55.943299785843145,-3.1846342740328435,2262.5436513440995,2201.9982448315095
55.943299785843145,-3.1846342740328435,SSW,55.94302262198339,-3.184749079062553,2262.5436513440995,2200.7482448315095
55.94302262198339,-3.184749079062553,NNE,55.943299785843145,-3.1846342740328435,2262.5436513440995,2199.4982448315095
55.943299785843145,-3.1846342740328435,SSW,55.94302262198339,-3.184749079062553,2262.5436513440995,2198.2482448315095
55.94302262198339,-3.184749079062553,NNE,55.943299785843145,-3.1846342740328435,2262.5436513440995,2196.9982448315095
55.943299785843145,-3.1846342740328435,SSW,55.94302262198339,-3.184749079062553,2262.5436513440995,2195.7482448315095
55.94302262198339,-3.184749079062553,NNE,55.943299785843145,-3.1846342740328435,2262.5436513440995,2194.4982448315095
55.943299785843145,-3.1846342740328435,SSW,55.94302262198339,-3.184749079062553,2262.5436513440995,2193.2482448315095
55.94302262198339,-3.184749079062553,NNE,55.943299785843145,-3.1846342740328435,2262.5436513440995,2191.9982448315095
55.943299785843145,-3.1846342740328435,SSW,55.94302262198339,-3.184749079062553,2262.5436513440995,2190.7482448315095
55.94302262198339,-3.184749079062553,NNE,55.943299785843145,-3.1846342740328435,2262.5436513440995,2189.4982448315095
55.943299785843145,-3.1846342740328435,SSW,55.94302262198339,-3.184749079062553,2262.5436513440995,2188.2482448315095
55.94302262198339,-3.184749079062553,NNE,55.943299785843145,-3.1846342740328435,2262.5436513440995,2186.9982448315095
55.943299785843145,-3.1846342740328435,SSW,55.94302262198339,-3.184749079062553,2262.5436513440995,2185.7482448315095
55.94302262198339,-3.184749079062553,NNE,55.943299785843145,-3.1846342740328435,2262.5436513440995,2184.4982448315095
55.943299785843145,-3.1846342740328435,SSW,55.94302262198339,-3.184749079062553,2262.5436513440995,2183.2482448315095
55.94302262198339,-3.184749079062553,NNE,55.943299785843145,-3.1846342740328435,2262.5436513440995,2181.9982448315095
55.943299785843145,-3.1846342740328435,SSW,55.94302262198339,-3.184749079062553,2262.5436513440995,2180.7482448315095
55.94302262198339,-3.184749079062553,NNE,55.943299785843145,-3.1846342740328435,2262.5436513440995,2179.4982448315095
