55.944425,-3.188396,NNW,55.94470216385976,-3.1885108050297095,0.0,248.75
55.94470216385976,-3.1885108050297095,NNW,55.944979327719516,-3.188625610059419,0.0,247.5
55.944979327719516,-3.188625610059419,NW,55.94519145975387,-3.188837742093775,0.0,246.25
55.94519145975387,-3.188837742093775,NNW,55.94546862361363,-3.1889525471234843,38.40213101046579,348.142285291434
55.94546862361363,-3.1889525471234843,ENE,55.94558342864334,-3.188675383263731,38.40213101046579,346.892285291434
55.94558342864334,-3.188675383263731,SE,55.94537129660898,-3.188463251229375,38.40213101046579,345.642285291434
55.94537129660898,-3.188463251229375,E,55.94537129660898,-3.188163251229375,38.40213101046579,344.392285291434
55.94537129660898,-3.188163251229375,ENE,55.94548610163869,-3.1878860873696215,38.40213101046579,343.142285291434
55.94548610163869,-3.1878860873696215,NNE,55.94576326549845,-3.187771282339912,137.03993354054808,457.67177519708554
55.94576326549845,-3.187771282339912,E,55.94576326549845,-3.187471282339912,137.03993354054808,456.42177519708554
55.94576326549845,-3.187471282339912,E,55.94576326549845,-3.1871712823399116,180.70816446805463,577.8315099991927
55.94576326549845,-3.1871712823399116,SSE,55.94548610163869,-3.187056477310202,180.70816446805463,576.5815099991927
55.94548610163869,-3.187056477310202,SE,55.94527396960434,-3.1868443452758464,180.70816446805463,575.3315099991927
55.94527396960434,-3.1868443452758464,SSE,55.94499680574458,-3.186729540246137,180.70816446805463,574.0815099991927
55.94499680574458,-3.186729540246137,SE,55.944784673710224,-3.186517408211781,222.08417596662255,660.9020781038921
55.944784673710224,-3.186517408211781,SSE,55.94450750985047,-3.1864026031820716,222.08417596662255,659.6520781038921
55.94450750985047,-3.1864026031820716,SSE,55.94423034599071,-3.186287798152362,273.17572847568863,746.6055340888137
55.94423034599071,-3.186287798152362,ESE,55.944115540961,-3.1860106342926087,273.17572847568863,745.3555340888137
55.944115540961,-3.1860106342926087,SE,55.943903408926644,-3.185798502258253,273.17572847568863,744.1055340888137
55.943903408926644,-3.185798502258253,ESE,55.943788603896934,-3.1855213383984995,371.6938638277268,826.2379571946011
55.943788603896934,-3.1855213383984995,ESE,55.94367379886722,-3.185244174538746,371.6938638277268,824.9879571946011
55.94367379886722,-3.185244174538746,E,55.94367379886722,-3.184944174538746,459.223657190841,909.772887520447
55.94367379886722,-3.184944174538746,ENE,55.943788603896934,-3.1846670106789925,474.04320887331846,939.6452078300232
55.943788603896934,-3.1846670106789925,SSW,55.94351144003718,-3.184781815708702,474.04320887331846,938.3952078300232
55.94351144003718,-3.184781815708702,SW,55.94329930800282,-3.1849939477430578,526.2013651790376,949.6550198616515
55.94329930800282,-3.1849939477430578,N,55.943599308002824,-3.1849939477430578,526.2013651790376,948.4050198616515
55.943599308002824,-3.1849939477430578,N,55.94389930800283,-3.1849939477430578,526.2013651790376,947.1550198616515
55.94389930800283,-3.1849939477430578,N,55.94419930800283,-3.1849939477430578,526.2013651790376,945.9050198616515
55.94419930800283,-3.1849939477430578,NNE,55.944476471862586,-3.1848791427133483,526.2013651790376,944.6550198616515
55.944476471862586,-3.1848791427133483,N,55.94477647186259,-3.1848791427133483,526.2013651790376,943.4050198616515
55.94477647186259,-3.1848791427133483,NNE,55.945053635722346,-3.1847643376836388,526.984966413954,1022.81981088682
55.945053635722346,-3.1847643376836388,NE,55.9452657677567,-3.184552205649283,557.3151844328198,1145.0039125398998
55.9452657677567,-3.184552205649283,N,55.945565767756705,-3.184552205649283,557.3151844328198,1143.7539125398998
55.945565767756705,-3.184552205649283,N,55.94586576775671,-3.184552205649283,580.4107178371236,1189.5540543611075
55.94586576775671,-3.184552205649283,N,55.94616576775671,-3.184552205649283,589.814243220411,1253.545306518457
55.94616576775671,-3.184552205649283,WSW,55.946050962727,-3.1848293695090364,672.4051211092561,1362.8500440911812
55.946050962727,-3.1848293695090364,SW,55.945838830692644,-3.185041501543392,672.4051211092561,1361.6000440911812
55.945838830692644,-3.185041501543392,SW,55.94562669865829,-3.185253633577748,672.4051211092561,1360.3500440911812
55.94562669865829,-3.185253633577748,SW,55.94541456662393,-3.1854657656121037,672.4051211092561,1359.1000440911812
55.94541456662393,-3.1854657656121037,SW,55.945202434589575,-3.1856778976464595,672.4051211092561,1357.8500440911812
55.945202434589575,-3.1856778976464595,SW,55.94499030255522,-3.1858900296808152,672.4051211092561,1356.6000440911812
55.94499030255522,-3.1858900296808152,WSW,55.94487549752551,-3.1861671935405687,672.4051211092561,1355.3500440911812
55.94487549752551,-3.1861671935405687,SSW,55.94459833366575,-3.186281998570278,672.4051211092561,1354.1000440911812
55.94459833366575,-3.186281998570278,SSW,55.944321169805995,-3.1863968035999877,672.4051211092561,1352.8500440911812
55.944321169805995,-3.1863968035999877,SW,55.94410903777164,-3.1866089356343434,672.4051211092561,1351.6000440911812
55.94410903777164,-3.1866089356343434,SSW,55.94383187391188,-3.186723740664053,672.4051211092561,1350.3500440911812
55.94383187391188,-3.186723740664053,SSW,55.943554710052126,-3.1868385456937625,672.4051211092561,1349.1000440911812
55.943554710052126,-3.1868385456937625,SSW,55.94327754619237,-3.186953350723472,672.4051211092561,1347.8500440911812
55.94327754619237,-3.186953350723472,SW,55.94306541415801,-3.1871654827578277,672.4051211092561,1346.6000440911812
55.94306541415801,-3.1871654827578277,SSW,55.94278825029826,-3.1872802877875372,744.2395437143738,1365.8430288293353
55.94278825029826,-3.1872802877875372,W,55.94278825029826,-3.1875802877875374,744.2395437143738,1364.5930288293353
55.94278825029826,-3.1875802877875374,W,55.94278825029826,-3.1878802877875376,744.2395437143738,1363.3430288293353
55.94278825029826,-3.1878802877875376,W,55.94278825029826,-3.188180287787538,744.2395437143738,1362.0930288293353
55.94278825029826,-3.188180287787538,W,55.94278825029826,-3.188480287787538,744.2395437143738,1360.8430288293353
55.94278825029826,-3.188480287787538,NNW,55.94306541415801,-3.1885950928172475,744.2395437143738,1359.5930288293353
55.94306541415801,-3.1885950928172475,NNW,55.94334257801777,-3.188709897846957,744.2395437143738,1358.3430288293353
55.94334257801777,-3.188709897846957,W,55.94334257801777,-3.189009897846957,744.2395437143738,1357.0930288293353
55.94334257801777,-3.189009897846957,W,55.94334257801777,-3.1893098978469574,744.2395437143738,1355.8430288293353
55.94334257801777,-3.1893098978469574,SSE,55.94306541415801,-3.189195092817248,744.2395437143738,1354.5930288293353
55.94306541415801,-3.189195092817248,W,55.94306541415801,-3.189495092817248,744.2395437143738,1353.3430288293353
55.94306541415801,-3.189495092817248,W,55.94306541415801,-3.1897950928172483,744.2395437143738,1352.0930288293353
55.94306541415801,-3.1897950928172483,WNW,55.943180219187724,-3.1900722566770017,744.2395437143738,1350.8430288293353
55.943180219187724,-3.1900722566770017,W,55.943180219187724,-3.190372256677002,744.2395437143738,1349.5930288293353
55.943180219187724,-3.190372256677002,WNW,55.943295024217434,-3.1906494205367553,797.632892870644,1364.1685449409551
55.943295024217434,-3.1906494205367553,NNW,55.94357218807719,-3.1907642255664648,854.1343461685063,1372.7020061128849
55.94357218807719,-3.1907642255664648,N,55.943872188077194,-3.1907642255664648,861.3070099179582,1470.3996652738742
55.943872188077194,-3.1907642255664648,WNW,55.943986993106904,-3.191041389426218,907.0288088202195,1566.8851556096042
55.943986993106904,-3.191041389426218,W,55.943986993106904,-3.1913413894262184,907.0288088202195,1565.6351556096042
55.943986993106904,-3.1913413894262184,WNW,55.944101798136614,-3.1916185532859718,1006.8760769434822,1677.4928740439593
55.944101798136614,-3.1916185532859718,NE,55.94431393017097,-3.191406421251616,1006.8760769434822,1676.2428740439593
55.94431393017097,-3.191406421251616,NE,55.94452606220533,-3.1911942892172602,1070.1766973719873,1790.661263458697
55.94452606220533,-3.1911942892172602,NE,55.94473819423968,-3.1909821571829045,1138.7123031894473,1799.7431876764351
55.94473819423968,-3.1909821571829045,NE,55.94495032627404,-3.1907700251485487,1168.6366352558875,1888.0647569373796
55.94495032627404,-3.1907700251485487,NNE,55.945227490133796,-3.190655220118839,1168.6366352558875,1886.8147569373796
55.945227490133796,-3.190655220118839,NNE,55.94550465399355,-3.1905404150891297,1168.6366352558875,1885.5647569373796
55.94550465399355,-3.1905404150891297,N,55.945804653993555,-3.1905404150891297,1275.530071236398,1956.8400778719051
55.945804653993555,-3.1905404150891297,WSW,55.945689848963845,-3.190817578948883,1275.530071236398,1955.5900778719051
55.945689848963845,-3.190817578948883,WSW,55.945575043934134,-3.1910947428086365,1275.530071236398,1954.3400778719051
55.945575043934134,-3.1910947428086365,SW,55.94536291189978,-3.1913068748429922,1275.530071236398,1953.0900778719051
55.94536291189978,-3.1913068748429922,SSE,55.94508574804002,-3.1911920698132827,1275.530071236398,1951.8400778719051
55.94508574804002,-3.1911920698132827,S,55.94478574804002,-3.1911920698132827,1275.530071236398,1950.5900778719051
55.94478574804002,-3.1911920698132827,NNE,55.945062911899775,-3.1910772647835732,1275.530071236398,1949.3400778719051
55.945062911899775,-3.1910772647835732,SW,55.94485077986542,-3.191289396817929,1275.530071236398,1948.0900778719051
55.94485077986542,-3.191289396817929,NNE,55.945127943725176,-3.1911745917882195,1275.530071236398,1946.8400778719051
55.945127943725176,-3.1911745917882195,N,55.94542794372518,-3.1911745917882195,1275.530071236398,1945.5900778719051
55.94542794372518,-3.1911745917882195,SSE,55.94515077986542,-3.19105978675851,1275.530071236398,1944.3400778719051
55.94515077986542,-3.19105978675851,SW,55.944938647831066,-3.1912719187928658,1275.530071236398,1943.0900778719051
55.944938647831066,-3.1912719187928658,NNE,55.94521581169082,-3.1911571137631563,1275.530071236398,1941.8400778719051
55.94521581169082,-3.1911571137631563,NW,55.94542794372518,-3.191369245797512,1275.530071236398,1940.5900778719051
55.94542794372518,-3.191369245797512,WSW,55.94531313869547,-3.1916464096572654,1331.7137074079046,2051.216754616458
55.94531313869547,-3.1916464096572654,WSW,55.94519833366576,-3.191923573517019,1331.7137074079046,2049.966754616458
55.94519833366576,-3.191923573517019,WSW,55.94508352863605,-3.1922007373767722,1410.683949443108,2136.065764726561
55.94508352863605,-3.1922007373767722,SSE,55.94480636477629,-3.1920859323470627,1410.683949443108,2134.815764726561
55.94480636477629,-3.1920859323470627,SSE,55.944529200916534,-3.191971127317353,1410.683949443108,2133.565764726561
55.944529200916534,-3.191971127317353,SE,55.94431706888218,-3.1917589952829974,1410.683949443108,2132.315764726561
55.94431706888218,-3.1917589952829974,SSE,55.94403990502242,-3.191644190253288,1410.683949443108,2131.065764726561
55.94403990502242,-3.191644190253288,SE,55.943827772988065,-3.191432058218932,1410.683949443108,2129.815764726561
55.943827772988065,-3.191432058218932,SSE,55.94355060912831,-3.1913172531892227,1495.1038187070635,2202.809650624001
55.94355060912831,-3.1913172531892227,SE,55.94333847709395,-3.191105121154867,1559.1757705283737,2221.01536985277
55.94333847709395,-3.191105121154867,SW,55.943126345059596,-3.1913172531892227,1559.1757705283737,2219.76536985277
55.943126345059596,-3.1913172531892227,SW,55.94291421302524,-3.1915293852235784,1559.1757705283737,2218.51536985277
55.94291421302524,-3.1915293852235784,WSW,55.94279940799553,-3.191806549083332,1677.112754080203,2340.914121598484
55.94279940799553,-3.191806549083332,ENE,55.94291421302524,-3.1915293852235784,1677.112754080203,2339.664121598484
55.94291421302524,-3.1915293852235784,WSW,55.94279940799553,-3.191806549083332,1677.112754080203,2338.414121598484
55.94279940799553,-3.191806549083332,ENE,55.94291421302524,-3.1915293852235784,1677.112754080203,2337.164121598484
55.94291421302524,-3.1915293852235784,WSW,55.94279940799553,-3.191806549083332,1677.112754080203,2335.914121598484
55.94279940799553,-3.191806549083332,ENE,55.94291421302524,-3.1915293852235784,1677.112754080203,2334.664121598484
55.94291421302524,-3.1915293852235784,WSW,55.94279940799553,-3.191806549083332,1677.112754080203,2333.414121598484
55.94279940799553,-3.191806549083332,ENE,55.94291421302524,-3.1915293852235784,1677.112754080203,2332.164121598484
55.94291421302524,-3.1915293852235784,WSW,55.94279940799553,-3.191806549083332,1677.112754080203,2330.914121598484
55.94279940799553,-3.191806549083332,ENE,55.94291421302524,-3.1915293852235784,1677.112754080203,2329.664121598484
55.94291421302524,-3.1915293852235784,WSW,55.94279940799553,-3.191806549083332,1677.112754080203,2328.414121598484
55.94279940799553,-3.191806549083332,ENE,55.94291421302524,-3.1915293852235784,1677.112754080203,2327.164121598484
55.94291421302524,-3.1915293852235784,WSW,55.94279940799553,-3.191806549083332,1677.112754080203,2325.914121598484
55.94279940799553,-3.191806549083332,ENE,55.94291421302524,-3.1915293852235784,1677.112754080203,2324.664121598484
55.94291421302524,-3.1915293852235784,WSW,55.94279940799553,-3.191806549083332,1677.112754080203,2323.414121598484
55.94279940799553,-3.191806549083332,ENE,55.94291421302524,-3.1915293852235784,1677.112754080203,2322.164121598484
55.94291421302524,-3.1915293852235784,WSW,55.94279940799553,-3.191806549083332,1677.112754080203,2320.914121598484
55.94279940799553,-3.191806549083332,ENE,55.94291421302524,-3.1915293852235784,1677.112754080203,2319.664121598484
55.94291421302524,-3.1915293852235784,WSW,55.94279940799553,-3.191806549083332,1677.112754080203,2318.414121598484
55.94279940799553,-3.191806549083332,ENE,55.94291421302524,-3.1915293852235784,1677.112754080203,2317.164121598484
55.94291421302524,-3.1915293852235784,WSW,55.94279940799553,-3.191806549083332,1677.112754080203,2315.914121598484
55.94279940799553,-3.191806549083332,ENE,55.94291421302524,-3.1915293852235784,1677.112754080203,2314.664121598484
55.94291421302524,-3.1915293852235784,WSW,55.94279940799553,-3.191806549083332,1677.112754080203,2313.414121598484
55.94279940799553,-3.191806549083332,ENE,55.94291421302524,-3.1915293852235784,1677.112754080203,2312.164121598484
55.94291421302524,-3.1915293852235784,WSW,55.94279940799553,-3.191806549083332,1677.112754080203,2310.914121598484
55.94279940799553,-3.191806549083332,ENE,55.94291421302524,-3.1915293852235784,1677.112754080203,2309.664121598484
55.94291421302524,-3.1915293852235784,WSW,55.94279940799553,-3.191806549083332,1677.112754080203,2308.414121598484
55.94279940799553,-3.191806549083332,ENE,55.94291421302524,-3.1915293852235784,1677.112754080203,2307.164121598484
55.94291421302524,-3.1915293852235784,WSW,55.94279940799553,-3.191806549083332,1677.112754080203,2305.914121598484
55.94279940799553,-3.191806549083332,ENE,55.94291421302524,-3.1915293852235784,1677.112754080203,2304.664121598484
55.94291421302524,-3.1915293852235784,WSW,55.94279940799553,-3.191806549083332,1677.112754080203,2303.414121598484
55.94279940799553,-3.191806549083332,ENE,55.94291421302524,-3.1915293852235784,1677.112754080203,2302.164121598484
55.94291421302524,-3.1915293852235784,WSW,55.94279940799553,-3.191806549083332,1677.112754080203,2300.914121598484
55.94279940799553,-3.191806549083332,ENE,55.94291421302524,-3.1915293852235784,1677.112754080203,2299.664121598484
55.94291421302524,-3.1915293852235784,WSW,55.94279940799553,-3.191806549083332,1677.112754080203,2298.414121598484
55.94279940799553,-3.191806549083332,ENE,55.94291421302524,-3.1915293852235784,1677.112754080203,2297.164121598484
55.94291421302524,-3.1915293852235784,WSW,55.94279940799553,-3.191806549083332,1677.112754080203,2295.914121598484
55.94279940799553,-3.191806549083332,ENE,55.94291421302524,-3.1915293852235784,1677.112754080203,2294.664121598484
55.94291421302524,-3.1915293852235784,WSW,55.94279940799553,-3.191806549083332,1677.112754080203,2293.414121598484
55.94279940799553,-3.191806549083332,ENE,55.94291421302524,-3.1915293852235784,1677.112754080203,2292.164121598484
55.94291421302524,-3.1915293852235784,WSW,55.94279940799553,-3.191806549083332,1677.112754080203,2290.914121598484
55.94279940799553,-3.191806549083332,ENE,55.94291421302524,-3.1915293852235784,1677.112754080203,2289.664121598484
55.94291421302524,-3.1915293852235784,WSW,55.94279940799553,-3.191806549083332,1677.112754080203,2288.414121598484
55.94279940799553,-3.191806549083332,ENE,55.94291421302524,-3.1915293852235784,1677.112754080203,2287.164121598484
55.94291421302524,-3.1915293852235784,WSW,55.94279940799553,-3.191806549083332,1677.112754080203,2285.914121598484
55.94279940799553,-3.191806549083332,ENE,55.94291421302524,-3.1915293852235784,1677.112754080203,2284.664121598484
55.94291421302524,-3.1915293852235784,WSW,55.94279940799553,-3.191806549083332,1677.112754080203,2283.414121598484
55.94279940799553,-3.191806549083332,ENE,55.94291421302524,-3.1915293852235784,1677.112754080203,2282.164121598484
55.94291421302524,-3.1915293852235784,WSW,55.94279940799553,-3.191806549083332,1677.112754080203,2280.914121598484
55.94279940799553,-3.191806549083332,ENE,55.94291421302524,-3.1915293852235784,1677.112754080203,2279.664121598484
55.94291421302524,-3.1915293852235784,WSW,55.94279940799553,-3.191806549083332,1677.112754080203,2278.414121598484
55.94279940799553,-3.191806549083332,ENE,55.94291421302524,-3.1915293852235784,1677.112754080203,2277.164121598484
55.94291421302524,-3.1915293852235784,WSW,55.94279940799553,-3.191806549083332,1677.112754080203,2275.914121598484
55.94279940799553,-3.191806549083332,ENE,55.94291421302524,-3.1915293852235784,1677.112754080203,2274.664121598484
55.94291421302524,-3.1915293852235784,WSW,55.94279940799553,-3.191806549083332,1677.112754080203,2273.414121598484
55.94279940799553,-3.191806549083332,ENE,55.94291421302524,-3.1915293852235784,1677.112754080203,2272.164121598484
55.94291421302524,-3.1915293852235784,WSW,55.94279940799553,-3.191806549083332,1677.112754080203,2270.914121598484
55.94279940799553,-3.191806549083332,ENE,55.94291421302524,-3.1915293852235784,1677.112754080203,2269.664121598484
55.94291421302524,-3.1915293852235784,WSW,55.94279940799553,-3.191806549083332,1677.112754080203,2268.414121598484
55.94279940799553,-3.191806549083332,ENE,55.94291421302524,-3.1915293852235784,1677.112754080203,2267.164121598484
55.94291421302524,-3.1915293852235784,WSW,55.94279940799553,-3.191806549083332,1677.112754080203,2265.914121598484
55.94279940799553,-3.191806549083332,ENE,55.94291421302524,-3.1915293852235784,1677.112754080203,2264.664121598484
55.94291421302524,-3.1915293852235784,WSW,55.94279940799553,-3.191806549083332,1677.112754080203,2263.414121598484
55.94279940799553,-3.191806549083332,ENE,55.94291421302524,-3.1915293852235784,1677.112754080203,2262.164121598484
55.94291421302524,-3.1915293852235784,WSW,55.94279940799553,-3.191806549083332,1677.112754080203,2260.914121598484
55.94279940799553,-3.191806549083332,ENE,55.94291421302524,-3.1915293852235784,1677.112754080203,2259.664121598484
55.94291421302524,-3.1915293852235784,WSW,55.94279940799553,-3.191806549083332,1677.112754080203,2258.414121598484
55.94279940799553,-3.191806549083332,ENE,55.94291421302524,-3.1915293852235784,1677.112754080203,2257.164121598484
55.94291421302524,-3.1915293852235784,WSW,55.94279940799553,-3.191806549083332,1677.112754080203,2255.914121598484
55.94279940799553,-3.191806549083332,ENE,55.94291421302524,-3.1915293852235784,1677.112754080203,2254.664121598484
55.94291421302524,-3.1915293852235784,WSW,55.94279940799553,-3.191806549083332,1677.112754080203,2253.414121598484
55.94279940799553,-3.191806549083332,ENE,55.94291421302524,-3.1915293852235784,1677.112754080203,2252.164121598484
55.94291421302524,-3.1915293852235784,WSW,55.94279940799553,-3.191806549083332,1677.112754080203,2250.914121598484
55.94279940799553,-3.191806549083332,ENE,55.94291421302524,-3.1915293852235784,1677.112754080203,2249.664121598484
55.94291421302524,-3.1915293852235784,WSW,55.94279940799553,-3.191806549083332,1677.112754080203,2248.414121598484
55.94279940799553,-3.191806549083332,ENE,55.94291421302524,-3.1915293852235784,1677.112754080203,2247.164121598484
55.94291421302524,-3.1915293852235784,WSW,55.94279940799553,-3.191806549083332,1677.112754080203,2245.914121598484
55.94279940799553,-3.191806549083332,ENE,55.94291421302524,-3.1915293852235784,1677.112754080203,2244.664121598484
55.94291421302524,-3.1915293852235784,WSW,55.94279940799553,-3.191806549083332,1677.112754080203,2243.414121598484
55.94279940799553,-3.191806549083332,ENE,55.94291421302524,-3.1915293852235784,1677.112754080203,2242.164121598484
55.94291421302524,-3.1915293852235784,WSW,55.94279940799553,-3.191806549083332,1677.112754080203,2240.914121598484
55.94279940799553,-3.191806549083332,ENE,55.94291421302524,-3.1915293852235784,1677.112754080203,2239.664121598484
55.94291421302524,-3.1915293852235784,WSW,55.94279940799553,-3.191806549083332,1677.112754080203,2238.414121598484
55.94279940799553,-3.191806549083332,ENE,55.94291421302524,-3.1915293852235784,1677.112754080203,2237.164121598484
55.94291421302524,-3.1915293852235784,WSW,55.94279940799553,-3.191806549083332,1677.112754080203,2235.914121598484
55.94279940799553,-3.191806549083332,ENE,55.94291421302524,-3.1915293852235784,1677.112754080203,2234.664121598484
55.94291421302524,-3.1915293852235784,WSW,55.94279940799553,-3.191806549083332,1677.112754080203,2233.414121598484
55.94279940799553,-3.191806549083332,ENE,55.94291421302524,-3.1915293852235784,1677.112754080203,2232.164121598484
55.94291421302524,-3.1915293852235784,WSW,55.94279940799553,-3.191806549083332,1677.112754080203,2230.914121598484
55.94279940799553,-3.191806549083332,ENE,55.94291421302524,-3.1915293852235784,1677.112754080203,2229.664121598484
55.94291421302524,-3.1915293852235784,WSW,55.94279940799553,-3.191806549083332,1677.112754080203,2228.414121598484
55.94279940799553,-3.191806549083332,ENE,55.94291421302524,-3.1915293852235784,1677.112754080203,2227.164121598484
55.94291421302524,-3.1915293852235784,WSW,55.94279940799553,-3.191806549083332,1677.112754080203,2225.914121598484
55.94279940799553,-3.191806549083332,ENE,55.94291421302524,-3.1915293852235784,1677.112754080203,2224.664121598484
55.94291421302524,-3.1915293852235784,WSW,55.94279940799553,-3.191806549083332,1677.112754080203,2223.414121598484
55.94279940799553,-3.191806549083332,ENE,55.94291421302524,-3.1915293852235784,1677.112754080203,2222.164121598484
55.94291421302524,-3.1915293852235784,WSW,55.94279940799553,-3.191806549083332,1677.112754080203,2220.914121598484
55.94279940799553,-3.191806549083332,ENE,55.94291421302524,-3.1915293852235784,1677.112754080203,2219.664121598484
55.94291421302524,-3.1915293852235784,WSW,55.94279940799553,-3.191806549083332,1677.112754080203,2218.414121598484
55.94279940799553,-3.191806549083332,ENE,55.94291421302524,-3.1915293852235784,1677.112754080203,2217.164121598484
55.94291421302524,-3.1915293852235784,WSW,55.94279940799553,-3.191806549083332,1677.112754080203,2215.914121598484
55.94279940799553,-3.191806549083332,ENE,55.94291421302524,-3.1915293852235784,1677.112754080203,2214.664121598484
55.94291421302524,-3.1915293852235784,WSW,55.94279940799553,-3.191806549083332,1677.112754080203,2213.414121598484
55.94279940799553,-3.191806549083332,ENE,55.94291421302524,-3.1915293852235784,1677.112754080203,2212.164121598484
55.94291421302524,-3.1915293852235784,WSW,55.94279940799553,-3.191806549083332,1677.112754080203,2210.914121598484
55.94279940799553,-3.191806549083332,ENE,55.94291421302524,-3.1915293852235784,1677.112754080203,2209.664121598484
55.94291421302524,-3.1915293852235784,WSW,55.94279940799553,-3.191806549083332,1677.112754080203,2208.414121598484
55.94279940799553,-3.191806549083332,ENE,55.94291421302524,-3.1915293852235784,1677.112754080203,2207.164121598484
55.94291421302524,-3.1915293852235784,WSW,55.94279940799553,-3.191806549083332,1677.112754080203,2205.914121598484
55.94279940799553,-3.191806549083332,ENE,55.94291421302524,-3.1915293852235784,1677.112754080203,2204.664121598484
55.94291421302524,-3.1915293852235784,WSW,55.94279940799553,-3.191806549083332,1677.112754080203,2203.414121598484
55.94279940799553,-3.191806549083332,ENE,55.94291421302524,-3.1915293852235784,1677.112754080203,2202.164121598484
55.94291421302524,-3.1915293852235784,WSW,55.94279940799553,-3.191806549083332,1677.112754080203,2200.914121598484
55.94279940799553,-3.191806549083332,ENE,55.94291421302524,-3.1915293852235784,1677.112754080203,2199.664121598484
55.94291421302524,-3.1915293852235784,WSW,55.94279940799553,-3.191806549083332,1677.112754080203,2198.414121598484
55.94279940799553,-3.191806549083332,ENE,55.94291421302524,-3.1915293852235784,1677.112754080203,2197.164121598484
55.94291421302524,-3.1915293852235784,WSW,55.94279940799553,-3.191806549083332,1677.112754080203,2195.914121598484
55.94279940799553,-3.191806549083332,ENE,55.94291421302524,-3.1915293852235784,1677.112754080203,2194.664121598484
55.94291421302524,-3.1915293852235784,WSW,55.94279940799553,-3.191806549083332,1677.112754080203,2193.414121598484
55.94279940799553,-3.191806549083332,ENE,55.94291421302524,-3.1915293852235784,1677.112754080203,2192.164121598484
55.94291421302524,-3.1915293852235784,WSW,55.94279940799553,-3.191806549083332,1677.112754080203,2190.914121598484
55.94279940799553,-3.191806549083332,ENE,55.94291421302524,-3.1915293852235784,1677.112754080203,2189.664121598484
55.94291421302524,-3.1915293852235784,WSW,55.94279940799553,-3.191806549083332,1677.112754080203,2188.414121598484
55.94279940799553,-3.191806549083332,ENE,55.94291421302524,-3.1915293852235784,1677.112754080203,2187.164121598484
55.94291421302524,-3.1915293852235784,WSW,55.94279940799553,-3.191806549083332,1677.112754080203,2185.914121598484
55.94279940799553,-3.191806549083332,ENE,55.94291421302524,-3.1915293852235784,1677.112754080203,2184.664121598484
55.94291421302524,-3.1915293852235784,WSW,55.94279940799553,-3.191806549083332,1677.112754080203,2183.414121598484
55.94279940799553,-3.191806549083332,ENE,55.94291421302524,-3.1915293852235784,1677.112754080203,2182.164121598484
55.94291421302524,-3.1915293852235784,WSW,55.94279940799553,-3.191806549083332,1677.112754080203,2180.914121598484
55.94279940799553,-3.191806549083332,ENE,55.94291421302524,-3.1915293852235784,1677.112754080203,2179.664121598484
55.94291421302524,-3.1915293852235784,WSW,55.94279940799553,-3.191806549083332,1677.112754080203,2178.414121598484
55.94279940799553,-3.191806549083332,ENE,55.94291421302524,-3.1915293852235784,1677.112754080203,2177.164121598484
55.94291421302524,-3.1915293852235784,WSW,55.94279940799553,-3.191806549083332,1677.112754080203,2175.914121598484
55.94279940799553,-3.191806549083332,ENE,55.94291421302524,-3.1915293852235784,1677.112754080203,2174.664121598484
55.94291421302524,-3.1915293852235784,WSW,55.94279940799553,-3.191806549083332,1677.112754080203,2173.414121598484
55.94279940799553,-3.191806549083332,ENE,55.94291421302524,-3.1915293852235784,1677.112754080203,2172.164121598484
55.94291421302524,-3.1915293852235784,WSW,55.94279940799553,-3.191806549083332,1677.112754080203,2170.914121598484
55.94279940799553,-3.191806549083332,ENE,55.94291421302524,-3.1915293852235784,1677.112754080203,2169.664121598484
55.94291421302524,-3.1915293852235784,WSW,55.94279940799553,-3.191806549083332,1677.112754080203,2168.414121598484
55.94279940799553,-3.191806549083332,ENE,55.94291421302524,-3.1915293852235784,1677.112754080203,2167.164121598484
55.94291421302524,-3.1915293852235784,WSW,55.94279940799553,-3.191806549083332,1677.112754080203,2165.914121598484
55.94279940799553,-3.191806549083332,ENE,55.94291421302524,-3.1915293852235784,1677.112754080203,2164.664121598484
55.94291421302524,-3.1915293852235784,WSW,55.94279940799553,-3.191806549083332,1677.112754080203,2163.414121598484
55.94279940799553,-3.191806549083332,ENE,55.94291421302524,-3.1915293852235784,1677.112754080203,2162.164121598484
55.94291421302524,-3.1915293852235784,WSW,55.94279940799553,-3.191806549083332,1677.112754080203,2160.914121598484
55.94279940799553,-3.191806549083332,ENE,55.94291421302524,-3.1915293852235784,1677.112754080203,2159.664121598484
55.94291421302524,-3.1915293852235784,WSW,55.94279940799553,-3.191806549083332,1677.112754080203,2158.414121598484
55.94279940799553,-3.191806549083332,ENE,55.94291421302524,-3.1915293852235784,1677.112754080203,2157.164121598484
55.94291421302524,-3.1915293852235784,WSW,55.94279940799553,-3.191806549083332,1677.112754080203,2155.914121598484
