55.944425,-3.188396,SSE,55.944147836140246,-3.1882811949702905,52.3359853834261,281.0858847702552
55.944147836140246,-3.1882811949702905,ESE,55.944033031110536,-3.188004031110537,89.81403841454576,388.2877094084248
55.944033031110536,-3.188004031110537,E,55.944033031110536,-3.187704031110537,123.18277539702586,416.6470613556432
55.944033031110536,-3.187704031110537,SSE,55.94375586725078,-3.1875892260808274,211.2985816014133,504.50476985194064
55.94375586725078,-3.1875892260808274,SSW,55.94347870339102,-3.187704031110537,211.2985816014133,503.25476985194064
55.94347870339102,-3.187704031110537,SSW,55.943201539531266,-3.1878188361402464,277.05940644404205,606.3856081327777
55.943201539531266,-3.1878188361402464,SSE,55.94292437567151,-3.187704031110537,344.81821831757037,663.286804752801
55.94292437567151,-3.187704031110537,SE,55.94271224363715,-3.187491899076181,344.81821831757037,662.036804752801
55.94271224363715,-3.187491899076181,E,55.94271224363715,-3.187191899076181,347.5774198931641,690.8730535043064
55.94271224363715,-3.187191899076181,NNE,55.94298940749691,-3.1870770940464714,347.5774198931641,689.6230535043064
55.94298940749691,-3.1870770940464714,NNE,55.943266571356666,-3.186962289016762,347.5774198931641,688.3730535043064
55.943266571356666,-3.186962289016762,NNE,55.94354373521642,-3.1868474839870524,448.1338133427331,691.1845996435147
55.94354373521642,-3.1868474839870524,N,55.943843735216426,-3.1868474839870524,448.1338133427331,689.9345996435147
55.943843735216426,-3.1868474839870524,N,55.94414373521643,-3.1868474839870524,448.1338133427331,688.6845996435147
55.94414373521643,-3.1868474839870524,NNW,55.944420899076185,-3.186962289016762,448.1338133427331,687.4345996435147
55.944420899076185,-3.186962289016762,N,55.94472089907619,-3.186962289016762,509.21435435183366,703.2766720386636
55.94472089907619,-3.186962289016762,NNE,55.944998062935944,-3.1868474839870524,509.21435435183366,702.0266720386636
55.944998062935944,-3.1868474839870524,N,55.94529806293595,-3.1868474839870524,542.31457061989,719.3162920255974
55.94529806293595,-3.1868474839870524,NNW,55.945575226795704,-3.186962289016762,542.31457061989,718.0662920255974
55.945575226795704,-3.186962289016762,N,55.94587522679571,-3.186962289016762,556.9561768406975,790.3873796616282
55.94587522679571,-3.186962289016762,N,55.94617522679571,-3.186962289016762,625.4884076459485,889.7549640953599
55.94617522679571,-3.186962289016762,SW,55.94596309476135,-3.1871744210511177,625.4884076459485,888.5049640953599
55.94596309476135,-3.1871744210511177,SW,55.945750962727,-3.1873865530854735,625.4884076459485,887.2549640953599
55.945750962727,-3.1873865530854735,SW,55.94553883069264,-3.1875986851198292,628.3015499243955,977.7690569123172
55.94553883069264,-3.1875986851198292,WSW,55.94542402566293,-3.1878758489795826,629.455843906467,1015.3460750825283
55.94542402566293,-3.1878758489795826,W,55.94542402566293,-3.188175848979583,629.455843906467,1014.0960750825283
55.94542402566293,-3.188175848979583,SW,55.945211893628574,-3.1883879810139386,629.455843906467,1012.8460750825283
55.945211893628574,-3.1883879810139386,NNW,55.94548905748833,-3.188502786043648,629.455843906467,1011.5960750825283
55.94548905748833,-3.188502786043648,SW,55.945276925453975,-3.188714918078004,698.8032912104396,1100.2357653444733
55.945276925453975,-3.188714918078004,WSW,55.945162120424264,-3.1889920819377573,728.8452672688604,1192.3897296901791
55.945162120424264,-3.1889920819377573,NW,55.94537425245862,-3.189204213972113,785.245738730948,1238.9211323732854
55.94537425245862,-3.189204213972113,W,55.94537425245862,-3.1895042139721133,785.245738730948,1237.6711323732854
55.94537425245862,-3.1895042139721133,W,55.94537425245862,-3.1898042139721134,811.2241833323533,1285.0904115989285
55.94537425245862,-3.1898042139721134,NNE,55.94565141631838,-3.189689408942404,811.2241833323533,1283.8404115989285
55.94565141631838,-3.189689408942404,NNE,55.94592858017813,-3.1895746039126944,851.8833389974537,1330.4601241457528
55.94592858017813,-3.1895746039126944,W,55.94592858017813,-3.1898746039126946,851.8833389974537,1329.2101241457528
55.94592858017813,-3.1898746039126946,W,55.94592858017813,-3.190174603912695,851.8833389974537,1327.9601241457528
55.94592858017813,-3.190174603912695,S,55.94562858017813,-3.190174603912695,851.8833389974537,1326.7101241457528
55.94562858017813,-3.190174603912695,SW,55.945416448143774,-3.1903867359470506,851.8833389974537,1325.4601241457528
55.945416448143774,-3.1903867359470506,NNE,55.94569361200353,-3.190271930917341,851.8833389974537,1324.2101241457528
55.94569361200353,-3.190271930917341,NNW,55.94597077586329,-3.1903867359470506,851.8833389974537,1322.9601241457528
55.94597077586329,-3.1903867359470506,WSW,55.94585597083358,-3.190663899806804,896.2182207734658,1416.1953790057232
55.94585597083358,-3.190663899806804,WNW,55.94597077586329,-3.1909410636665574,896.2182207734658,1414.9453790057232
55.94597077586329,-3.1909410636665574,WNW,55.946085580893,-3.191218227526311,966.7426766649156,1488.966823571546
55.946085580893,-3.191218227526311,WSW,55.94597077586329,-3.191495391386064,966.7426766649156,1487.716823571546
55.94597077586329,-3.191495391386064,WSW,55.94585597083358,-3.1917725552458176,966.7426766649156,1486.466823571546
55.94585597083358,-3.1917725552458176,SW,55.94564383879922,-3.1919846872801734,1057.746298750679,1520.380590710354
55.94564383879922,-3.1919846872801734,SSW,55.945366674939464,-3.192099492309883,1057.746298750679,1519.130590710354
55.945366674939464,-3.192099492309883,SSW,55.94508951107971,-3.1922142973395924,1092.0411812604625,1533.8161834916314
55.94508951107971,-3.1922142973395924,E,55.94508951107971,-3.191914297339592,1092.0411812604625,1532.5661834916314
55.94508951107971,-3.191914297339592,E,55.94508951107971,-3.191614297339592,1167.4273597230851,1648.743227051503
55.94508951107971,-3.191614297339592,SSE,55.94481234721995,-3.1914994923098825,1167.4273597230851,1647.493227051503
55.94481234721995,-3.1914994923098825,SE,55.944600215185595,-3.1912873602755267,1250.6745924369961,1670.1203675729566
55.944600215185595,-3.1912873602755267,SE,55.94438808315124,-3.191075228241171,1250.6745924369961,1668.8703675729566
55.94438808315124,-3.191075228241171,SE,55.94417595111688,-3.190863096206815,1250.6745924369961,1667.6203675729566
55.94417595111688,-3.190863096206815,SSE,55.943898787257126,-3.1907482911771057,1282.7942601895295,1675.9990237883208
55.943898787257126,-3.1907482911771057,SSW,55.94362162339737,-3.190863096206815,1282.7942601895295,1674.7490237883208
55.94362162339737,-3.190863096206815,SW,55.94340949136301,-3.191075228241171,1282.7942601895295,1673.4990237883208
55.94340949136301,-3.191075228241171,SSW,55.94313232750326,-3.1911900332708805,1284.4410964572533,1791.1603443776594
55.94313232750326,-3.1911900332708805,WSW,55.943017522473546,-3.191467197130634,1284.4410964572533,1789.9103443776594
55.943017522473546,-3.191467197130634,SW,55.94280539043919,-3.1916793291649896,1284.4410964572533,1788.6603443776594
55.94280539043919,-3.1916793291649896,WSW,55.94269058540948,-3.191956493024743,1320.063092430141,1830.6768900494862
55.94269058540948,-3.191956493024743,NW,55.942902717443836,-3.192168625059099,1325.9971578419368,1933.3663600002094
55.942902717443836,-3.192168625059099,E,55.942902717443836,-3.1918686250590986,1325.9971578419368,1932.1163600002094
55.942902717443836,-3.1918686250590986,NE,55.94311484947819,-3.191656493024743,1325.9971578419368,1930.8663600002094
55.94311484947819,-3.191656493024743,N,55.943414849478195,-3.191656493024743,1325.9971578419368,1929.6163600002094
55.943414849478195,-3.191656493024743,NNW,55.94369201333795,-3.1917712980544524,1442.057544655783,2047.1851066760282
55.94369201333795,-3.1917712980544524,ESE,55.94357720830824,-3.191494134194699,1442.057544655783,2045.9351066760282
55.94357720830824,-3.191494134194699,ESE,55.94346240327853,-3.1912169703349456,1442.057544655783,2044.6851066760282
55.94346240327853,-3.1912169703349456,ESE,55.94334759824882,-3.190939806475192,1442.057544655783,2043.4351066760282
55.94334759824882,-3.190939806475192,ESE,55.94323279321911,-3.1906626426154387,1442.057544655783,2042.1851066760282
55.94323279321911,-3.1906626426154387,ESE,55.9431179881894,-3.1903854787556853,1442.057544655783,2040.9351066760282
55.9431179881894,-3.1903854787556853,ESE,55.94300318315969,-3.190108314895932,1442.057544655783,2039.6851066760282
55.94300318315969,-3.190108314895932,ESE,55.94288837812998,-3.1898311510361785,1553.6170516618063,2097.3372145478397
55.94288837812998,-3.1898311510361785,NNE,55.943165541989735,-3.189716346006469,1553.6170516618063,2096.0872145478397
55.943165541989735,-3.189716346006469,NNE,55.94344270584949,-3.1896015409767595,1553.6170516618063,2094.8372145478397
55.94344270584949,-3.1896015409767595,NNE,55.94371986970925,-3.18948673594705,1604.01725999383,2194.1476439829066
55.94371986970925,-3.18948673594705,E,55.94371986970925,-3.18918673594705,1604.01725999383,2192.8976439829066
55.94371986970925,-3.18918673594705,E,55.94371986970925,-3.1888867359470496,1604.01725999383,2191.6476439829066
55.94371986970925,-3.1888867359470496,E,55.94371986970925,-3.1885867359470494,1667.4149113571057,2307.4843510387986
55.94371986970925,-3.1885867359470494,N,55.94401986970925,-3.1885867359470494,1667.4149113571057,2306.2343510387986
55.94401986970925,-3.1885867359470494,N,55.944319869709254,-3.1885867359470494,1667.4149113571057,2304.9843510387986
55.944319869709254,-3.1885867359470494,NNW,55.94459703356901,-3.188701540976759,1735.6940203339393,2382.8545164774896
55.94459703356901,-3.188701540976759,E,55.94459703356901,-3.1884015409767588,1735.6940203339393,2381.6045164774896
55.94459703356901,-3.1884015409767588,E,55.94459703356901,-3.1881015409767586,1735.6940203339393,2380.3545164774896
55.94459703356901,-3.1881015409767586,E,55.94459703356901,-3.1878015409767584,1735.6940203339393,2379.1045164774896
55.94459703356901,-3.1878015409767584,E,55.94459703356901,-3.187501540976758,1735.6940203339393,2377.8545164774896
55.94459703356901,-3.187501540976758,E,55.94459703356901,-3.187201540976758,1735.6940203339393,2376.6045164774896
55.94459703356901,-3.187201540976758,E,55.94459703356901,-3.186901540976758,1735.6940203339393,2375.3545164774896
55.94459703356901,-3.186901540976758,E,55.94459703356901,-3.1866015409767576,1735.6940203339393,2374.1045164774896
55.94459703356901,-3.1866015409767576,E,55.94459703356901,-3.1863015409767574,1735.6940203339393,2372.8545164774896
55.94459703356901,-3.1863015409767574,SW,55.944384901534654,-3.186513673011113,1735.6940203339393,2371.6045164774896
55.944384901534654,-3.186513673011113,ENE,55.944499706564365,-3.18623650915136,1735.6940203339393,2370.3545164774896
55.944499706564365,-3.18623650915136,ENE,55.944614511594075,-3.1859593452916064,1823.5276835743282,2482.3698860547693
55.944614511594075,-3.1859593452916064,SE,55.94440237955972,-3.1857472132572506,1823.5276835743282,2481.1198860547693
55.94440237955972,-3.1857472132572506,E,55.94440237955972,-3.1854472132572504,1823.5276835743282,2479.8698860547693
55.94440237955972,-3.1854472132572504,SSE,55.94412521569996,-3.185332408227541,1875.400306072621,2525.9129163714933
55.94412521569996,-3.185332408227541,ENE,55.94424002072967,-3.1850552443677875,1924.9843412685552,2580.2213923596164
55.94424002072967,-3.1850552443677875,SSE,55.943962856869916,-3.184940439338078,1924.9843412685552,2578.9713923596164
55.943962856869916,-3.184940439338078,SSE,55.94368569301016,-3.1848256343083685,1924.9843412685552,2577.7213923596164
55.94368569301016,-3.1848256343083685,S,55.94338569301016,-3.1848256343083685,1924.9843412685552,2576.4713923596164
55.94338569301016,-3.1848256343083685,SSE,55.9431085291504,-3.184710829278659,1924.9843412685552,2575.2213923596164
55.9431085291504,-3.184710829278659,S,55.9428085291504,-3.184710829278659,1955.0685139822695,2599.93668987123
55.9428085291504,-3.184710829278659,NNW,55.943085693010154,-3.1848256343083685,1955.0685139822695,2598.68668987123
55.943085693010154,-3.1848256343083685,NNW,55.94336285686991,-3.184940439338078,1955.0685139822695,2597.43668987123
55.94336285686991,-3.184940439338078,NNW,55.94364002072967,-3.1850552443677875,1955.0685139822695,2596.18668987123
55.94364002072967,-3.1850552443677875,NNW,55.943917184589424,-3.185170049397497,1955.0685139822695,2594.93668987123
55.943917184589424,-3.185170049397497,NNW,55.94419434844918,-3.1852848544272065,1955.0685139822695,2593.68668987123
55.94419434844918,-3.1852848544272065,NNW,55.94447151230894,-3.185399659456916,1955.0685139822695,2592.43668987123
55.94447151230894,-3.185399659456916,NNW,55.94474867616869,-3.1855144644866256,1955.0685139822695,2591.18668987123
55.94474867616869,-3.1855144644866256,NNW,55.94502584002845,-3.185629269516335,1955.0685139822695,2589.93668987123
55.94502584002845,-3.185629269516335,SE,55.94481370799409,-3.1854171374819793,1955.0685139822695,2588.68668987123
55.94481370799409,-3.1854171374819793,NNW,55.94509087185385,-3.185531942511689,1955.0685139822695,2587.43668987123
55.94509087185385,-3.185531942511689,NNW,55.94536803571361,-3.1856467475413983,1955.0685139822695,2586.18668987123
55.94536803571361,-3.1856467475413983,NNW,55.94564519957336,-3.185761552571108,2072.2519346146864,2610.172339800917
55.94564519957336,-3.185761552571108,SSE,55.94536803571361,-3.1856467475413983,2072.2519346146864,2608.922339800917
55.94536803571361,-3.1856467475413983,NNW,55.94564519957336,-3.185761552571108,2072.2519346146864,2607.672339800917
55.94564519957336,-3.185761552571108,SSE,55.94536803571361,-3.1856467475413983,2072.2519346146864,2606.422339800917
55.94536803571361,-3.1856467475413983,NNW,55.94564519957336,-3.185761552571108,2072.2519346146864,2605.172339800917
55.94564519957336,-3.185761552571108,SSE,55.94536803571361,-3.1856467475413983,2072.2519346146864,2603.922339800917
55.94536803571361,-3.1856467475413983,NNW,55.94564519957336,-3.185761552571108,2072.2519346146864,2602.672339800917
55.94564519957336,-3.185761552571108,SSE,55.94536803571361,-3.1856467475413983,2072.2519346146864,2601.422339800917
55.94536803571361,-3.1856467475413983,NNW,55.94564519957336,-3.185761552571108,2072.2519346146864,2600.172339800917
55.94564519957336,-3.185761552571108,SSE,55.94536803571361,-3.1856467475413983,2072.2519346146864,2598.922339800917
55.94536803571361,-3.1856467475413983,NNW,55.94564519957336,-3.185761552571108,2072.2519346146864,2597.672339800917
55.94564519957336,-3.185761552571108,SSE,55.94536803571361,-3.1856467475413983,2072.2519346146864,2596.422339800917
55.94536803571361,-3.1856467475413983,NNW,55.94564519957336,-3.185761552571108,2072.2519346146864,2595.172339800917
55.94564519957336,-3.185761552571108,SSE,55.94536803571361,-3.1856467475413983,2072.2519346146864,2593.922339800917
55.94536803571361,-3.1856467475413983,NNW,55.94564519957336,-3.185761552571108,2072.2519346146864,2592.672339800917
55.94564519957336,-3.185761552571108,SSE,55.94536803571361,-3.1856467475413983,2072.2519346146864,2591.422339800917
55.94536803571361,-3.1856467475413983,NNW,55.94564519957336,-3.185761552571108,2072.2519346146864,2590.172339800917
55.94564519957336,-3.185761552571108,SSE,55.94536803571361,-3.1856467475413983,2072.2519346146864,2588.922339800917
55.94536803571361,-3.1856467475413983,NNW,55.94564519957336,-3.185761552571108,2072.2519346146864,2587.672339800917
55.94564519957336,-3.185761552571108,SSE,55.94536803571361,-3.1856467475413983,2072.2519346146864,2586.422339800917
55.94536803571361,-3.1856467475413983,NNW,55.94564519957336,-3.185761552571108,2072.2519346146864,2585.172339800917
55.94564519957336,-3.185761552571108,SSE,55.94536803571361,-3.1856467475413983,2072.2519346146864,2583.922339800917
55.94536803571361,-3.1856467475413983,NNW,55.94564519957336,-3.185761552571108,2072.2519346146864,2582.672339800917
55.94564519957336,-3.185761552571108,SSE,55.94536803571361,-3.1856467475413983,2072.2519346146864,2581.422339800917
55.94536803571361,-3.1856467475413983,NNW,55.94564519957336,-3.185761552571108,2072.2519346146864,2580.172339800917
55.94564519957336,-3.185761552571108,SSE,55.94536803571361,-3.1856467475413983,2072.2519346146864,2578.922339800917
55.94536803571361,-3.1856467475413983,NNW,55.94564519957336,-3.185761552571108,2072.2519346146864,2577.672339800917
55.94564519957336,-3.185761552571108,SSE,55.94536803571361,-3.1856467475413983,2072.2519346146864,2576.422339800917
55.94536803571361,-3.1856467475413983,NNW,55.94564519957336,-3.185761552571108,2072.2519346146864,2575.172339800917
55.94564519957336,-3.185761552571108,SSE,55.94536803571361,-3.1856467475413983,2072.2519346146864,2573.922339800917
55.94536803571361,-3.1856467475413983,NNW,55.94564519957336,-3.185761552571108,2072.2519346146864,2572.672339800917
55.94564519957336,-3.185761552571108,SSE,55.94536803571361,-3.1856467475413983,2072.2519346146864,2571.422339800917
55.94536803571361,-3.1856467475413983,NNW,55.94564519957336,-3.185761552571108,2072.2519346146864,2570.172339800917
55.94564519957336,-3.185761552571108,SSE,55.94536803571361,-3.1856467475413983,2072.2519346146864,2568.922339800917
55.94536803571361,-3.1856467475413983,NNW,55.94564519957336,-3.185761552571108,2072.2519346146864,2567.672339800917
55.94564519957336,-3.185761552571108,SSE,55.94536803571361,-3.1856467475413983,2072.2519346146864,2566.422339800917
55.94536803571361,-3.1856467475413983,NNW,55.94564519957336,-3.185761552571108,2072.2519346146864,2565.172339800917
55.94564519957336,-3.185761552571108,SSE,55.94536803571361,-3.1856467475413983,2072.2519346146864,2563.922339800917
55.94536803571361,-3.1856467475413983,NNW,55.94564519957336,-3.185761552571108,2072.2519346146864,2562.672339800917
55.94564519957336,-3.185761552571108,SSE,55.94536803571361,-3.1856467475413983,2072.2519346146864,2561.422339800917
55.94536803571361,-3.1856467475413983,NNW,55.94564519957336,-3.185761552571108,2072.2519346146864,2560.172339800917
55.94564519957336,-3.185761552571108,SSE,55.94536803571361,-3.1856467475413983,2072.2519346146864,2558.922339800917
55.94536803571361,-3.1856467475413983,NNW,55.94564519957336,-3.185761552571108,2072.2519346146864,2557.672339800917
55.94564519957336,-3.185761552571108,SSE,55.94536803571361,-3.1856467475413983,2072.2519346146864,2556.422339800917
55.94536803571361,-3.1856467475413983,NNW,55.94564519957336,-3.185761552571108,2072.2519346146864,2555.172339800917
55.94564519957336,-3.185761552571108,SSE,55.94536803571361,-3.1856467475413983,2072.2519346146864,2553.922339800917
55.94536803571361,-3.1856467475413983,NNW,55.94564519957336,-3.185761552571108,2072.2519346146864,2552.672339800917
55.94564519957336,-3.185761552571108,SSE,55.94536803571361,-3.1856467475413983,2072.2519346146864,2551.422339800917
55.94536803571361,-3.1856467475413983,NNW,55.94564519957336,-3.185761552571108,2072.2519346146864,2550.172339800917
55.94564519957336,-3.185761552571108,SSE,55.94536803571361,-3.1856467475413983,2072.2519346146864,2548.922339800917
55.94536803571361,-3.1856467475413983,NNW,55.94564519957336,-3.185761552571108,2072.2519346146864,2547.672339800917
55.94564519957336,-3.185761552571108,SSE,55.94536803571361,-3.1856467475413983,2072.2519346146864,2546.422339800917
55.94536803571361,-3.1856467475413983,NNW,55.94564519957336,-3.185761552571108,2072.2519346146864,2545.172339800917
55.94564519957336,-3.185761552571108,SSE,55.94536803571361,-3.1856467475413983,2072.2519346146864,2543.922339800917
55.94536803571361,-3.1856467475413983,NNW,55.94564519957336,-3.185761552571108,2072.2519346146864,2542.672339800917
55.94564519957336,-3.185761552571108,SSE,55.94536803571361,-3.1856467475413983,2072.2519346146864,2541.422339800917
55.94536803571361,-3.1856467475413983,NNW,55.94564519957336,-3.185761552571108,2072.2519346146864,2540.172339800917
55.94564519957336,-3.185761552571108,SSE,55.94536803571361,-3.1856467475413983,2072.2519346146864,2538.922339800917
55.94536803571361,-3.1856467475413983,NNW,55.94564519957336,-3.185761552571108,2072.2519346146864,2537.672339800917
55.94564519957336,-3.185761552571108,SSE,55.94536803571361,-3.1856467475413983,2072.2519346146864,2536.422339800917
55.94536803571361,-3.1856467475413983,NNW,55.94564519957336,-3.185761552571108,2072.2519346146864,2535.172339800917
55.94564519957336,-3.185761552571108,SSE,55.94536803571361,-3.1856467475413983,2072.2519346146864,2533.922339800917
55.94536803571361,-3.1856467475413983,NNW,55.94564519957336,-3.185761552571108,2072.2519346146864,2532.672339800917
55.94564519957336,-3.185761552571108,SSE,55.94536803571361,-3.1856467475413983,2072.2519346146864,2531.422339800917
55.94536803571361,-3.1856467475413983,NNW,55.94564519957336,-3.185761552571108,2072.2519346146864,2530.172339800917
55.94564519957336,-3.185761552571108,SSE,55.94536803571361,-3.1856467475413983,2072.2519346146864,2528.922339800917
55.94536803571361,-3.1856467475413983,NNW,55.94564519957336,-3.185761552571108,2072.2519346146864,2527.672339800917
55.94564519957336,-3.185761552571108,SSE,55.94536803571361,-3.1856467475413983,2072.2519346146864,2526.422339800917
55.94536803571361,-3.1856467475413983,NNW,55.94564519957336,-3.185761552571108,2072.2519346146864,2525.172339800917
55.94564519957336,-3.185761552571108,SSE,55.94536803571361,-3.1856467475413983,2072.2519346146864,2523.922339800917
55.94536803571361,-3.1856467475413983,NNW,55.94564519957336,-3.185761552571108,2072.2519346146864,2522.672339800917
55.94564519957336,-3.185761552571108,SSE,55.94536803571361,-3.1856467475413983,2072.2519346146864,2521.422339800917
55.94536803571361,-3.1856467475413983,NNW,55.94564519957336,-3.185761552571108,2072.2519346146864,2520.172339800917
55.94564519957336,-3.185761552571108,SSE,55.94536803571361,-3.1856467475413983,2072.2519346146864,2518.922339800917
55.94536803571361,-3.1856467475413983,NNW,55.94564519957336,-3.185761552571108,2072.2519346146864,2517.672339800917
55.94564519957336,-3.185761552571108,SSE,55.94536803571361,-3.1856467475413983,2072.2519346146864,2516.422339800917
55.94536803571361,-3.1856467475413983,NNW,55.94564519957336,-3.185761552571108,2072.2519346146864,2515.172339800917
55.94564519957336,-3.185761552571108,SSE,55.94536803571361,-3.1856467475413983,2072.2519346146864,2513.922339800917
55.94536803571361,-3.1856467475413983,NNW,55.94564519957336,-3.185761552571108,2072.2519346146864,2512.672339800917
55.94564519957336,-3.185761552571108,SSE,55.94536803571361,-3.1856467475413983,2072.2519346146864,2511.422339800917
55.94536803571361,-3.1856467475413983,NNW,55.94564519957336,-3.185761552571108,2072.2519346146864,2510.172339800917
55.94564519957336,-3.185761552571108,SSE,55.94536803571361,-3.1856467475413983,2072.2519346146864,2508.922339800917
55.94536803571361,-3.1856467475413983,NNW,55.94564519957336,-3.185761552571108,2072.2519346146864,2507.672339800917
55.94564519957336,-3.185761552571108,SSE,55.94536803571361,-3.1856467475413983,2072.2519346146864,2506.422339800917
55.94536803571361,-3.1856467475413983,NNW,55.94564519957336,-3.185761552571108,2072.2519346146864,2505.172339800917
55.94564519957336,-3.185761552571108,SSE,55.94536803571361,-3.1856467475413983,2072.2519346146864,2503.922339800917
55.94536803571361,-3.1856467475413983,NNW,55.94564519957336,-3.185761552571108,2072.2519346146864,2502.672339800917
55.94564519957336,-3.185761552571108,SSE,55.94536803571361,-3.1856467475413983,2072.2519346146864,2501.422339800917
55.94536803571361,-3.1856467475413983,NNW,55.94564519957336,-3.185761552571108,2072.2519346146864,2500.172339800917
55.94564519957336,-3.185761552571108,SSE,55.94536803571361,-3.1856467475413983,2072.2519346146864,2498.922339800917
55.94536803571361,-3.1856467475413983,NNW,55.94564519957336,-3.185761552571108,2072.2519346146864,2497.672339800917
55.94564519957336,-3.185761552571108,SSE,55.94536803571361,-3.1856467475413983,2072.2519346146864,2496.422339800917
55.94536803571361,-3.1856467475413983,NNW,55.94564519957336,-3.185761552571108,2072.2519346146864,2495.172339800917
55.94564519957336,-3.185761552571108,SSE,55.94536803571361,-3.1856467475413983,2072.2519346146864,2493.922339800917
55.94536803571361,-3.1856467475413983,NNW,55.94564519957336,-3.185761552571108,2072.2519346146864,2492.672339800917
55.94564519957336,-3.185761552571108,SSE,55.94536803571361,-3.1856467475413983,2072.2519346146864,2491.422339800917
55.94536803571361,-3.1856467475413983,NNW,55.94564519957336,-3.185761552571108,2072.2519346146864,2490.172339800917
55.94564519957336,-3.185761552571108,SSE,55.94536803571361,-3.1856467475413983,2072.2519346146864,2488.922339800917
55.94536803571361,-3.1856467475413983,NNW,55.94564519957336,-3.185761552571108,2072.2519346146864,2487.672339800917
55.94564519957336,-3.185761552571108,SSE,55.94536803571361,-3.1856467475413983,2072.2519346146864,2486.422339800917
55.94536803571361,-3.1856467475413983,NNW,55.94564519957336,-3.185761552571108,2072.2519346146864,2485.172339800917
55.94564519957336,-3.185761552571108,SSE,55.94536803571361,-3.1856467475413983,2072.2519346146864,2483.922339800917
55.94536803571361,-3.1856467475413983,NNW,55.94564519957336,-3.185761552571108,2072.2519346146864,2482.672339800917
55.94564519957336,-3.185761552571108,SSE,55.94536803571361,-3.1856467475413983,2072.2519346146864,2481.422339800917
55.94536803571361,-3.1856467475413983,NNW,55.94564519957336,-3.185761552571108,2072.2519346146864,2480.172339800917
55.94564519957336,-3.185761552571108,SSE,55.94536803571361,-3.1856467475413983,2072.2519346146864,2478.922339800917
55.94536803571361,-3.1856467475413983,NNW,55.94564519957336,-3.185761552571108,2072.2519346146864,2477.672339800917
55.94564519957336,-3.185761552571108,SSE,55.94536803571361,-3.1856467475413983,2072.2519346146864,2476.422339800917
55.94536803571361,-3.1856467475413983,NNW,55.94564519957336,-3.185761552571108,2072.2519346146864,2475.172339800917
55.94564519957336,-3.185761552571108,SSE,55.94536803571361,-3.1856467475413983,2072.2519346146864,2473.922339800917
55.94536803571361,-3.1856467475413983,NNW,55.94564519957336,-3.185761552571108,2072.2519346146864,2472.672339800917
55.94564519957336,-3.185761552571108,SSE,55.94536803571361,-3.1856467475413983,2072.2519346146864,2471.422339800917
55.94536803571361,-3.1856467475413983,NNW,55.94564519957336,-3.185761552571108,2072.2519346146864,2470.172339800917
55.94564519957336,-3.185761552571108,SSE,55.94536803571361,-3.1856467475413983,2072.2519346146864,2468.922339800917
55.94536803571361,-3.1856467475413983,NNW,55.94564519957336,-3.185761552571108,2072.2519346146864,2467.672339800917
55.94564519957336,-3.185761552571108,SSE,55.94536803571361,-3.1856467475413983,2072.2519346146864,2466.422339800917
55.94536803571361,-3.1856467475413983,NNW,55.94564519957336,-3.185761552571108,2072.2519346146864,2465.172339800917
55.94564519957336,-3.185761552571108,SSE,55.94536803571361,-3.1856467475413983,2072.2519346146864,2463.922339800917
55.94536803571361,-3.1856467475413983,NNW,55.94564519957336,-3.185761552571108,2072.2519346146864,2462.672339800917
55.94564519957336,-3.185761552571108,SSE,55.94536803571361,-3.1856467475413983,2072.2519346146864,2461.422339800917
55.94536803571361,-3.1856467475413983,NNW,55.94564519957336,-3.185761552571108,2072.2519346146864,2460.172339800917
55.94564519957336,-3.185761552571108,SSE,55.94536803571361,-3.1856467475413983,2072.2519346146864,2458.922339800917
55.94536803571361,-3.1856467475413983,NNW,55.94564519957336,-3.185761552571108,2072.2519346146864,2457.672339800917
55.94564519957336,-3.185761552571108,SSE,55.94536803571361,-3.1856467475413983,2072.2519346146864,2456.422339800917
55.94536803571361,-3.1856467475413983,NNW,55.94564519957336,-3.185761552571108,2072.2519346146864,2455.172339800917
55.94564519957336,-3.185761552571108,SSE,55.94536803571361,-3.1856467475413983,2072.2519346146864,2453.922339800917
55.94536803571361,-3.1856467475413983,NNW,55.94564519957336,-3.185761552571108,2072.2519346146864,2452.672339800917
55.94564519957336,-3.185761552571108,SSE,55.94536803571361,-3.1856467475413983,2072.2519346146864,2451.422339800917
55.94536803571361,-3.1856467475413983,NNW,55.94564519957336,-3.185761552571108,2072.2519346146864,2450.172339800917
55.94564519957336,-3.185761552571108,SSE,55.94536803571361,-3.1856467475413983,2072.2519346146864,2448.922339800917
55.94536803571361,-3.1856467475413983,NNW,55.94564519957336,-3.185761552571108,2072.2519346146864,2447.672339800917
55.94564519957336,-3.185761552571108,SSE,55.94536803571361,-3.1856467475413983,2072.2519346146864,2446.422339800917
55.94536803571361,-3.1856467475413983,NNW,55.94564519957336,-3.185761552571108,2072.2519346146864,2445.172339800917
55.94564519957336,-3.185761552571108,SSE,55.94536803571361,-3.1856467475413983,2072.2519346146864,2443.922339800917
55.94536803571361,-3.1856467475413983,NNW,55.94564519957336,-3.185761552571108,2072.2519346146864,2442.672339800917
55.94564519957336,-3.185761552571108,SSE,55.94536803571361,-3.1856467475413983,2072.2519346146864,2441.422339800917
