55.944425,-3.188396,NE,55.94463713203436,-3.1881838679656442,29.407735091595306,267.63593626512187
55.94463713203436,-3.1881838679656442,ENE,55.94475193706407,-3.187906704105891,69.40294639508255,285.5405527464912
55.94475193706407,-3.187906704105891,ENE,55.94486674209378,-3.1876295402461374,124.45186603476232,295.66681602526774
55.94486674209378,-3.1876295402461374,NNW,55.945143905953536,-3.187744345275847,124.45186603476232,294.41681602526774
55.945143905953536,-3.187744345275847,NNW,55.94542106981329,-3.1878591503055564,130.3108331251142,294.2318373421599
55.94542106981329,-3.1878591503055564,W,55.94542106981329,-3.1881591503055566,195.86825612117474,297.20154015686967
55.94542106981329,-3.1881591503055566,WNW,55.945535874843,-3.18843631416531,195.86825612117474,295.95154015686967
55.945535874843,-3.18843631416531,WNW,55.94565067987271,-3.1887134780250634,263.1631568250255,407.8387912712341
55.94565067987271,-3.1887134780250634,W,55.94565067987271,-3.1890134780250636,263.1631568250255,406.5887912712341
55.94565067987271,-3.1890134780250636,W,55.94565067987271,-3.189313478025064,382.88480980943837,454.35601321318865
55.94565067987271,-3.189313478025064,WSW,55.945535874843,-3.1895906418848172,382.88480980943837,453.10601321318865
55.945535874843,-3.1895906418848172,W,55.945535874843,-3.1898906418848174,382.88480980943837,451.85601321318865
55.945535874843,-3.1898906418848174,WSW,55.94542106981329,-3.190167805744571,488.32051210772033,513.6043432054756
55.94542106981329,-3.190167805744571,NW,55.94563320184765,-3.1903799377789266,507.01113036099497,590.3903598218502
55.94563320184765,-3.1903799377789266,SSE,55.94535603798789,-3.190265132749217,507.01113036099497,589.1403598218502
55.94535603798789,-3.190265132749217,SSW,55.945078874128136,-3.1903799377789266,507.01113036099497,587.8903598218502
55.945078874128136,-3.1903799377789266,SW,55.94486674209378,-3.1905920698132824,619.8367386837955,666.3187456422407
55.94486674209378,-3.1905920698132824,SSE,55.94458957823402,-3.190477264783573,733.1983922761128,753.3748097485441
55.94458957823402,-3.190477264783573,SW,55.94437744619967,-3.1906893968179286,733.1983922761128,752.1248097485441
55.94437744619967,-3.1906893968179286,SW,55.94416531416531,-3.1909015288522844,759.0226022199533,802.6137872521796
55.94416531416531,-3.1909015288522844,NW,55.94437744619967,-3.19111366088664,804.705072695834,831.0184474359668
55.94437744619967,-3.19111366088664,ESE,55.944262641169956,-3.1908364970268868,804.705072695834,829.7684474359668
55.944262641169956,-3.1908364970268868,ESE,55.944147836140246,-3.1905593331671334,804.705072695834,828.5184474359668
55.944147836140246,-3.1905593331671334,ESE,55.944033031110536,-3.19028216930738,871.9341222423072,948.5786163391338
55.944033031110536,-3.19028216930738,NE,55.94424516314489,-3.190070037273024,871.9341222423072,947.3286163391338
55.94424516314489,-3.190070037273024,ENE,55.9443599681746,-3.189792873413271,871.9341222423072,946.0786163391338
55.9443599681746,-3.189792873413271,NE,55.94457210020896,-3.189580741378915,890.6379066235245,1060.299579433727
55.94457210020896,-3.189580741378915,SE,55.9443599681746,-3.1893686093445592,890.6379066235245,1059.049579433727
55.9443599681746,-3.1893686093445592,SE,55.944147836140246,-3.1891564773102035,890.6379066235245,1057.799579433727
55.944147836140246,-3.1891564773102035,ESE,55.944033031110536,-3.18887931345045,890.6379066235245,1056.549579433727
55.944033031110536,-3.18887931345045,SE,55.94382089907618,-3.1886671814160943,968.0593265128819,1066.7728426821225
55.94382089907618,-3.1886671814160943,SSE,55.94354373521642,-3.188552376386385,968.0593265128819,1065.5228426821225
55.94354373521642,-3.188552376386385,S,55.94324373521642,-3.188552376386385,1029.7652345170245,1088.3300161553454
55.94324373521642,-3.188552376386385,ENE,55.94335854024613,-3.1882752125266314,1029.7652345170245,1087.0800161553454
55.94335854024613,-3.1882752125266314,ENE,55.94347334527584,-3.187998048666878,1029.7652345170245,1085.8300161553454
55.94347334527584,-3.187998048666878,ENE,55.94358815030555,-3.1877208848071246,1093.759763973652,1130.759004187492
55.94358815030555,-3.1877208848071246,SE,55.943376018271195,-3.187508752772769,1136.3779013781473,1205.549686165365
55.943376018271195,-3.187508752772769,N,55.9436760182712,-3.187508752772769,1136.3779013781473,1204.299686165365
55.9436760182712,-3.187508752772769,N,55.9439760182712,-3.187508752772769,1220.8573163631286,1234.0231607095786
55.9439760182712,-3.187508752772769,ENE,55.94409082330091,-3.1872315889130154,1220.8573163631286,1232.7731607095786
55.94409082330091,-3.1872315889130154,ENE,55.94420562833062,-3.186954425053262,1220.8573163631286,1231.5231607095786
55.94420562833062,-3.186954425053262,ENE,55.94432043336033,-3.1866772611935086,1234.2489599104367,1301.7572775674544
55.94432043336033,-3.1866772611935086,NNE,55.94459759722009,-3.186562456163799,1234.2489599104367,1300.5072775674544
55.94459759722009,-3.186562456163799,NE,55.944809729254445,-3.1863503241294433,1247.8891392955609,1311.0345430876669
55.944809729254445,-3.1863503241294433,ESE,55.944694924224734,-3.18607316026969,1247.8891392955609,1309.7845430876669
55.944694924224734,-3.18607316026969,ESE,55.944580119195024,-3.1857959964099365,1247.8891392955609,1308.5345430876669
55.944580119195024,-3.1857959964099365,SE,55.94436798716067,-3.1855838643755807,1281.4076022981853,1399.7661871950736
55.94436798716067,-3.1855838643755807,SSW,55.94409082330091,-3.1856986694052902,1293.1480749232574,1417.1758794644977
55.94409082330091,-3.1856986694052902,E,55.94409082330091,-3.18539866940529,1339.3920744614047,1522.4096590084152
55.94409082330091,-3.18539866940529,S,55.94379082330091,-3.18539866940529,1448.6787233671475,1629.0026245270785
55.94379082330091,-3.18539866940529,NNW,55.944067987160665,-3.1855134744349995,1448.6787233671475,1627.7526245270785
55.944067987160665,-3.1855134744349995,N,55.94436798716067,-3.1855134744349995,1448.6787233671475,1626.5026245270785
55.94436798716067,-3.1855134744349995,NNE,55.944645151020424,-3.18539866940529,1545.362285524829,1638.8357529135328
55.944645151020424,-3.18539866940529,ENE,55.944759956050135,-3.1851215055455366,1572.079697977774,1715.1467360103509
55.944759956050135,-3.1851215055455366,NE,55.94497208808449,-3.184909373511181,1575.4337990100798,1814.3951514141443
55.94497208808449,-3.184909373511181,N,55.945272088084494,-3.184909373511181,1645.99178500067,1935.963499898394
55.945272088084494,-3.184909373511181,WNW,55.945386893114204,-3.1851865373709343,1645.99178500067,1934.713499898394
55.945386893114204,-3.1851865373709343,N,55.94568689311421,-3.1851865373709343,1645.99178500067,1933.463499898394
55.94568689311421,-3.1851865373709343,NNE,55.94596405697396,-3.1850717323412248,1758.5456892433879,1953.7029260259594
55.94596405697396,-3.1850717323412248,WSW,55.94584925194425,-3.185348896200978,1758.5456892433879,1952.4529260259594
55.94584925194425,-3.185348896200978,WSW,55.94573444691454,-3.1856260600607316,1758.5456892433879,1951.2029260259594
55.94573444691454,-3.1856260600607316,WSW,55.94561964188483,-3.185903223920485,1831.1667960634452,1976.591509354791
55.94561964188483,-3.185903223920485,WNW,55.94573444691454,-3.1861803877802384,1831.1667960634452,1975.341509354791
55.94573444691454,-3.1861803877802384,W,55.94573444691454,-3.1864803877802386,1955.532111443152,2015.0281092238135
55.94573444691454,-3.1864803877802386,W,55.94573444691454,-3.1867803877802388,1955.532111443152,2013.7781092238135
55.94573444691454,-3.1867803877802388,WNW,55.94584925194425,-3.187057551639992,1955.532111443152,2012.5281092238135
55.94584925194425,-3.187057551639992,W,55.94584925194425,-3.1873575516399923,1987.4968362131171,2075.964976814406
55.94584925194425,-3.1873575516399923,SSE,55.945572088084496,-3.187242746610283,1987.4968362131171,2074.714976814406
55.945572088084496,-3.187242746610283,SSE,55.94529492422474,-3.1871279415805733,1987.4968362131171,2073.464976814406
55.94529492422474,-3.1871279415805733,SSE,55.94501776036498,-3.187013136550864,1987.4968362131171,2072.214976814406
55.94501776036498,-3.187013136550864,SSW,55.94474059650523,-3.1871279415805733,1987.4968362131171,2070.964976814406
55.94474059650523,-3.1871279415805733,SE,55.94452846447087,-3.1869158095462176,1987.4968362131171,2069.714976814406
55.94452846447087,-3.1869158095462176,SE,55.944316332436514,-3.186703677511862,1987.4968362131171,2068.464976814406
55.944316332436514,-3.186703677511862,SE,55.94410420040216,-3.186491545477506,1987.4968362131171,2067.214976814406
55.94410420040216,-3.186491545477506,SE,55.9438920683678,-3.1862794134431502,1987.4968362131171,2065.964976814406
55.9438920683678,-3.1862794134431502,SW,55.943679936333446,-3.186491545477506,1987.4968362131171,2064.714976814406
55.943679936333446,-3.186491545477506,SE,55.94346780429909,-3.1862794134431502,1987.4968362131171,2063.464976814406
55.94346780429909,-3.1862794134431502,SE,55.94325567226473,-3.1860672814087945,1987.4968362131171,2062.214976814406
55.94325567226473,-3.1860672814087945,SE,55.94304354023038,-3.1858551493744387,1987.4968362131171,2060.964976814406
55.94304354023038,-3.1858551493744387,ESE,55.94292873520067,-3.1855779855146853,2023.9413160442703,2062.738783349053
55.94292873520067,-3.1855779855146853,ESE,55.942813930170956,-3.185300821654932,2023.9413160442703,2061.488783349053
55.942813930170956,-3.185300821654932,ESE,55.942699125141246,-3.1850236577951785,2023.9413160442703,2060.238783349053
55.942699125141246,-3.1850236577951785,E,55.942699125141246,-3.1847236577951783,2048.8254148902415,2181.0484154913675
55.942699125141246,-3.1847236577951783,WNW,55.942813930170956,-3.1850008216549317,2048.8254148902415,2179.7984154913675
55.942813930170956,-3.1850008216549317,W,55.942813930170956,-3.185300821654932,2048.8254148902415,2178.5484154913675
55.942813930170956,-3.185300821654932,W,55.942813930170956,-3.185600821654932,2048.8254148902415,2177.2984154913675
55.942813930170956,-3.185600821654932,W,55.942813930170956,-3.1859008216549323,2048.8254148902415,2176.0484154913675
55.942813930170956,-3.1859008216549323,W,55.942813930170956,-3.1862008216549325,2048.8254148902415,2174.7984154913675
55.942813930170956,-3.1862008216549325,W,55.942813930170956,-3.1865008216549326,2048.8254148902415,2173.5484154913675
55.942813930170956,-3.1865008216549326,W,55.942813930170956,-3.186800821654933,2048.8254148902415,2172.2984154913675
55.942813930170956,-3.186800821654933,W,55.942813930170956,-3.187100821654933,2048.8254148902415,2171.0484154913675
55.942813930170956,-3.187100821654933,ESE,55.942699125141246,-3.1868236577951796,2048.8254148902415,2169.7984154913675
55.942699125141246,-3.1868236577951796,W,55.942699125141246,-3.18712365779518,2048.8254148902415,2168.5484154913675
55.942699125141246,-3.18712365779518,W,55.942699125141246,-3.18742365779518,2048.8254148902415,2167.2984154913675
55.942699125141246,-3.18742365779518,W,55.942699125141246,-3.18772365779518,2048.8254148902415,2166.0484154913675
55.942699125141246,-3.18772365779518,W,55.942699125141246,-3.1880236577951804,2048.8254148902415,2164.7984154913675
55.942699125141246,-3.1880236577951804,W,55.942699125141246,-3.1883236577951806,2048.8254148902415,2163.5484154913675
55.942699125141246,-3.1883236577951806,W,55.942699125141246,-3.1886236577951808,2048.8254148902415,2162.2984154913675
55.942699125141246,-3.1886236577951808,W,55.942699125141246,-3.188923657795181,2048.8254148902415,2161.0484154913675
55.942699125141246,-3.188923657795181,N,55.94299912514125,-3.188923657795181,2048.8254148902415,2159.7984154913675
55.94299912514125,-3.188923657795181,WSW,55.94288432011154,-3.1892008216549343,2048.8254148902415,2158.5484154913675
55.94288432011154,-3.1892008216549343,WSW,55.94276951508183,-3.1894779855146878,2048.8254148902415,2157.2984154913675
55.94276951508183,-3.1894779855146878,WSW,55.94265471005212,-3.189755149374441,2158.175953701947,2202.404000634578
55.94265471005212,-3.189755149374441,W,55.94265471005212,-3.1900551493744413,2162.562155970216,2280.1308805135195
55.94265471005212,-3.1900551493744413,WNW,55.94276951508183,-3.1903323132341947,2162.562155970216,2278.8808805135195
55.94276951508183,-3.1903323132341947,WNW,55.94288432011154,-3.190609477093948,2162.562155970216,2277.6308805135195
55.94288432011154,-3.190609477093948,WNW,55.94299912514125,-3.1908866409537016,2162.562155970216,2276.3808805135195
55.94299912514125,-3.1908866409537016,N,55.94329912514125,-3.1908866409537016,2162.562155970216,2275.1308805135195
55.94329912514125,-3.1908866409537016,SSW,55.943021961281495,-3.191001445983411,2162.562155970216,2273.8808805135195
55.943021961281495,-3.191001445983411,SW,55.94280982924714,-3.191213578017767,2162.562155970216,2272.6308805135195
55.94280982924714,-3.191213578017767,ENE,55.94292463427685,-3.1909364141580134,2162.562155970216,2271.3808805135195
55.94292463427685,-3.1909364141580134,N,55.94322463427685,-3.1909364141580134,2162.562155970216,2270.1308805135195
55.94322463427685,-3.1909364141580134,ENE,55.94333943930656,-3.19065925029826,2162.562155970216,2268.8808805135195
55.94333943930656,-3.19065925029826,W,55.94333943930656,-3.19095925029826,2162.562155970216,2267.6308805135195
55.94333943930656,-3.19095925029826,S,55.94303943930656,-3.19095925029826,2162.562155970216,2266.3808805135195
55.94303943930656,-3.19095925029826,SW,55.9428273072722,-3.191171382332616,2162.562155970216,2265.1308805135195
55.9428273072722,-3.191171382332616,ENE,55.942942112301914,-3.1908942184728626,2162.562155970216,2263.8808805135195
55.942942112301914,-3.1908942184728626,N,55.94324211230192,-3.1908942184728626,2162.562155970216,2262.6308805135195
55.94324211230192,-3.1908942184728626,NNW,55.94351927616167,-3.191009023502572,2162.562155970216,2261.3808805135195
55.94351927616167,-3.191009023502572,W,55.94351927616167,-3.1913090235025723,2162.562155970216,2260.1308805135195
55.94351927616167,-3.1913090235025723,SW,55.94330714412732,-3.191521155536928,2162.562155970216,2258.8808805135195
55.94330714412732,-3.191521155536928,WSW,55.94319233909761,-3.1917983193966815,2235.363560179668,2350.9115409204483
55.94319233909761,-3.1917983193966815,NNW,55.94346950295736,-3.191913124426391,2235.363560179668,2349.6615409204483
55.94346950295736,-3.191913124426391,N,55.943769502957366,-3.191913124426391,2235.363560179668,2348.4115409204483
55.943769502957366,-3.191913124426391,NNW,55.94404666681712,-3.1920279294561005,2235.363560179668,2347.1615409204483
55.94404666681712,-3.1920279294561005,N,55.944346666817125,-3.1920279294561005,2235.363560179668,2345.9115409204483
55.944346666817125,-3.1920279294561005,NNW,55.94462383067688,-3.19214273448581,2235.363560179668,2344.6615409204483
55.94462383067688,-3.19214273448581,N,55.944923830676885,-3.19214273448581,2235.363560179668,2343.4115409204483
55.944923830676885,-3.19214273448581,NNW,55.94520099453664,-3.1922575395155195,2283.818583036781,2434.0285447797623
55.94520099453664,-3.1922575395155195,NE,55.945413126571,-3.1920454074811637,2283.818583036781,2432.7785447797623
55.945413126571,-3.1920454074811637,NNE,55.945690290430754,-3.191930602451454,2386.756028005147,2507.1692585808737
55.945690290430754,-3.191930602451454,SSW,55.945413126571,-3.1920454074811637,2386.756028005147,2505.9192585808737
55.945413126571,-3.1920454074811637,NNE,55.945690290430754,-3.191930602451454,2386.756028005147,2504.6692585808737
55.945690290430754,-3.191930602451454,SSW,55.945413126571,-3.1920454074811637,2386.756028005147,2503.4192585808737
55.945413126571,-3.1920454074811637,NNE,55.945690290430754,-3.191930602451454,2386.756028005147,2502.1692585808737
55.945690290430754,-3.191930602451454,SSW,55.945413126571,-3.1920454074811637,2386.756028005147,2500.9192585808737
55.945413126571,-3.1920454074811637,NNE,55.945690290430754,-3.191930602451454,2386.756028005147,2499.6692585808737
55.945690290430754,-3.191930602451454,SSW,55.945413126571,-3.1920454074811637,2386.756028005147,2498.4192585808737
55.945413126571,-3.1920454074811637,NNE,55.945690290430754,-3.191930602451454,2386.756028005147,2497.1692585808737
55.945690290430754,-3.191930602451454,SSW,55.945413126571,-3.1920454074811637,2386.756028005147,2495.9192585808737
55.945413126571,-3.1920454074811637,NNE,55.945690290430754,-3.191930602451454,2386.756028005147,2494.6692585808737
55.945690290430754,-3.191930602451454,SSW,55.945413126571,-3.1920454074811637,2386.756028005147,2493.4192585808737
55.945413126571,-3.1920454074811637,NNE,55.945690290430754,-3.191930602451454,2386.756028005147,2492.1692585808737
55.945690290430754,-3.191930602451454,SSW,55.945413126571,-3.1920454074811637,2386.756028005147,2490.9192585808737
55.945413126571,-3.1920454074811637,NNE,55.945690290430754,-3.191930602451454,2386.756028005147,2489.6692585808737
55.945690290430754,-3.191930602451454,SSW,55.945413126571,-3.1920454074811637,2386.756028005147,2488.4192585808737
55.945413126571,-3.1920454074811637,NNE,55.945690290430754,-3.191930602451454,2386.756028005147,2487.1692585808737
55.945690290430754,-3.191930602451454,SSW,55.945413126571,-3.1920454074811637,2386.756028005147,2485.9192585808737
55.945413126571,-3.1920454074811637,NNE,55.945690290430754,-3.191930602451454,2386.756028005147,2484.6692585808737
55.945690290430754,-3.191930602451454,SSW,55.945413126571,-3.1920454074811637,2386.756028005147,2483.4192585808737
55.945413126571,-3.1920454074811637,NNE,55.945690290430754,-3.191930602451454,2386.756028005147,2482.1692585808737
55.945690290430754,-3.191930602451454,SSW,55.945413126571,-3.1920454074811637,2386.756028005147,2480.9192585808737
55.945413126571,-3.1920454074811637,NNE,55.945690290430754,-3.191930602451454,2386.756028005147,2479.6692585808737
55.945690290430754,-3.191930602451454,SSW,55.945413126571,-3.1920454074811637,2386.756028005147,2478.4192585808737
55.945413126571,-3.1920454074811637,NNE,55.945690290430754,-3.191930602451454,2386.756028005147,2477.1692585808737
55.945690290430754,-3.191930602451454,SSW,55.945413126571,-3.1920454074811637,2386.756028005147,2475.9192585808737
55.945413126571,-3.1920454074811637,NNE,55.945690290430754,-3.191930602451454,2386.756028005147,2474.6692585808737
55.945690290430754,-3.191930602451454,SSW,55.945413126571,-3.1920454074811637,2386.756028005147,2473.4192585808737
55.945413126571,-3.1920454074811637,NNE,55.945690290430754,-3.191930602451454,2386.756028005147,2472.1692585808737
55.945690290430754,-3.191930602451454,SSW,55.945413126571,-3.1920454074811637,2386.756028005147,2470.9192585808737
55.945413126571,-3.1920454074811637,NNE,55.945690290430754,-3.191930602451454,2386.756028005147,2469.6692585808737
55.945690290430754,-3.191930602451454,SSW,55.945413126571,-3.1920454074811637,2386.756028005147,2468.4192585808737
55.945413126571,-3.1920454074811637,NNE,55.945690290430754,-3.191930602451454,2386.756028005147,2467.1692585808737
55.945690290430754,-3.191930602451454,SSW,55.945413126571,-3.1920454074811637,2386.756028005147,2465.9192585808737
55.945413126571,-3.1920454074811637,NNE,55.945690290430754,-3.191930602451454,2386.756028005147,2464.6692585808737
55.945690290430754,-3.191930602451454,SSW,55.945413126571,-3.1920454074811637,2386.756028005147,2463.4192585808737
55.945413126571,-3.1920454074811637,NNE,55.945690290430754,-3.191930602451454,2386.756028005147,2462.1692585808737
55.945690290430754,-3.191930602451454,SSW,55.945413126571,-3.1920454074811637,2386.756028005147,2460.9192585808737
55.945413126571,-3.1920454074811637,NNE,55.945690290430754,-3.191930602451454,2386.756028005147,2459.6692585808737
55.945690290430754,-3.191930602451454,SSW,55.945413126571,-3.1920454074811637,2386.756028005147,2458.4192585808737
55.945413126571,-3.1920454074811637,NNE,55.945690290430754,-3.191930602451454,2386.756028005147,2457.1692585808737
55.945690290430754,-3.191930602451454,SSW,55.945413126571,-3.1920454074811637,2386.756028005147,2455.9192585808737
55.945413126571,-3.1920454074811637,NNE,55.945690290430754,-3.191930602451454,2386.756028005147,2454.6692585808737
55.945690290430754,-3.191930602451454,SSW,55.945413126571,-3.1920454074811637,2386.756028005147,2453.4192585808737
55.945413126571,-3.1920454074811637,NNE,55.945690290430754,-3.191930602451454,2386.756028005147,2452.1692585808737
55.945690290430754,-3.191930602451454,SSW,55.945413126571,-3.1920454074811637,2386.756028005147,2450.9192585808737
55.945413126571,-3.1920454074811637,NNE,55.945690290430754,-3.191930602451454,2386.756028005147,2449.6692585808737
55.945690290430754,-3.191930602451454,SSW,55.945413126571,-3.1920454074811637,2386.756028005147,2448.4192585808737
55.945413126571,-3.1920454074811637,NNE,55.945690290430754,-3.191930602451454,2386.756028005147,2447.1692585808737
55.945690290430754,-3.191930602451454,SSW,55.945413126571,-3.1920454074811637,2386.756028005147,2445.9192585808737
55.945413126571,-3.1920454074811637,NNE,55.945690290430754,-3.191930602451454,2386.756028005147,2444.6692585808737
55.945690290430754,-3.191930602451454,SSW,55.945413126571,-3.1920454074811637,2386.756028005147,2443.4192585808737
55.945413126571,-3.1920454074811637,NNE,55.945690290430754,-3.191930602451454,2386.756028005147,2442.1692585808737
55.945690290430754,-3.191930602451454,SSW,55.945413126571,-3.1920454074811637,2386.756028005147,2440.9192585808737
55.945413126571,-3.1920454074811637,NNE,55.945690290430754,-3.191930602451454,2386.756028005147,2439.6692585808737
55.945690290430754,-3.191930602451454,SSW,55.945413126571,-3.1920454074811637,2386.756028005147,2438.4192585808737
55.945413126571,-3.1920454074811637,NNE,55.945690290430754,-3.191930602451454,2386.756028005147,2437.1692585808737
55.945690290430754,-3.191930602451454,SSW,55.945413126571,-3.1920454074811637,2386.756028005147,2435.9192585808737
55.945413126571,-3.1920454074811637,NNE,55.945690290430754,-3.191930602451454,2386.756028005147,2434.6692585808737
55.945690290430754,-3.191930602451454,SSW,55.945413126571,-3.1920454074811637,2386.756028005147,2433.4192585808737
55.945413126571,-3.1920454074811637,NNE,55.945690290430754,-3.191930602451454,2386.756028005147,2432.1692585808737
55.945690290430754,-3.191930602451454,SSW,55.945413126571,-3.1920454074811637,2386.756028005147,2430.9192585808737
55.945413126571,-3.1920454074811637,NNE,55.945690290430754,-3.191930602451454,2386.756028005147,2429.6692585808737
55.945690290430754,-3.191930602451454,SSW,55.945413126571,-3.1920454074811637,2386.756028005147,2428.4192585808737
55.945413126571,-3.1920454074811637,NNE,55.945690290430754,-3.191930602451454,2386.756028005147,2427.1692585808737
55.945690290430754,-3.191930602451454,SSW,55.945413126571,-3.1920454074811637,2386.756028005147,2425.9192585808737
55.945413126571,-3.1920454074811637,NNE,55.945690290430754,-3.191930602451454,2386.756028005147,2424.6692585808737
55.945690290430754,-3.191930602451454,SSW,55.945413126571,-3.1920454074811637,2386.756028005147,2423.4192585808737
55.945413126571,-3.1920454074811637,NNE,55.945690290430754,-3.191930602451454,2386.756028005147,2422.1692585808737
55.945690290430754,-3.191930602451454,SSW,55.945413126571,-3.1920454074811637,2386.756028005147,2420.9192585808737
55.945413126571,-3.1920454074811637,NNE,55.945690290430754,-3.191930602451454,2386.756028005147,2419.6692585808737
55.945690290430754,-3.191930602451454,SSW,55.945413126571,-3.1920454074811637,2386.756028005147,2418.4192585808737
55.945413126571,-3.1920454074811637,NNE,55.945690290430754,-3.191930602451454,2386.756028005147,2417.1692585808737
55.945690290430754,-3.191930602451454,SSW,55.945413126571,-3.1920454074811637,2386.756028005147,2415.9192585808737
55.945413126571,-3.1920454074811637,NNE,55.945690290430754,-3.191930602451454,2386.756028005147,2414.6692585808737
55.945690290430754,-3.191930602451454,SSW,55.945413126571,-3.1920454074811637,2386.756028005147,2413.4192585808737
55.945413126571,-3.1920454074811637,NNE,55.945690290430754,-3.191930602451454,2386.756028005147,2412.1692585808737
55.945690290430754,-3.191930602451454,SSW,55.945413126571,-3.1920454074811637,2386.756028005147,2410.9192585808737
55.945413126571,-3.1920454074811637,NNE,55.945690290430754,-3.191930602451454,2386.756028005147,2409.6692585808737
55.945690290430754,-3.191930602451454,SSW,55.945413126571,-3.1920454074811637,2386.756028005147,2408.4192585808737
55.945413126571,-3.1920454074811637,NNE,55.945690290430754,-3.191930602451454,2386.756028005147,2407.1692585808737
55.945690290430754,-3.191930602451454,SSW,55.945413126571,-3.1920454074811637,2386.756028005147,2405.9192585808737
55.945413126571,-3.1920454074811637,NNE,55.945690290430754,-3.191930602451454,2386.756028005147,2404.6692585808737
55.945690290430754,-3.191930602451454,SSW,55.945413126571,-3.1920454074811637,2386.756028005147,2403.4192585808737
55.945413126571,-3.1920454074811637,NNE,55.945690290430754,-3.191930602451454,2386.756028005147,2402.1692585808737
55.945690290430754,-3.191930602451454,SSW,55.945413126571,-3.1920454074811637,2386.756028005147,2400.9192585808737
55.945413126571,-3.1920454074811637,NNE,55.945690290430754,-3.191930602451454,2386.756028005147,2399.6692585808737
55.945690290430754,-3.191930602451454,SSW,55.945413126571,-3.1920454074811637,2386.756028005147,2398.4192585808737
55.945413126571,-3.1920454074811637,NNE,55.945690290430754,-3.191930602451454,2386.756028005147,2397.1692585808737
55.945690290430754,-3.191930602451454,SSW,55.945413126571,-3.1920454074811637,2386.756028005147,2395.9192585808737
55.945413126571,-3.1920454074811637,NNE,55.945690290430754,-3.191930602451454,2386.756028005147,2394.6692585808737
55.945690290430754,-3.191930602451454,SSW,55.945413126571,-3.1920454074811637,2386.756028005147,2393.4192585808737
55.945413126571,-3.1920454074811637,NNE,55.945690290430754,-3.191930602451454,2386.756028005147,2392.1692585808737
55.945690290430754,-3.191930602451454,SSW,55.945413126571,-3.1920454074811637,2386.756028005147,2390.9192585808737
55.945413126571,-3.1920454074811637,NNE,55.945690290430754,-3.191930602451454,2386.756028005147,2389.6692585808737
55.945690290430754,-3.191930602451454,SSW,55.945413126571,-3.1920454074811637,2386.756028005147,2388.4192585808737
55.945413126571,-3.1920454074811637,NNE,55.945690290430754,-3.191930602451454,2386.756028005147,2387.1692585808737
55.945690290430754,-3.191930602451454,SSW,55.945413126571,-3.1920454074811637,2386.756028005147,2385.9192585808737
55.945413126571,-3.1920454074811637,NNE,55.945690290430754,-3.191930602451454,2386.756028005147,2384.6692585808737
55.945690290430754,-3.191930602451454,SSW,55.945413126571,-3.1920454074811637,2386.756028005147,2383.4192585808737
55.945413126571,-3.1920454074811637,NNE,55.945690290430754,-3.191930602451454,2386.756028005147,2382.1692585808737
55.945690290430754,-3.191930602451454,SSW,55.945413126571,-3.1920454074811637,2386.756028005147,2380.9192585808737
55.945413126571,-3.1920454074811637,NNE,55.945690290430754,-3.191930602451454,2386.756028005147,2379.6692585808737
55.945690290430754,-3.191930602451454,SSW,55.945413126571,-3.1920454074811637,2386.756028005147,2378.4192585808737
55.945413126571,-3.1920454074811637,NNE,55.945690290430754,-3.191930602451454,2386.756028005147,2377.1692585808737
55.945690290430754,-3.191930602451454,SSW,55.945413126571,-3.1920454074811637,2386.756028005147,2375.9192585808737
55.945413126571,-3.1920454074811637,NNE,55.945690290430754,-3.191930602451454,2386.756028005147,2374.6692585808737
55.945690290430754,-3.191930602451454,SSW,55.945413126571,-3.1920454074811637,2386.756028005147,2373.4192585808737
55.945413126571,-3.1920454074811637,NNE,55.945690290430754,-3.191930602451454,2386.756028005147,2372.1692585808737
55.945690290430754,-3.191930602451454,SSW,55.945413126571,-3.1920454074811637,2386.756028005147,2370.9192585808737
55.945413126571,-3.1920454074811637,NNE,55.945690290430754,-3.191930602451454,2386.756028005147,2369.6692585808737
55.945690290430754,-3.191930602451454,SSW,55.945413126571,-3.1920454074811637,2386.756028005147,2368.4192585808737
55.945413126571,-3.1920454074811637,NNE,55.945690290430754,-3.191930602451454,2386.756028005147,2367.1692585808737
55.945690290430754,-3.191930602451454,SSW,55.945413126571,-3.1920454074811637,2386.756028005147,2365.9192585808737
55.945413126571,-3.1920454074811637,NNE,55.945690290430754,-3.191930602451454,2386.756028005147,2364.6692585808737
55.945690290430754,-3.191930602451454,SSW,55.945413126571,-3.1920454074811637,2386.756028005147,2363.4192585808737
55.945413126571,-3.1920454074811637,NNE,55.945690290430754,-3.191930602451454,2386.756028005147,2362.1692585808737
55.945690290430754,-3.191930602451454,SSW,55.945413126571,-3.1920454074811637,2386.756028005147,2360.9192585808737
55.945413126571,-3.1920454074811637,NNE,55.945690290430754,-3.191930602451454,2386.756028005147,2359.6692585808737
55.945690290430754,-3.191930602451454,SSW,55.945413126571,-3.1920454074811637,2386.756028005147,2358.4192585808737
