55.944425,-3.188396,E,55.944425,-3.188096,52.513444294909704,276.1023925092194
55.944425,-3.188096,NNE,55.94470216385976,-3.1879811949702903,52.513444294909704,274.8523925092194
55.94470216385976,-3.1879811949702903,N,55.94500216385976,-3.1879811949702903,63.03717133094732,286.6068644544223
55.94500216385976,-3.1879811949702903,E,55.94500216385976,-3.18768119497029,63.03717133094732,285.3568644544223
55.94500216385976,-3.18768119497029,E,55.94500216385976,-3.18738119497029,88.91182523099721,355.1241948924309
55.94500216385976,-3.18738119497029,E,55.94500216385976,-3.1870811949702897,88.91182523099721,353.8741948924309
55.94500216385976,-3.1870811949702897,E,55.94500216385976,-3.1867811949702896,164.34024166636377,383.01745235504967
55.94500216385976,-3.1867811949702896,ENE,55.94511696888947,-3.186504031110536,164.34024166636377,381.76745235504967
55.94511696888947,-3.186504031110536,ENE,55.94523177391918,-3.1862268672507827,164.34024166636377,380.51745235504967
55.94523177391918,-3.1862268672507827,ENE,55.94534657894889,-3.1859497033910293,168.73270795565074,423.2582414112181
55.94534657894889,-3.1859497033910293,NNE,55.94562374280865,-3.18583489836132,168.73270795565074,422.0082414112181
55.94562374280865,-3.18583489836132,NE,55.945835874843006,-3.185622766326964,239.56147847008037,529.8743438944073
55.945835874843006,-3.185622766326964,SSE,55.94555871098325,-3.1855079612972546,239.56147847008037,528.6243438944073
55.94555871098325,-3.1855079612972546,SSE,55.94528154712349,-3.185393156267545,239.56147847008037,527.3743438944073
55.94528154712349,-3.185393156267545,SE,55.94506941508914,-3.1851810242331893,239.56147847008037,526.1243438944073
55.94506941508914,-3.1851810242331893,SSE,55.94479225122938,-3.1850662192034798,239.56147847008037,524.8743438944073
55.94479225122938,-3.1850662192034798,SE,55.944580119195024,-3.184854087169124,239.56147847008037,523.6243438944073
55.944580119195024,-3.184854087169124,SSE,55.94430295533527,-3.1847392821394145,239.56147847008037,522.3743438944073
55.94430295533527,-3.1847392821394145,SE,55.94409082330091,-3.1845271501050587,337.1393499974493,551.0590180321979
55.94409082330091,-3.1845271501050587,W,55.94409082330091,-3.184827150105059,337.1393499974493,549.8090180321979
55.94409082330091,-3.184827150105059,WSW,55.9439760182712,-3.1851043139648123,337.1393499974493,548.5590180321979
55.9439760182712,-3.1851043139648123,WSW,55.94386121324149,-3.1853814778245657,337.1393499974493,547.3090180321979
55.94386121324149,-3.1853814778245657,WSW,55.94374640821178,-3.185658641684319,337.1393499974493,546.0590180321979
55.94374640821178,-3.185658641684319,WSW,55.94363160318207,-3.1859358055440725,337.1393499974493,544.8090180321979
55.94363160318207,-3.1859358055440725,WSW,55.94351679815236,-3.186212969403826,337.1393499974493,543.5590180321979
55.94351679815236,-3.186212969403826,WSW,55.94340199312265,-3.1864901332635793,337.1393499974493,542.3090180321979
55.94340199312265,-3.1864901332635793,WSW,55.94328718809294,-3.1867672971233327,337.1393499974493,541.0590180321979
55.94328718809294,-3.1867672971233327,SW,55.94307505605858,-3.1869794291576885,423.62487828190046,542.6808758423335
55.94307505605858,-3.1869794291576885,SW,55.942862924024226,-3.1871915611920443,482.0805639929207,654.5238033493752
55.942862924024226,-3.1871915611920443,NNE,55.94314008788398,-3.1870767561623348,482.0805639929207,653.2738033493752
55.94314008788398,-3.1870767561623348,SW,55.942927955849626,-3.1872888881966905,482.0805639929207,652.0238033493752
55.942927955849626,-3.1872888881966905,WNW,55.94304276087934,-3.187566052056444,482.0805639929207,650.7738033493752
55.94304276087934,-3.187566052056444,WNW,55.94315756590905,-3.1878432159161973,482.0805639929207,649.5238033493752
55.94315756590905,-3.1878432159161973,WNW,55.94327237093876,-3.1881203797759508,482.0805639929207,648.2738033493752
55.94327237093876,-3.1881203797759508,WNW,55.94338717596847,-3.188397543635704,482.0805639929207,647.0238033493752
55.94338717596847,-3.188397543635704,WNW,55.94350198099818,-3.1886747074954576,482.0805639929207,645.7738033493752
55.94350198099818,-3.1886747074954576,WNW,55.94361678602789,-3.188951871355211,535.2838345559469,658.5478573862606
55.94361678602789,-3.188951871355211,W,55.94361678602789,-3.189251871355211,535.2838345559469,657.2978573862606
55.94361678602789,-3.189251871355211,W,55.94361678602789,-3.1895518713552113,613.0564576503436,778.2256610381419
55.94361678602789,-3.1895518713552113,NNE,55.943893949887645,-3.189437066325502,666.9557659776713,813.1108121828576
55.943893949887645,-3.189437066325502,S,55.94359394988764,-3.189437066325502,666.9557659776713,811.8608121828576
55.94359394988764,-3.189437066325502,SSW,55.943316786027886,-3.1895518713552113,666.9557659776713,810.6108121828576
55.943316786027886,-3.1895518713552113,SSW,55.94303962216813,-3.189666676384921,682.2238369955597,827.9929467715078
55.94303962216813,-3.189666676384921,NW,55.943251754202485,-3.1898788084192766,682.2238369955597,826.7429467715078
55.943251754202485,-3.1898788084192766,NW,55.94346388623684,-3.1900909404536324,682.2238369955597,825.4929467715078
55.94346388623684,-3.1900909404536324,NW,55.9436760182712,-3.190303072487988,682.2238369955597,824.2429467715078
55.9436760182712,-3.190303072487988,NW,55.943888150305554,-3.190515204522344,682.2238369955597,822.9929467715078
55.943888150305554,-3.190515204522344,NW,55.94410028233991,-3.1907273365566997,746.6459206447746,855.7389096349949
55.94410028233991,-3.1907273365566997,WSW,55.9439854773102,-3.191004500416453,746.6459206447746,854.4889096349949
55.9439854773102,-3.191004500416453,WNW,55.94410028233991,-3.1912816642762065,746.6459206447746,853.2389096349949
55.94410028233991,-3.1912816642762065,SE,55.943888150305554,-3.1910695322418507,746.6459206447746,851.9889096349949
55.943888150305554,-3.1910695322418507,SSW,55.9436109864458,-3.1911843372715603,746.6459206447746,850.7389096349949
55.9436109864458,-3.1911843372715603,W,55.9436109864458,-3.1914843372715604,789.3519779032589,914.9772424957422
55.9436109864458,-3.1914843372715604,S,55.943310986445795,-3.1914843372715604,789.3519779032589,913.7272424957422
55.943310986445795,-3.1914843372715604,S,55.94301098644579,-3.1914843372715604,789.3519779032589,912.4772424957422
55.94301098644579,-3.1914843372715604,SSW,55.942733822586035,-3.19159914230127,913.8164381689985,992.8275620243588
55.942733822586035,-3.19159914230127,W,55.942733822586035,-3.19189914230127,988.4093851491606,1067.4892279486282
55.942733822586035,-3.19189914230127,NNW,55.94301098644579,-3.1920139473309797,988.4093851491606,1066.2392279486282
55.94301098644579,-3.1920139473309797,NNW,55.94328815030555,-3.192128752360689,988.4093851491606,1064.9892279486282
55.94328815030555,-3.192128752360689,NNW,55.943565314165305,-3.1922435573903987,988.4093851491606,1063.7392279486282
55.943565314165305,-3.1922435573903987,N,55.94386531416531,-3.1922435573903987,988.4093851491606,1062.4892279486282
55.94386531416531,-3.1922435573903987,NNW,55.944142478025064,-3.192358362420108,988.4093851491606,1061.2392279486282
55.944142478025064,-3.192358362420108,N,55.94444247802507,-3.192358362420108,988.4093851491606,1059.9892279486282
55.94444247802507,-3.192358362420108,N,55.94474247802507,-3.192358362420108,1000.7676043597924,1166.0999035316393
55.94474247802507,-3.192358362420108,N,55.94504247802507,-3.192358362420108,1000.7676043597924,1164.8499035316393
55.94504247802507,-3.192358362420108,N,55.945342478025076,-3.192358362420108,1125.256389410882,1171.432632259279
55.945342478025076,-3.192358362420108,NE,55.94555461005943,-3.1921462303857524,1125.256389410882,1170.182632259279
55.94555461005943,-3.1921462303857524,NE,55.94576674209379,-3.1919340983513966,1160.5308913006304,1189.3268628701023
55.94576674209379,-3.1919340983513966,SSE,55.94548957823403,-3.191819293321687,1160.5308913006304,1188.0768628701023
55.94548957823403,-3.191819293321687,NNE,55.94576674209379,-3.1917044882919776,1160.5308913006304,1186.8268628701023
55.94576674209379,-3.1917044882919776,ENE,55.9458815471235,-3.191427324432224,1160.5308913006304,1185.5768628701023
55.9458815471235,-3.191427324432224,SE,55.94566941508914,-3.1912151923978684,1160.5308913006304,1184.3268628701023
55.94566941508914,-3.1912151923978684,SSE,55.945392251229386,-3.191100387368159,1160.5308913006304,1183.0768628701023
55.945392251229386,-3.191100387368159,SE,55.94518011919503,-3.190888255333803,1201.6524664711922,1239.6528845393404
55.94518011919503,-3.190888255333803,SE,55.94496798716067,-3.1906761232994474,1201.6524664711922,1238.4028845393404
55.94496798716067,-3.1906761232994474,NE,55.94518011919503,-3.1904639912650916,1201.6524664711922,1237.1528845393404
55.94518011919503,-3.1904639912650916,N,55.94548011919503,-3.1904639912650916,1201.6524664711922,1235.9028845393404
55.94548011919503,-3.1904639912650916,NNE,55.94575728305479,-3.190349186235382,1207.5489765150078,1306.495691718931
55.94575728305479,-3.190349186235382,SE,55.94554515102043,-3.1901370542010263,1242.376518903854,1413.2697091287973
55.94554515102043,-3.1901370542010263,NNE,55.94582231488019,-3.190022249171317,1294.8739605731798,1497.5609005699043
55.94582231488019,-3.190022249171317,E,55.94582231488019,-3.1897222491713166,1294.8739605731798,1496.3109005699043
55.94582231488019,-3.1897222491713166,E,55.94582231488019,-3.1894222491713164,1332.7862862512889,1609.9156597944182
55.94582231488019,-3.1894222491713164,E,55.94582231488019,-3.1891222491713163,1332.7862862512889,1608.6656597944182
55.94582231488019,-3.1891222491713163,E,55.94582231488019,-3.188822249171316,1332.7862862512889,1607.4156597944182
55.94582231488019,-3.188822249171316,ESE,55.94570750985048,-3.1885450853115627,1346.063684284399,1623.034592398838
55.94570750985048,-3.1885450853115627,S,55.945407509850476,-3.1885450853115627,1346.063684284399,1621.784592398838
55.945407509850476,-3.1885450853115627,SSW,55.94513034599072,-3.188659890341272,1346.063684284399,1620.534592398838
55.94513034599072,-3.188659890341272,S,55.94483034599072,-3.188659890341272,1420.5270623251677,1631.0600862936226
55.94483034599072,-3.188659890341272,N,55.94513034599072,-3.188659890341272,1420.5270623251677,1629.8100862936226
55.94513034599072,-3.188659890341272,S,55.94483034599072,-3.188659890341272,1420.5270623251677,1628.5600862936226
55.94483034599072,-3.188659890341272,N,55.94513034599072,-3.188659890341272,1420.5270623251677,1627.3100862936226
55.94513034599072,-3.188659890341272,S,55.94483034599072,-3.188659890341272,1420.5270623251677,1626.0600862936226
55.94483034599072,-3.188659890341272,N,55.94513034599072,-3.188659890341272,1420.5270623251677,1624.8100862936226
55.94513034599072,-3.188659890341272,S,55.94483034599072,-3.188659890341272,1420.5270623251677,1623.5600862936226
55.94483034599072,-3.188659890341272,N,55.94513034599072,-3.188659890341272,1420.5270623251677,1622.3100862936226
55.94513034599072,-3.188659890341272,S,55.94483034599072,-3.188659890341272,1420.5270623251677,1621.0600862936226
55.94483034599072,-3.188659890341272,N,55.94513034599072,-3.188659890341272,1420.5270623251677,1619.8100862936226
55.94513034599072,-3.188659890341272,S,55.94483034599072,-3.188659890341272,1420.5270623251677,1618.5600862936226
55.94483034599072,-3.188659890341272,N,55.94513034599072,-3.188659890341272,1420.5270623251677,1617.3100862936226
55.94513034599072,-3.188659890341272,S,55.94483034599072,-3.188659890341272,1420.5270623251677,1616.0600862936226
55.94483034599072,-3.188659890341272,N,55.94513034599072,-3.188659890341272,1420.5270623251677,1614.8100862936226
55.94513034599072,-3.188659890341272,S,55.94483034599072,-3.188659890341272,1420.5270623251677,1613.5600862936226
55.94483034599072,-3.188659890341272,N,55.94513034599072,-3.188659890341272,1420.5270623251677,1612.3100862936226
55.94513034599072,-3.188659890341272,S,55.94483034599072,-3.188659890341272,1420.5270623251677,1611.0600862936226
55.94483034599072,-3.188659890341272,N,55.94513034599072,-3.188659890341272,1420.5270623251677,1609.8100862936226
55.94513034599072,-3.188659890341272,S,55.94483034599072,-3.188659890341272,1420.5270623251677,1608.5600862936226
55.94483034599072,-3.188659890341272,N,55.94513034599072,-3.188659890341272,1420.5270623251677,1607.3100862936226
55.94513034599072,-3.188659890341272,S,55.94483034599072,-3.188659890341272,1420.5270623251677,1606.0600862936226
55.94483034599072,-3.188659890341272,N,55.94513034599072,-3.188659890341272,1420.5270623251677,1604.8100862936226
55.94513034599072,-3.188659890341272,S,55.94483034599072,-3.188659890341272,1420.5270623251677,1603.5600862936226
55.94483034599072,-3.188659890341272,N,55.94513034599072,-3.188659890341272,1420.5270623251677,1602.3100862936226
55.94513034599072,-3.188659890341272,S,55.94483034599072,-3.188659890341272,1420.5270623251677,1601.0600862936226
55.94483034599072,-3.188659890341272,N,55.94513034599072,-3.188659890341272,1420.5270623251677,1599.8100862936226
55.94513034599072,-3.188659890341272,S,55.94483034599072,-3.188659890341272,1420.5270623251677,1598.5600862936226
55.94483034599072,-3.188659890341272,N,55.94513034599072,-3.188659890341272,1420.5270623251677,1597.3100862936226
55.94513034599072,-3.188659890341272,S,55.94483034599072,-3.188659890341272,1420.5270623251677,1596.0600862936226
55.94483034599072,-3.188659890341272,N,55.94513034599072,-3.188659890341272,1420.5270623251677,1594.8100862936226
55.94513034599072,-3.188659890341272,S,55.94483034599072,-3.188659890341272,1420.5270623251677,1593.5600862936226
55.94483034599072,-3.188659890341272,N,55.94513034599072,-3.188659890341272,1420.5270623251677,1592.3100862936226
55.94513034599072,-3.188659890341272,S,55.94483034599072,-3.188659890341272,1420.5270623251677,1591.0600862936226
55.94483034599072,-3.188659890341272,N,55.94513034599072,-3.188659890341272,1420.5270623251677,1589.8100862936226
55.94513034599072,-3.188659890341272,S,55.94483034599072,-3.188659890341272,1420.5270623251677,1588.5600862936226
55.94483034599072,-3.188659890341272,N,55.94513034599072,-3.188659890341272,1420.5270623251677,1587.3100862936226
55.94513034599072,-3.188659890341272,S,55.94483034599072,-3.188659890341272,1420.5270623251677,1586.0600862936226
55.94483034599072,-3.188659890341272,N,55.94513034599072,-3.188659890341272,1420.5270623251677,1584.8100862936226
55.94513034599072,-3.188659890341272,S,55.94483034599072,-3.188659890341272,1420.5270623251677,1583.5600862936226
55.94483034599072,-3.188659890341272,N,55.94513034599072,-3.188659890341272,1420.5270623251677,1582.3100862936226
55.94513034599072,-3.188659890341272,S,55.94483034599072,-3.188659890341272,1420.5270623251677,1581.0600862936226
55.94483034599072,-3.188659890341272,N,55.94513034599072,-3.188659890341272,1420.5270623251677,1579.8100862936226
55.94513034599072,-3.188659890341272,S,55.94483034599072,-3.188659890341272,1420.5270623251677,1578.5600862936226
55.94483034599072,-3.188659890341272,N,55.94513034599072,-3.188659890341272,1420.5270623251677,1577.3100862936226
55.94513034599072,-3.188659890341272,S,55.94483034599072,-3.188659890341272,1420.5270623251677,1576.0600862936226
55.94483034599072,-3.188659890341272,N,55.94513034599072,-3.188659890341272,1420.5270623251677,1574.8100862936226
55.94513034599072,-3.188659890341272,S,55.94483034599072,-3.188659890341272,1420.5270623251677,1573.5600862936226
55.94483034599072,-3.188659890341272,N,55.94513034599072,-3.188659890341272,1420.5270623251677,1572.3100862936226
55.94513034599072,-3.188659890341272,S,55.94483034599072,-3.188659890341272,1420.5270623251677,1571.0600862936226
55.94483034599072,-3.188659890341272,N,55.94513034599072,-3.188659890341272,1420.5270623251677,1569.8100862936226
55.94513034599072,-3.188659890341272,S,55.94483034599072,-3.188659890341272,1420.5270623251677,1568.5600862936226
55.94483034599072,-3.188659890341272,N,55.94513034599072,-3.188659890341272,1420.5270623251677,1567.3100862936226
55.94513034599072,-3.188659890341272,S,55.94483034599072,-3.188659890341272,1420.5270623251677,1566.0600862936226
55.94483034599072,-3.188659890341272,N,55.94513034599072,-3.188659890341272,1420.5270623251677,1564.8100862936226
55.94513034599072,-3.188659890341272,S,55.94483034599072,-3.188659890341272,1420.5270623251677,1563.5600862936226
55.94483034599072,-3.188659890341272,N,55.94513034599072,-3.188659890341272,1420.5270623251677,1562.3100862936226
55.94513034599072,-3.188659890341272,S,55.94483034599072,-3.188659890341272,1420.5270623251677,1561.0600862936226
55.94483034599072,-3.188659890341272,N,55.94513034599072,-3.188659890341272,1420.5270623251677,1559.8100862936226
55.94513034599072,-3.188659890341272,S,55.94483034599072,-3.188659890341272,1420.5270623251677,1558.5600862936226
55.94483034599072,-3.188659890341272,N,55.94513034599072,-3.188659890341272,1420.5270623251677,1557.3100862936226
55.94513034599072,-3.188659890341272,S,55.94483034599072,-3.188659890341272,1420.5270623251677,1556.0600862936226
55.94483034599072,-3.188659890341272,N,55.94513034599072,-3.188659890341272,1420.5270623251677,1554.8100862936226
55.94513034599072,-3.188659890341272,S,55.94483034599072,-3.188659890341272,1420.5270623251677,1553.5600862936226
55.94483034599072,-3.188659890341272,N,55.94513034599072,-3.188659890341272,1420.5270623251677,1552.3100862936226
55.94513034599072,-3.188659890341272,S,55.94483034599072,-3.188659890341272,1420.5270623251677,1551.0600862936226
55.94483034599072,-3.188659890341272,N,55.94513034599072,-3.188659890341272,1420.5270623251677,1549.8100862936226
55.94513034599072,-3.188659890341272,S,55.94483034599072,-3.188659890341272,1420.5270623251677,1548.5600862936226
55.94483034599072,-3.188659890341272,N,55.94513034599072,-3.188659890341272,1420.5270623251677,1547.3100862936226
55.94513034599072,-3.188659890341272,S,55.94483034599072,-3.188659890341272,1420.5270623251677,1546.0600862936226
55.94483034599072,-3.188659890341272,N,55.94513034599072,-3.188659890341272,1420.5270623251677,1544.8100862936226
55.94513034599072,-3.188659890341272,S,55.94483034599072,-3.188659890341272,1420.5270623251677,1543.5600862936226
55.94483034599072,-3.188659890341272,N,55.94513034599072,-3.188659890341272,1420.5270623251677,1542.3100862936226
55.94513034599072,-3.188659890341272,S,55.94483034599072,-3.188659890341272,1420.5270623251677,1541.0600862936226
55.94483034599072,-3.188659890341272,N,55.94513034599072,-3.188659890341272,1420.5270623251677,1539.8100862936226
55.94513034599072,-3.188659890341272,S,55.94483034599072,-3.188659890341272,1420.5270623251677,1538.5600862936226
55.94483034599072,-3.188659890341272,N,55.94513034599072,-3.188659890341272,1420.5270623251677,1537.3100862936226
55.94513034599072,-3.188659890341272,S,55.94483034599072,-3.188659890341272,1420.5270623251677,1536.0600862936226
55.94483034599072,-3.188659890341272,N,55.94513034599072,-3.188659890341272,1420.5270623251677,1534.8100862936226
55.94513034599072,-3.188659890341272,S,55.94483034599072,-3.188659890341272,1420.5270623251677,1533.5600862936226
55.94483034599072,-3.188659890341272,N,55.94513034599072,-3.188659890341272,1420.5270623251677,1532.3100862936226
55.94513034599072,-3.188659890341272,S,55.94483034599072,-3.188659890341272,1420.5270623251677,1531.0600862936226
55.94483034599072,-3.188659890341272,N,55.94513034599072,-3.188659890341272,1420.5270623251677,1529.8100862936226
55.94513034599072,-3.188659890341272,S,55.94483034599072,-3.188659890341272,1420.5270623251677,1528.5600862936226
55.94483034599072,-3.188659890341272,N,55.94513034599072,-3.188659890341272,1420.5270623251677,1527.3100862936226
55.94513034599072,-3.188659890341272,S,55.94483034599072,-3.188659890341272,1420.5270623251677,1526.0600862936226
55.94483034599072,-3.188659890341272,N,55.94513034599072,-3.188659890341272,1420.5270623251677,1524.8100862936226
55.94513034599072,-3.188659890341272,S,55.94483034599072,-3.188659890341272,1420.5270623251677,1523.5600862936226
55.94483034599072,-3.188659890341272,N,55.94513034599072,-3.188659890341272,1420.5270623251677,1522.3100862936226
55.94513034599072,-3.188659890341272,S,55.94483034599072,-3.188659890341272,1420.5270623251677,1521.0600862936226
55.94483034599072,-3.188659890341272,N,55.94513034599072,-3.188659890341272,1420.5270623251677,1519.8100862936226
55.94513034599072,-3.188659890341272,S,55.94483034599072,-3.188659890341272,1420.5270623251677,1518.5600862936226
55.94483034599072,-3.188659890341272,N,55.94513034599072,-3.188659890341272,1420.5270623251677,1517.3100862936226
55.94513034599072,-3.188659890341272,S,55.94483034599072,-3.188659890341272,1420.5270623251677,1516.0600862936226
55.94483034599072,-3.188659890341272,N,55.94513034599072,-3.188659890341272,1420.5270623251677,1514.8100862936226
55.94513034599072,-3.188659890341272,S,55.94483034599072,-3.188659890341272,1420.5270623251677,1513.5600862936226
55.94483034599072,-3.188659890341272,N,55.94513034599072,-3.188659890341272,1420.5270623251677,1512.3100862936226
55.94513034599072,-3.188659890341272,S,55.94483034599072,-3.188659890341272,1420.5270623251677,1511.0600862936226
55.94483034599072,-3.188659890341272,N,55.94513034599072,-3.188659890341272,1420.5270623251677,1509.8100862936226
55.94513034599072,-3.188659890341272,S,55.94483034599072,-3.188659890341272,1420.5270623251677,1508.5600862936226
55.94483034599072,-3.188659890341272,N,55.94513034599072,-3.188659890341272,1420.5270623251677,1507.3100862936226
55.94513034599072,-3.188659890341272,S,55.94483034599072,-3.188659890341272,1420.5270623251677,1506.0600862936226
55.94483034599072,-3.188659890341272,N,55.94513034599072,-3.188659890341272,1420.5270623251677,1504.8100862936226
55.94513034599072,-3.188659890341272,S,55.94483034599072,-3.188659890341272,1420.5270623251677,1503.5600862936226
55.94483034599072,-3.188659890341272,N,55.94513034599072,-3.188659890341272,1420.5270623251677,1502.3100862936226
55.94513034599072,-3.188659890341272,S,55.94483034599072,-3.188659890341272,1420.5270623251677,1501.0600862936226
55.94483034599072,-3.188659890341272,N,55.94513034599072,-3.188659890341272,1420.5270623251677,1499.8100862936226
55.94513034599072,-3.188659890341272,S,55.94483034599072,-3.188659890341272,1420.5270623251677,1498.5600862936226
55.94483034599072,-3.188659890341272,N,55.94513034599072,-3.188659890341272,1420.5270623251677,1497.3100862936226
55.94513034599072,-3.188659890341272,S,55.94483034599072,-3.188659890341272,1420.5270623251677,1496.0600862936226
55.94483034599072,-3.188659890341272,N,55.94513034599072,-3.188659890341272,1420.5270623251677,1494.8100862936226
55.94513034599072,-3.188659890341272,S,55.94483034599072,-3.188659890341272,1420.5270623251677,1493.5600862936226
55.94483034599072,-3.188659890341272,N,55.94513034599072,-3.188659890341272,1420.5270623251677,1492.3100862936226
55.94513034599072,-3.188659890341272,S,55.94483034599072,-3.188659890341272,1420.5270623251677,1491.0600862936226
55.94483034599072,-3.188659890341272,N,55.94513034599072,-3.188659890341272,1420.5270623251677,1489.8100862936226
55.94513034599072,-3.188659890341272,S,55.94483034599072,-3.188659890341272,1420.5270623251677,1488.5600862936226
55.94483034599072,-3.188659890341272,N,55.94513034599072,-3.188659890341272,1420.5270623251677,1487.3100862936226
55.94513034599072,-3.188659890341272,S,55.94483034599072,-3.188659890341272,1420.5270623251677,1486.0600862936226
55.94483034599072,-3.188659890341272,N,55.94513034599072,-3.188659890341272,1420.5270623251677,1484.8100862936226
55.94513034599072,-3.188659890341272,S,55.94483034599072,-3.188659890341272,1420.5270623251677,1483.5600862936226
55.94483034599072,-3.188659890341272,N,55.94513034599072,-3.188659890341272,1420.5270623251677,1482.3100862936226
55.94513034599072,-3.188659890341272,S,55.94483034599072,-3.188659890341272,1420.5270623251677,1481.0600862936226
55.94483034599072,-3.188659890341272,N,55.94513034599072,-3.188659890341272,1420.5270623251677,1479.8100862936226
55.94513034599072,-3.188659890341272,S,55.94483034599072,-3.188659890341272,1420.5270623251677,1478.5600862936226
55.94483034599072,-3.188659890341272,N,55.94513034599072,-3.188659890341272,1420.5270623251677,1477.3100862936226
55.94513034599072,-3.188659890341272,S,55.94483034599072,-3.188659890341272,1420.5270623251677,1476.0600862936226
55.94483034599072,-3.188659890341272,N,55.94513034599072,-3.188659890341272,1420.5270623251677,1474.8100862936226
55.94513034599072,-3.188659890341272,S,55.94483034599072,-3.188659890341272,1420.5270623251677,1473.5600862936226
55.94483034599072,-3.188659890341272,N,55.94513034599072,-3.188659890341272,1420.5270623251677,1472.3100862936226
55.94513034599072,-3.188659890341272,S,55.94483034599072,-3.188659890341272,1420.5270623251677,1471.0600862936226
55.94483034599072,-3.188659890341272,N,55.94513034599072,-3.188659890341272,1420.5270623251677,1469.8100862936226
55.94513034599072,-3.188659890341272,S,55.94483034599072,-3.188659890341272,1420.5270623251677,1468.5600862936226
55.94483034599072,-3.188659890341272,N,55.94513034599072,-3.188659890341272,1420.5270623251677,1467.3100862936226
55.94513034599072,-3.188659890341272,S,55.94483034599072,-3.188659890341272,1420.5270623251677,1466.0600862936226
55.94483034599072,-3.188659890341272,N,55.94513034599072,-3.188659890341272,1420.5270623251677,1464.8100862936226
55.94513034599072,-3.188659890341272,S,55.94483034599072,-3.188659890341272,1420.5270623251677,1463.5600862936226
55.94483034599072,-3.188659890341272,N,55.94513034599072,-3.188659890341272,1420.5270623251677,1462.3100862936226
55.94513034599072,-3.188659890341272,S,55.94483034599072,-3.188659890341272,1420.5270623251677,1461.0600862936226
55.94483034599072,-3.188659890341272,N,55.94513034599072,-3.188659890341272,1420.5270623251677,1459.8100862936226
55.94513034599072,-3.188659890341272,S,55.94483034599072,-3.188659890341272,1420.5270623251677,1458.5600862936226
55.94483034599072,-3.188659890341272,N,55.94513034599072,-3.188659890341272,1420.5270623251677,1457.3100862936226
55.94513034599072,-3.188659890341272,S,55.94483034599072,-3.188659890341272,1420.5270623251677,1456.0600862936226
55.94483034599072,-3.188659890341272,N,55.94513034599072,-3.188659890341272,1420.5270623251677,1454.8100862936226
55.94513034599072,-3.188659890341272,S,55.94483034599072,-3.188659890341272,1420.5270623251677,1453.5600862936226
55.94483034599072,-3.188659890341272,N,55.94513034599072,-3.188659890341272,1420.5270623251677,1452.3100862936226
55.94513034599072,-3.188659890341272,S,55.94483034599072,-3.188659890341272,1420.5270623251677,1451.0600862936226
55.94483034599072,-3.188659890341272,N,55.94513034599072,-3.188659890341272,1420.5270623251677,1449.8100862936226
55.94513034599072,-3.188659890341272,S,55.94483034599072,-3.188659890341272,1420.5270623251677,1448.5600862936226
55.94483034599072,-3.188659890341272,N,55.94513034599072,-3.188659890341272,1420.5270623251677,1447.3100862936226
55.94513034599072,-3.188659890341272,S,55.94483034599072,-3.188659890341272,1420.5270623251677,1446.0600862936226
55.94483034599072,-3.188659890341272,N,55.94513034599072,-3.188659890341272,1420.5270623251677,1444.8100862936226
55.94513034599072,-3.188659890341272,S,55.94483034599072,-3.188659890341272,1420.5270623251677,1443.5600862936226
55.94483034599072,-3.188659890341272,N,55.94513034599072,-3.188659890341272,1420.5270623251677,1442.3100862936226
55.94513034599072,-3.188659890341272,S,55.94483034599072,-3.188659890341272,1420.5270623251677,1441.0600862936226
55.94483034599072,-3.188659890341272,N,55.94513034599072,-3.188659890341272,1420.5270623251677,1439.8100862936226
55.94513034599072,-3.188659890341272,S,55.94483034599072,-3.188659890341272,1420.5270623251677,1438.5600862936226
55.94483034599072,-3.188659890341272,N,55.94513034599072,-3.188659890341272,1420.5270623251677,1437.3100862936226
55.94513034599072,-3.188659890341272,S,55.94483034599072,-3.188659890341272,1420.5270623251677,1436.0600862936226
55.94483034599072,-3.188659890341272,N,55.94513034599072,-3.188659890341272,1420.5270623251677,1434.8100862936226
55.94513034599072,-3.188659890341272,S,55.94483034599072,-3.188659890341272,1420.5270623251677,1433.5600862936226
55.94483034599072,-3.188659890341272,N,55.94513034599072,-3.188659890341272,1420.5270623251677,1432.3100862936226
55.94513034599072,-3.188659890341272,S,55.94483034599072,-3.188659890341272,1420.5270623251677,1431.0600862936226
55.94483034599072,-3.188659890341272,N,55.94513034599072,-3.188659890341272,1420.5270623251677,1429.8100862936226
55.94513034599072,-3.188659890341272,S,55.94483034599072,-3.188659890341272,1420.5270623251677,1428.5600862936226
