55.944425,-3.188396,WSW,55.94431019497029,-3.1886731638597534,35.790876795520816,344.93106040334663
55.94431019497029,-3.1886731638597534,WSW,55.94419538994058,-3.188950327719507,35.790876795520816,343.68106040334663
55.94419538994058,-3.188950327719507,NNW,55.94447255380034,-3.1890651327492163,35.790876795520816,342.43106040334663
55.94447255380034,-3.1890651327492163,SE,55.94426042176598,-3.1888530007148606,35.790876795520816,341.18106040334663
55.94426042176598,-3.1888530007148606,NNW,55.94453758562574,-3.18896780574457,35.790876795520816,339.93106040334663
55.94453758562574,-3.18896780574457,SE,55.94432545359138,-3.1887556737102143,35.790876795520816,338.68106040334663
55.94432545359138,-3.1887556737102143,SW,55.944113321557026,-3.18896780574457,35.790876795520816,337.43106040334663
55.944113321557026,-3.18896780574457,SW,55.94390118952267,-3.189179937778926,35.790876795520816,336.18106040334663
55.94390118952267,-3.189179937778926,WNW,55.94401599455238,-3.1894571016386792,52.53268320472425,419.60647313202924
55.94401599455238,-3.1894571016386792,NNW,55.94429315841214,-3.1895719066683887,165.90710499812465,447.43887096854394
55.94429315841214,-3.1895719066683887,WSW,55.944178353382426,-3.189849070528142,165.90710499812465,446.18887096854394
55.944178353382426,-3.189849070528142,WSW,55.944063548352716,-3.1901262343878956,165.90710499812465,444.93887096854394
55.944063548352716,-3.1901262343878956,WSW,55.943948743323006,-3.190403398247649,262.5760831026083,548.2861711245398
55.943948743323006,-3.190403398247649,SSW,55.94367157946325,-3.1905182032773585,262.5760831026083,547.0361711245398
55.94367157946325,-3.1905182032773585,SSW,55.94339441560349,-3.190633008307068,311.23951384305747,598.4692717300023
55.94339441560349,-3.190633008307068,SSE,55.943117251743736,-3.1905182032773585,339.37213192511,707.9901773518992
55.943117251743736,-3.1905182032773585,WSW,55.943002446714026,-3.190795367137112,459.24619674492914,798.9540638145588
55.943002446714026,-3.190795367137112,NNW,55.94327961057378,-3.1909101721668214,459.24619674492914,797.7040638145588
55.94327961057378,-3.1909101721668214,NW,55.94349174260814,-3.191122304201177,459.24619674492914,796.4540638145588
55.94349174260814,-3.191122304201177,NNW,55.943768906467895,-3.1912371092308867,459.24619674492914,795.2040638145588
55.943768906467895,-3.1912371092308867,NW,55.94398103850225,-3.1914492412652424,487.75806563934617,878.4128017831741
55.94398103850225,-3.1914492412652424,NW,55.94419317053661,-3.191661373299598,487.75806563934617,877.1628017831741
55.94419317053661,-3.191661373299598,NNW,55.944470334396364,-3.1917761783293077,543.9440863593275,912.2804576120822
55.944470334396364,-3.1917761783293077,W,55.944470334396364,-3.192076178329308,543.9440863593275,911.0304576120822
55.944470334396364,-3.192076178329308,W,55.944470334396364,-3.192376178329308,605.5983293851939,987.3104787127394
55.944470334396364,-3.192376178329308,N,55.94477033439637,-3.192376178329308,605.5983293851939,986.0604787127394
55.94477033439637,-3.192376178329308,NNE,55.94504749825612,-3.1922613732995986,611.5935833352163,1066.1361844128323
55.94504749825612,-3.1922613732995986,S,55.94474749825612,-3.1922613732995986,611.5935833352163,1064.8861844128323
55.94474749825612,-3.1922613732995986,S,55.94444749825612,-3.1922613732995986,611.5935833352163,1063.6361844128323
55.94444749825612,-3.1922613732995986,S,55.944147498256115,-3.1922613732995986,611.5935833352163,1062.3861844128323
55.944147498256115,-3.1922613732995986,S,55.94384749825611,-3.1922613732995986,611.5935833352163,1061.1361844128323
55.94384749825611,-3.1922613732995986,S,55.94354749825611,-3.1922613732995986,701.0175624784385,1100.1961275125193
55.94354749825611,-3.1922613732995986,S,55.943247498256106,-3.1922613732995986,701.0175624784385,1098.9461275125193
55.943247498256106,-3.1922613732995986,SSW,55.94297033439635,-3.192376178329308,704.6628282377113,1167.1705702535698
55.94297033439635,-3.192376178329308,E,55.94297033439635,-3.192076178329308,704.6628282377113,1165.9205702535698
55.94297033439635,-3.192076178329308,E,55.94297033439635,-3.1917761783293077,704.6628282377113,1164.6705702535698
55.94297033439635,-3.1917761783293077,E,55.94297033439635,-3.1914761783293075,704.6628282377113,1163.4205702535698
55.94297033439635,-3.1914761783293075,E,55.94297033439635,-3.1911761783293073,704.6628282377113,1162.1705702535698
55.94297033439635,-3.1911761783293073,E,55.94297033439635,-3.190876178329307,704.6628282377113,1160.9205702535698
55.94297033439635,-3.190876178329307,ENE,55.94308513942606,-3.1905990144695537,704.6628282377113,1159.6705702535698
55.94308513942606,-3.1905990144695537,E,55.94308513942606,-3.1902990144695536,704.6628282377113,1158.4205702535698
55.94308513942606,-3.1902990144695536,SSE,55.9428079755663,-3.190184209439844,704.6628282377113,1157.1705702535698
55.9428079755663,-3.190184209439844,WSW,55.94269317053659,-3.1904613732995974,704.6628282377113,1155.9205702535698
55.94269317053659,-3.1904613732995974,NE,55.94290530257095,-3.1902492412652417,704.6628282377113,1154.6705702535698
55.94290530257095,-3.1902492412652417,NNW,55.943182466430706,-3.190364046294951,704.6628282377113,1153.4205702535698
55.943182466430706,-3.190364046294951,NE,55.94339459846506,-3.1901519142605954,704.6628282377113,1152.1705702535698
55.94339459846506,-3.1901519142605954,E,55.94339459846506,-3.1898519142605952,704.6628282377113,1150.9205702535698
55.94339459846506,-3.1898519142605952,E,55.94339459846506,-3.189551914260595,770.1102643476283,1227.4547820469634
55.94339459846506,-3.189551914260595,E,55.94339459846506,-3.189251914260595,770.1102643476283,1226.2047820469634
55.94339459846506,-3.189251914260595,E,55.94339459846506,-3.1889519142605947,770.1102643476283,1224.9547820469634
55.94339459846506,-3.1889519142605947,E,55.94339459846506,-3.1886519142605945,770.1102643476283,1223.7047820469634
55.94339459846506,-3.1886519142605945,E,55.94339459846506,-3.1883519142605943,770.1102643476283,1222.4547820469634
55.94339459846506,-3.1883519142605943,E,55.94339459846506,-3.188051914260594,854.3436835075062,1280.3897462344275
55.94339459846506,-3.188051914260594,ENE,55.94350940349477,-3.1877747504008407,854.3436835075062,1279.1397462344275
55.94350940349477,-3.1877747504008407,ENE,55.94362420852448,-3.1874975865410873,873.7357784197105,1380.9274567076698
55.94362420852448,-3.1874975865410873,SE,55.94341207649013,-3.1872854545067315,873.7357784197105,1379.6774567076698
55.94341207649013,-3.1872854545067315,SE,55.94319994445577,-3.1870733224723757,993.9794790174739,1462.973247248783
55.94319994445577,-3.1870733224723757,NNE,55.94347710831553,-3.1869585174426662,993.9794790174739,1461.723247248783
55.94347710831553,-3.1869585174426662,NNE,55.94375427217528,-3.1868437124129567,993.9794790174739,1460.473247248783
55.94375427217528,-3.1868437124129567,NNE,55.94403143603504,-3.186728907383247,1011.5236863298135,1531.5113772789466
55.94403143603504,-3.186728907383247,N,55.94433143603504,-3.186728907383247,1011.5236863298135,1530.2613772789466
55.94433143603504,-3.186728907383247,NNE,55.9446085998948,-3.1866141023535377,1029.3082989842849,1616.3600935331226
55.9446085998948,-3.1866141023535377,NNW,55.944885763754556,-3.186728907383247,1029.3082989842849,1615.1100935331226
55.944885763754556,-3.186728907383247,NW,55.94509789578891,-3.186941039417603,1106.3436064136367,1660.6726898364134
55.94509789578891,-3.186941039417603,WSW,55.9449830907592,-3.1872182032773564,1106.3436064136367,1659.4226898364134
55.9449830907592,-3.1872182032773564,W,55.9449830907592,-3.1875182032773566,1137.121641310684,1781.0705529600043
55.9449830907592,-3.1875182032773566,WNW,55.94509789578891,-3.18779536713711,1137.121641310684,1779.8205529600043
55.94509789578891,-3.18779536713711,WNW,55.94521270081862,-3.1880725309968634,1137.121641310684,1778.5705529600043
55.94521270081862,-3.1880725309968634,WNW,55.94532750584833,-3.188349694856617,1137.121641310684,1777.3205529600043
55.94532750584833,-3.188349694856617,WNW,55.94544231087804,-3.18862685871637,1137.121641310684,1776.0705529600043
55.94544231087804,-3.18862685871637,WNW,55.945557115907754,-3.1889040225761236,1191.2157524930683,1899.7725734788232
55.945557115907754,-3.1889040225761236,W,55.945557115907754,-3.189204022576124,1191.2157524930683,1898.5225734788232
55.945557115907754,-3.189204022576124,W,55.945557115907754,-3.189504022576124,1276.5791532690314,1898.1622892962685
55.945557115907754,-3.189504022576124,ESE,55.94544231087804,-3.1892268587163706,1276.5791532690314,1896.9122892962685
55.94544231087804,-3.1892268587163706,E,55.94544231087804,-3.1889268587163704,1276.5791532690314,1895.6622892962685
55.94544231087804,-3.1889268587163704,E,55.94544231087804,-3.18862685871637,1276.5791532690314,1894.4122892962685
55.94544231087804,-3.18862685871637,E,55.94544231087804,-3.18832685871637,1276.5791532690314,1893.1622892962685
55.94544231087804,-3.18832685871637,E,55.94544231087804,-3.18802685871637,1276.5791532690314,1891.9122892962685
55.94544231087804,-3.18802685871637,E,55.94544231087804,-3.1877268587163696,1276.5791532690314,1890.6622892962685
55.94544231087804,-3.1877268587163696,ENE,55.945557115907754,-3.1874496948566162,1276.5791532690314,1889.4122892962685
55.945557115907754,-3.1874496948566162,E,55.945557115907754,-3.187149694856616,1276.5791532690314,1888.1622892962685
55.945557115907754,-3.187149694856616,ESE,55.94544231087804,-3.1868725309968626,1276.5791532690314,1886.9122892962685
55.94544231087804,-3.1868725309968626,ENE,55.945557115907754,-3.1865953671371092,1276.5791532690314,1885.6622892962685
55.945557115907754,-3.1865953671371092,ENE,55.945671920937464,-3.186318203277356,1321.382667314487,1907.8757424007636
55.945671920937464,-3.186318203277356,E,55.945671920937464,-3.1860182032773556,1321.382667314487,1906.6257424007636
55.945671920937464,-3.1860182032773556,NNE,55.94594908479722,-3.185903398247646,1321.382667314487,1905.3757424007636
55.94594908479722,-3.185903398247646,S,55.94564908479722,-3.185903398247646,1321.382667314487,1904.1257424007636
55.94564908479722,-3.185903398247646,SE,55.94543695276286,-3.1856912662132904,1321.382667314487,1902.8757424007636
55.94543695276286,-3.1856912662132904,ENE,55.94555175779257,-3.185414102353537,1321.382667314487,1901.6257424007636
55.94555175779257,-3.185414102353537,ENE,55.94566656282228,-3.1851369384937835,1394.260305313414,1970.4039566963152
55.94566656282228,-3.1851369384937835,S,55.94536656282228,-3.1851369384937835,1394.260305313414,1969.1539566963152
55.94536656282228,-3.1851369384937835,SSW,55.94508939896252,-3.185251743523493,1394.260305313414,1967.9039566963152
55.94508939896252,-3.185251743523493,S,55.94478939896252,-3.185251743523493,1394.260305313414,1966.6539566963152
55.94478939896252,-3.185251743523493,SSW,55.94451223510276,-3.1853665485532026,1394.260305313414,1965.4039566963152
55.94451223510276,-3.1853665485532026,S,55.94421223510276,-3.1853665485532026,1394.260305313414,1964.1539566963152
55.94421223510276,-3.1853665485532026,SSW,55.943935071243004,-3.185481353582912,1444.6586799967565,2005.5958330357432
55.943935071243004,-3.185481353582912,SSW,55.94365790738325,-3.1855961586126216,1444.6586799967565,2004.3458330357432
55.94365790738325,-3.1855961586126216,SSW,55.94338074352349,-3.185710963642331,1444.6586799967565,2003.0958330357432
55.94338074352349,-3.185710963642331,S,55.94308074352349,-3.185710963642331,1513.1348634460112,2084.7820978193213
55.94308074352349,-3.185710963642331,SW,55.94286861148913,-3.185923095676687,1544.2078264308993,2132.0113185295277
55.94286861148913,-3.185923095676687,ENE,55.94298341651884,-3.1856459318169335,1544.2078264308993,2130.7613185295277
55.94298341651884,-3.1856459318169335,ENE,55.94309822154855,-3.18536876795718,1544.2078264308993,2129.5113185295277
55.94309822154855,-3.18536876795718,ENE,55.94321302657826,-3.1850916040974266,1550.6826582958981,2240.278472655449
55.94321302657826,-3.1850916040974266,WSW,55.94309822154855,-3.18536876795718,1550.6826582958981,2239.028472655449
55.94309822154855,-3.18536876795718,ENE,55.94321302657826,-3.1850916040974266,1550.6826582958981,2237.778472655449
55.94321302657826,-3.1850916040974266,WSW,55.94309822154855,-3.18536876795718,1550.6826582958981,2236.528472655449
55.94309822154855,-3.18536876795718,ENE,55.94321302657826,-3.1850916040974266,1550.6826582958981,2235.278472655449
55.94321302657826,-3.1850916040974266,WSW,55.94309822154855,-3.18536876795718,1550.6826582958981,2234.028472655449
55.94309822154855,-3.18536876795718,ENE,55.94321302657826,-3.1850916040974266,1550.6826582958981,2232.778472655449
55.94321302657826,-3.1850916040974266,WSW,55.94309822154855,-3.18536876795718,1550.6826582958981,2231.528472655449
55.94309822154855,-3.18536876795718,ENE,55.94321302657826,-3.1850916040974266,1550.6826582958981,2230.278472655449
55.94321302657826,-3.1850916040974266,WSW,55.94309822154855,-3.18536876795718,1550.6826582958981,2229.028472655449
55.94309822154855,-3.18536876795718,ENE,55.94321302657826,-3.1850916040974266,1550.6826582958981,2227.778472655449
55.94321302657826,-3.1850916040974266,WSW,55.94309822154855,-3.18536876795718,1550.6826582958981,2226.528472655449
55.94309822154855,-3.18536876795718,ENE,55.94321302657826,-3.1850916040974266,1550.6826582958981,2225.278472655449
55.94321302657826,-3.1850916040974266,WSW,55.94309822154855,-3.18536876795718,1550.6826582958981,2224.028472655449
55.94309822154855,-3.18536876795718,ENE,55.94321302657826,-3.1850916040974266,1550.6826582958981,2222.778472655449
55.94321302657826,-3.1850916040974266,WSW,55.94309822154855,-3.18536876795718,1550.6826582958981,2221.528472655449
55.94309822154855,-3.18536876795718,ENE,55.94321302657826,-3.1850916040974266,1550.6826582958981,2220.278472655449
55.94321302657826,-3.1850916040974266,WSW,55.94309822154855,-3.18536876795718,1550.6826582958981,2219.028472655449
55.94309822154855,-3.18536876795718,ENE,55.94321302657826,-3.1850916040974266,1550.6826582958981,2217.778472655449
55.94321302657826,-3.1850916040974266,WSW,55.94309822154855,-3.18536876795718,1550.6826582958981,2216.528472655449
55.94309822154855,-3.18536876795718,ENE,55.94321302657826,-3.1850916040974266,1550.6826582958981,2215.278472655449
55.94321302657826,-3.1850916040974266,WSW,55.94309822154855,-3.18536876795718,1550.6826582958981,2214.028472655449
55.94309822154855,-3.18536876795718,ENE,55.94321302657826,-3.1850916040974266,1550.6826582958981,2212.778472655449
55.94321302657826,-3.1850916040974266,WSW,55.94309822154855,-3.18536876795718,1550.6826582958981,2211.528472655449
55.94309822154855,-3.18536876795718,ENE,55.94321302657826,-3.1850916040974266,1550.6826582958981,2210.278472655449
55.94321302657826,-3.1850916040974266,WSW,55.94309822154855,-3.18536876795718,1550.6826582958981,2209.028472655449
55.94309822154855,-3.18536876795718,ENE,55.94321302657826,-3.1850916040974266,1550.6826582958981,2207.778472655449
55.94321302657826,-3.1850916040974266,WSW,55.94309822154855,-3.18536876795718,1550.6826582958981,2206.528472655449
55.94309822154855,-3.18536876795718,ENE,55.94321302657826,-3.1850916040974266,1550.6826582958981,2205.278472655449
55.94321302657826,-3.1850916040974266,WSW,55.94309822154855,-3.18536876795718,1550.6826582958981,2204.028472655449
55.94309822154855,-3.18536876795718,ENE,55.94321302657826,-3.1850916040974266,1550.6826582958981,2202.778472655449
55.94321302657826,-3.1850916040974266,WSW,55.94309822154855,-3.18536876795718,1550.6826582958981,2201.528472655449
55.94309822154855,-3.18536876795718,ENE,55.94321302657826,-3.1850916040974266,1550.6826582958981,2200.278472655449
55.94321302657826,-3.1850916040974266,WSW,55.94309822154855,-3.18536876795718,1550.6826582958981,2199.028472655449
55.94309822154855,-3.18536876795718,ENE,55.94321302657826,-3.1850916040974266,1550.6826582958981,2197.778472655449
55.94321302657826,-3.1850916040974266,WSW,55.94309822154855,-3.18536876795718,1550.6826582958981,2196.528472655449
55.94309822154855,-3.18536876795718,ENE,55.94321302657826,-3.1850916040974266,1550.6826582958981,2195.278472655449
55.94321302657826,-3.1850916040974266,WSW,55.94309822154855,-3.18536876795718,1550.6826582958981,2194.028472655449
55.94309822154855,-3.18536876795718,ENE,55.94321302657826,-3.1850916040974266,1550.6826582958981,2192.778472655449
55.94321302657826,-3.1850916040974266,WSW,55.94309822154855,-3.18536876795718,1550.6826582958981,2191.528472655449
55.94309822154855,-3.18536876795718,ENE,55.94321302657826,-3.1850916040974266,1550.6826582958981,2190.278472655449
55.94321302657826,-3.1850916040974266,WSW,55.94309822154855,-3.18536876795718,1550.6826582958981,2189.028472655449
55.94309822154855,-3.18536876795718,ENE,55.94321302657826,-3.1850916040974266,1550.6826582958981,2187.778472655449
55.94321302657826,-3.1850916040974266,WSW,55.94309822154855,-3.18536876795718,1550.6826582958981,2186.528472655449
55.94309822154855,-3.18536876795718,ENE,55.94321302657826,-3.1850916040974266,1550.6826582958981,2185.278472655449
55.94321302657826,-3.1850916040974266,WSW,55.94309822154855,-3.18536876795718,1550.6826582958981,2184.028472655449
55.94309822154855,-3.18536876795718,ENE,55.94321302657826,-3.1850916040974266,1550.6826582958981,2182.778472655449
55.94321302657826,-3.1850916040974266,WSW,55.94309822154855,-3.18536876795718,1550.6826582958981,2181.528472655449
55.94309822154855,-3.18536876795718,ENE,55.94321302657826,-3.1850916040974266,1550.6826582958981,2180.278472655449
55.94321302657826,-3.1850916040974266,WSW,55.94309822154855,-3.18536876795718,1550.6826582958981,2179.028472655449
55.94309822154855,-3.18536876795718,ENE,55.94321302657826,-3.1850916040974266,1550.6826582958981,2177.778472655449
55.94321302657826,-3.1850916040974266,WSW,55.94309822154855,-3.18536876795718,1550.6826582958981,2176.528472655449
55.94309822154855,-3.18536876795718,ENE,55.94321302657826,-3.1850916040974266,1550.6826582958981,2175.278472655449
55.94321302657826,-3.1850916040974266,WSW,55.94309822154855,-3.18536876795718,1550.6826582958981,2174.028472655449
55.94309822154855,-3.18536876795718,ENE,55.94321302657826,-3.1850916040974266,1550.6826582958981,2172.778472655449
55.94321302657826,-3.1850916040974266,WSW,55.94309822154855,-3.18536876795718,1550.6826582958981,2171.528472655449
55.94309822154855,-3.18536876795718,ENE,55.94321302657826,-3.1850916040974266,1550.6826582958981,2170.278472655449
55.94321302657826,-3.1850916040974266,WSW,55.94309822154855,-3.18536876795718,1550.6826582958981,2169.028472655449
55.94309822154855,-3.18536876795718,ENE,55.94321302657826,-3.1850916040974266,1550.6826582958981,2167.778472655449
55.94321302657826,-3.1850916040974266,WSW,55.94309822154855,-3.18536876795718,1550.6826582958981,2166.528472655449
55.94309822154855,-3.18536876795718,ENE,55.94321302657826,-3.1850916040974266,1550.6826582958981,2165.278472655449
55.94321302657826,-3.1850916040974266,WSW,55.94309822154855,-3.18536876795718,1550.6826582958981,2164.028472655449
55.94309822154855,-3.18536876795718,ENE,55.94321302657826,-3.1850916040974266,1550.6826582958981,2162.778472655449
55.94321302657826,-3.1850916040974266,WSW,55.94309822154855,-3.18536876795718,1550.6826582958981,2161.528472655449
55.94309822154855,-3.18536876795718,ENE,55.94321302657826,-3.1850916040974266,1550.6826582958981,2160.278472655449
55.94321302657826,-3.1850916040974266,WSW,55.94309822154855,-3.18536876795718,1550.6826582958981,2159.028472655449
55.94309822154855,-3.18536876795718,ENE,55.94321302657826,-3.1850916040974266,1550.6826582958981,2157.778472655449
55.94321302657826,-3.1850916040974266,WSW,55.94309822154855,-3.18536876795718,1550.6826582958981,2156.528472655449
55.94309822154855,-3.18536876795718,ENE,55.94321302657826,-3.1850916040974266,1550.6826582958981,2155.278472655449
55.94321302657826,-3.1850916040974266,WSW,55.94309822154855,-3.18536876795718,1550.6826582958981,2154.028472655449
55.94309822154855,-3.18536876795718,ENE,55.94321302657826,-3.1850916040974266,1550.6826582958981,2152.778472655449
55.94321302657826,-3.1850916040974266,WSW,55.94309822154855,-3.18536876795718,1550.6826582958981,2151.528472655449
55.94309822154855,-3.18536876795718,ENE,55.94321302657826,-3.1850916040974266,1550.6826582958981,2150.278472655449
55.94321302657826,-3.1850916040974266,WSW,55.94309822154855,-3.18536876795718,1550.6826582958981,2149.028472655449
55.94309822154855,-3.18536876795718,ENE,55.94321302657826,-3.1850916040974266,1550.6826582958981,2147.778472655449
55.94321302657826,-3.1850916040974266,WSW,55.94309822154855,-3.18536876795718,1550.6826582958981,2146.528472655449
55.94309822154855,-3.18536876795718,ENE,55.94321302657826,-3.1850916040974266,1550.6826582958981,2145.278472655449
55.94321302657826,-3.1850916040974266,WSW,55.94309822154855,-3.18536876795718,1550.6826582958981,2144.028472655449
55.94309822154855,-3.18536876795718,ENE,55.94321302657826,-3.1850916040974266,1550.6826582958981,2142.778472655449
55.94321302657826,-3.1850916040974266,WSW,55.94309822154855,-3.18536876795718,1550.6826582958981,2141.528472655449
55.94309822154855,-3.18536876795718,ENE,55.94321302657826,-3.1850916040974266,1550.6826582958981,2140.278472655449
55.94321302657826,-3.1850916040974266,WSW,55.94309822154855,-3.18536876795718,1550.6826582958981,2139.028472655449
55.94309822154855,-3.18536876795718,ENE,55.94321302657826,-3.1850916040974266,1550.6826582958981,2137.778472655449
55.94321302657826,-3.1850916040974266,WSW,55.94309822154855,-3.18536876795718,1550.6826582958981,2136.528472655449
55.94309822154855,-3.18536876795718,ENE,55.94321302657826,-3.1850916040974266,1550.6826582958981,2135.278472655449
55.94321302657826,-3.1850916040974266,WSW,55.94309822154855,-3.18536876795718,1550.6826582958981,2134.028472655449
55.94309822154855,-3.18536876795718,ENE,55.94321302657826,-3.1850916040974266,1550.6826582958981,2132.778472655449
55.94321302657826,-3.1850916040974266,WSW,55.94309822154855,-3.18536876795718,1550.6826582958981,2131.528472655449
55.94309822154855,-3.18536876795718,ENE,55.94321302657826,-3.1850916040974266,1550.6826582958981,2130.278472655449
55.94321302657826,-3.1850916040974266,WSW,55.94309822154855,-3.18536876795718,1550.6826582958981,2129.028472655449
55.94309822154855,-3.18536876795718,ENE,55.94321302657826,-3.1850916040974266,1550.6826582958981,2127.778472655449
55.94321302657826,-3.1850916040974266,WSW,55.94309822154855,-3.18536876795718,1550.6826582958981,2126.528472655449
55.94309822154855,-3.18536876795718,ENE,55.94321302657826,-3.1850916040974266,1550.6826582958981,2125.278472655449
55.94321302657826,-3.1850916040974266,WSW,55.94309822154855,-3.18536876795718,1550.6826582958981,2124.028472655449
55.94309822154855,-3.18536876795718,ENE,55.94321302657826,-3.1850916040974266,1550.6826582958981,2122.778472655449
55.94321302657826,-3.1850916040974266,WSW,55.94309822154855,-3.18536876795718,1550.6826582958981,2121.528472655449
55.94309822154855,-3.18536876795718,ENE,55.94321302657826,-3.1850916040974266,1550.6826582958981,2120.278472655449
55.94321302657826,-3.1850916040974266,WSW,55.94309822154855,-3.18536876795718,1550.6826582958981,2119.028472655449
55.94309822154855,-3.18536876795718,ENE,55.94321302657826,-3.1850916040974266,1550.6826582958981,2117.778472655449
55.94321302657826,-3.1850916040974266,WSW,55.94309822154855,-3.18536876795718,1550.6826582958981,2116.528472655449
55.94309822154855,-3.18536876795718,ENE,55.94321302657826,-3.1850916040974266,1550.6826582958981,2115.278472655449
55.94321302657826,-3.1850916040974266,WSW,55.94309822154855,-3.18536876795718,1550.6826582958981,2114.028472655449
55.94309822154855,-3.18536876795718,ENE,55.94321302657826,-3.1850916040974266,1550.6826582958981,2112.778472655449
55.94321302657826,-3.1850916040974266,WSW,55.94309822154855,-3.18536876795718,1550.6826582958981,2111.528472655449
55.94309822154855,-3.18536876795718,ENE,55.94321302657826,-3.1850916040974266,1550.6826582958981,2110.278472655449
55.94321302657826,-3.1850916040974266,WSW,55.94309822154855,-3.18536876795718,1550.6826582958981,2109.028472655449
55.94309822154855,-3.18536876795718,ENE,55.94321302657826,-3.1850916040974266,1550.6826582958981,2107.778472655449
55.94321302657826,-3.1850916040974266,WSW,55.94309822154855,-3.18536876795718,1550.6826582958981,2106.528472655449
55.94309822154855,-3.18536876795718,ENE,55.94321302657826,-3.1850916040974266,1550.6826582958981,2105.278472655449
55.94321302657826,-3.1850916040974266,WSW,55.94309822154855,-3.18536876795718,1550.6826582958981,2104.028472655449
55.94309822154855,-3.18536876795718,ENE,55.94321302657826,-3.1850916040974266,1550.6826582958981,2102.778472655449
55.94321302657826,-3.1850916040974266,WSW,55.94309822154855,-3.18536876795718,1550.6826582958981,2101.528472655449
55.94309822154855,-3.18536876795718,ENE,55.94321302657826,-3.1850916040974266,1550.6826582958981,2100.278472655449
55.94321302657826,-3.1850916040974266,WSW,55.94309822154855,-3.18536876795718,1550.6826582958981,2099.028472655449
55.94309822154855,-3.18536876795718,ENE,55.94321302657826,-3.1850916040974266,1550.6826582958981,2097.778472655449
55.94321302657826,-3.1850916040974266,WSW,55.94309822154855,-3.18536876795718,1550.6826582958981,2096.528472655449
55.94309822154855,-3.18536876795718,ENE,55.94321302657826,-3.1850916040974266,1550.6826582958981,2095.278472655449
55.94321302657826,-3.1850916040974266,WSW,55.94309822154855,-3.18536876795718,1550.6826582958981,2094.028472655449
55.94309822154855,-3.18536876795718,ENE,55.94321302657826,-3.1850916040974266,1550.6826582958981,2092.778472655449
55.94321302657826,-3.1850916040974266,WSW,55.94309822154855,-3.18536876795718,1550.6826582958981,2091.528472655449
55.94309822154855,-3.18536876795718,ENE,55.94321302657826,-3.1850916040974266,1550.6826582958981,2090.278472655449
55.94321302657826,-3.1850916040974266,WSW,55.94309822154855,-3.18536876795718,1550.6826582958981,2089.028472655449
55.94309822154855,-3.18536876795718,ENE,55.94321302657826,-3.1850916040974266,1550.6826582958981,2087.778472655449
55.94321302657826,-3.1850916040974266,WSW,55.94309822154855,-3.18536876795718,1550.6826582958981,2086.528472655449
55.94309822154855,-3.18536876795718,ENE,55.94321302657826,-3.1850916040974266,1550.6826582958981,2085.278472655449
55.94321302657826,-3.1850916040974266,WSW,55.94309822154855,-3.18536876795718,1550.6826582958981,2084.028472655449
55.94309822154855,-3.18536876795718,ENE,55.94321302657826,-3.1850916040974266,1550.6826582958981,2082.778472655449
55.94321302657826,-3.1850916040974266,WSW,55.94309822154855,-3.18536876795718,1550.6826582958981,2081.528472655449
55.94309822154855,-3.18536876795718,ENE,55.94321302657826,-3.1850916040974266,1550.6826582958981,2080.278472655449
55.94321302657826,-3.1850916040974266,WSW,55.94309822154855,-3.18536876795718,1550.6826582958981,2079.028472655449
55.94309822154855,-3.18536876795718,ENE,55.94321302657826,-3.1850916040974266,1550.6826582958981,2077.778472655449
55.94321302657826,-3.1850916040974266,WSW,55.94309822154855,-3.18536876795718,1550.6826582958981,2076.528472655449
55.94309822154855,-3.18536876795718,ENE,55.94321302657826,-3.1850916040974266,1550.6826582958981,2075.278472655449
55.94321302657826,-3.1850916040974266,WSW,55.94309822154855,-3.18536876795718,1550.6826582958981,2074.028472655449
55.94309822154855,-3.18536876795718,ENE,55.94321302657826,-3.1850916040974266,1550.6826582958981,2072.778472655449
55.94321302657826,-3.1850916040974266,WSW,55.94309822154855,-3.18536876795718,1550.6826582958981,2071.528472655449
55.94309822154855,-3.18536876795718,ENE,55.94321302657826,-3.1850916040974266,1550.6826582958981,2070.278472655449
55.94321302657826,-3.1850916040974266,WSW,55.94309822154855,-3.18536876795718,1550.6826582958981,2069.028472655449
55.94309822154855,-3.18536876795718,ENE,55.94321302657826,-3.1850916040974266,1550.6826582958981,2067.778472655449
55.94321302657826,-3.1850916040974266,WSW,55.94309822154855,-3.18536876795718,1550.6826582958981,2066.528472655449
55.94309822154855,-3.18536876795718,ENE,55.94321302657826,-3.1850916040974266,1550.6826582958981,2065.278472655449
55.94321302657826,-3.1850916040974266,WSW,55.94309822154855,-3.18536876795718,1550.6826582958981,2064.028472655449
55.94309822154855,-3.18536876795718,ENE,55.94321302657826,-3.1850916040974266,1550.6826582958981,2062.778472655449
55.94321302657826,-3.1850916040974266,WSW,55.94309822154855,-3.18536876795718,1550.6826582958981,2061.528472655449
55.94309822154855,-3.18536876795718,ENE,55.94321302657826,-3.1850916040974266,1550.6826582958981,2060.278472655449
55.94321302657826,-3.1850916040974266,WSW,55.94309822154855,-3.18536876795718,1550.6826582958981,2059.028472655449
55.94309822154855,-3.18536876795718,ENE,55.94321302657826,-3.1850916040974266,1550.6826582958981,2057.778472655449
55.94321302657826,-3.1850916040974266,WSW,55.94309822154855,-3.18536876795718,1550.6826582958981,2056.528472655449
