55.944425,-3.188396,SE,55.944212867965646,-3.1881838679656442,68.51452751520334,324.38425104238854
55.944212867965646,-3.1881838679656442,WSW,55.944098062935936,-3.1884610318253976,68.51452751520334,323.13425104238854
55.944098062935936,-3.1884610318253976,WSW,55.943983257906226,-3.188738195685151,147.44374298921235,410.04071659703726
55.943983257906226,-3.188738195685151,NNW,55.94426042176598,-3.1888530007148606,164.64086608429517,502.68389690386175
55.94426042176598,-3.1888530007148606,WNW,55.94437522679569,-3.189130164574614,164.64086608429517,501.43389690386175
55.94437522679569,-3.189130164574614,WNW,55.9444900318254,-3.1894073284343674,233.2827308854566,512.413235815291
55.9444900318254,-3.1894073284343674,S,55.9441900318254,-3.1894073284343674,233.2827308854566,511.16323581529105
55.9441900318254,-3.1894073284343674,S,55.9438900318254,-3.1894073284343674,341.5044431285065,632.8099310110733
55.9438900318254,-3.1894073284343674,SSE,55.94361286796564,-3.189292523404658,366.4023157753737,631.6774956830168
55.94361286796564,-3.189292523404658,W,55.94361286796564,-3.189592523404658,432.79830308868435,701.9918834638468
55.94361286796564,-3.189592523404658,SSW,55.943335704105884,-3.1897073284343676,538.9334504282094,755.5407768883149
55.943335704105884,-3.1897073284343676,W,55.943335704105884,-3.1900073284343677,538.9334504282094,754.2907768883149
55.943335704105884,-3.1900073284343677,WNW,55.943450509135594,-3.190284492294121,597.6383194145739,785.708076064003
55.943450509135594,-3.190284492294121,WNW,55.943565314165305,-3.1905616561538745,597.6383194145739,784.458076064003
55.943565314165305,-3.1905616561538745,WNW,55.943680119195015,-3.190838820013628,597.6383194145739,783.208076064003
55.943680119195015,-3.190838820013628,WNW,55.943794924224726,-3.1911159838733814,597.6383194145739,781.958076064003
55.943794924224726,-3.1911159838733814,WNW,55.943909729254436,-3.1913931477331348,653.1048355432793,783.2837453295562
55.943909729254436,-3.1913931477331348,SW,55.94369759722008,-3.1916052797674905,653.1048355432793,782.0337453295562
55.94369759722008,-3.1916052797674905,SW,55.943485465185724,-3.1918174118018463,653.1048355432793,780.7837453295562
55.943485465185724,-3.1918174118018463,SW,55.94327333315137,-3.192029543836202,654.8403188590876,889.9546734260547
55.94327333315137,-3.192029543836202,S,55.942973333151365,-3.192029543836202,669.5578195519606,903.6565983788888
55.942973333151365,-3.192029543836202,NNE,55.94325049701112,-3.1919147388064926,669.5578195519606,902.4065983788888
55.94325049701112,-3.1919147388064926,NNW,55.94352766087088,-3.192029543836202,669.5578195519606,901.1565983788888
55.94352766087088,-3.192029543836202,N,55.94382766087088,-3.192029543836202,669.5578195519606,899.9065983788888
55.94382766087088,-3.192029543836202,NNW,55.94410482473064,-3.1921443488659116,669.5578195519606,898.6565983788888
55.94410482473064,-3.1921443488659116,N,55.94440482473064,-3.1921443488659116,669.5578195519606,897.4065983788888
55.94440482473064,-3.1921443488659116,NNW,55.944681988590396,-3.192259153895621,669.5578195519606,896.1565983788888
55.944681988590396,-3.192259153895621,N,55.9449819885904,-3.192259153895621,730.5061226436801,1006.383236464659
55.9449819885904,-3.192259153895621,ENE,55.94509679362011,-3.1919819900358677,730.5061226436801,1005.133236464659
55.94509679362011,-3.1919819900358677,ENE,55.94521159864982,-3.1917048261761143,778.2777643037099,1117.567463117879
55.94521159864982,-3.1917048261761143,E,55.94521159864982,-3.191404826176114,778.2777643037099,1116.317463117879
55.94521159864982,-3.191404826176114,E,55.94521159864982,-3.191104826176114,778.2777643037099,1115.067463117879
55.94521159864982,-3.191104826176114,E,55.94521159864982,-3.1908048261761137,881.7587327252845,1171.408320765378
55.94521159864982,-3.1908048261761137,S,55.94491159864982,-3.1908048261761137,933.7921062473674,1221.433677027578
55.94491159864982,-3.1908048261761137,NE,55.94512373068417,-3.190592694141758,933.7921062473674,1220.183677027578
55.94512373068417,-3.190592694141758,NE,55.94533586271853,-3.190380562107402,933.7921062473674,1218.933677027578
55.94533586271853,-3.190380562107402,ENE,55.94545066774824,-3.1901033982476488,933.7921062473674,1217.683677027578
55.94545066774824,-3.1901033982476488,NE,55.945662799782596,-3.189891266213293,966.5303791594743,1298.617054479792
55.945662799782596,-3.189891266213293,ENE,55.94577760481231,-3.1896141023535396,1060.149155242105,1407.8432660056592
55.94577760481231,-3.1896141023535396,ESE,55.945662799782596,-3.189336938493786,1060.149155242105,1406.5932660056592
55.945662799782596,-3.189336938493786,ESE,55.945547994752886,-3.189059774634033,1060.149155242105,1405.3432660056592
55.945547994752886,-3.189059774634033,ESE,55.945433189723175,-3.1887826107742794,1060.149155242105,1404.0932660056592
55.945433189723175,-3.1887826107742794,ESE,55.945318384693465,-3.188505446914526,1060.149155242105,1402.8432660056592
55.945318384693465,-3.188505446914526,E,55.945318384693465,-3.188205446914526,1060.149155242105,1401.5932660056592
55.945318384693465,-3.188205446914526,S,55.94501838469346,-3.188205446914526,1060.149155242105,1400.3432660056592
55.94501838469346,-3.188205446914526,ESE,55.94490357966375,-3.1879282830547724,1060.149155242105,1399.0932660056592
55.94490357966375,-3.1879282830547724,ENE,55.94501838469346,-3.187651119195019,1060.149155242105,1397.8432660056592
55.94501838469346,-3.187651119195019,SW,55.944806252659106,-3.1878632512293748,1060.149155242105,1396.5932660056592
55.944806252659106,-3.1878632512293748,ENE,55.944921057688816,-3.1875860873696213,1060.149155242105,1395.3432660056592
55.944921057688816,-3.1875860873696213,ENE,55.94503586271853,-3.187308923509868,1081.8986118754594,1422.4021233860105
55.94503586271853,-3.187308923509868,ENE,55.94515066774824,-3.1870317596501145,1177.8248785620108,1432.072588134666
55.94515066774824,-3.1870317596501145,N,55.94545066774824,-3.1870317596501145,1177.8248785620108,1430.822588134666
55.94545066774824,-3.1870317596501145,NNE,55.945727831608,-3.186916954620405,1190.0407281005441,1465.7750365059328
55.945727831608,-3.186916954620405,ENE,55.94584263663771,-3.1866397907606516,1190.0407281005441,1464.5250365059328
55.94584263663771,-3.1866397907606516,NE,55.94605476867206,-3.186427658726296,1223.3501282892742,1466.740580662459
55.94605476867206,-3.186427658726296,SSE,55.94577760481231,-3.1863128536965863,1223.3501282892742,1465.490580662459
55.94577760481231,-3.1863128536965863,S,55.945477604812304,-3.1863128536965863,1223.3501282892742,1464.240580662459
55.945477604812304,-3.1863128536965863,SE,55.94526547277795,-3.1861007216622306,1223.3501282892742,1462.990580662459
55.94526547277795,-3.1861007216622306,SE,55.94505334074359,-3.185888589627875,1233.0701570104532,1570.1120674228068
55.94505334074359,-3.185888589627875,WSW,55.94493853571388,-3.186165753487628,1233.0701570104532,1568.8620674228068
55.94493853571388,-3.186165753487628,WSW,55.94482373068417,-3.1864429173473816,1295.4047346396228,1661.6755363469351
55.94482373068417,-3.1864429173473816,SSW,55.944546566824414,-3.186557722377091,1303.2276233306839,1674.6930898621033
55.944546566824414,-3.186557722377091,SE,55.94433443479006,-3.1863455903427353,1415.6207846217899,1722.3016345276633
55.94433443479006,-3.1863455903427353,ESE,55.94421962976035,-3.186068426482982,1438.66395242393,1736.0325870407019
55.94421962976035,-3.186068426482982,SW,55.94400749772599,-3.1862805585173377,1488.8712376253413,1773.1047133530546
55.94400749772599,-3.1862805585173377,W,55.94400749772599,-3.186580558517338,1520.2225139395514,1895.0828443424377
55.94400749772599,-3.186580558517338,SW,55.943795365691635,-3.1867926905516937,1520.2225139395514,1893.8328443424377
55.943795365691635,-3.1867926905516937,SW,55.94358323365728,-3.1870048225860494,1520.2225139395514,1892.5828443424377
55.94358323365728,-3.1870048225860494,SSW,55.94330606979752,-3.187119627615759,1594.347280752244,1951.468877636574
55.94330606979752,-3.187119627615759,W,55.94330606979752,-3.187419627615759,1594.347280752244,1950.218877636574
55.94330606979752,-3.187419627615759,W,55.94330606979752,-3.1877196276157593,1653.0942742290595,1967.1896660802574
55.94330606979752,-3.1877196276157593,ESE,55.94319126476781,-3.187442463756006,1653.0942742290595,1965.9396660802574
55.94319126476781,-3.187442463756006,ESE,55.9430764597381,-3.1871652998962525,1653.0942742290595,1964.6896660802574
55.9430764597381,-3.1871652998962525,ESE,55.94296165470839,-3.186888136036499,1653.0942742290595,1963.4396660802574
55.94296165470839,-3.186888136036499,ESE,55.94284684967868,-3.1866109721767457,1653.0942742290595,1962.1896660802574
55.94284684967868,-3.1866109721767457,ESE,55.94273204464897,-3.1863338083169923,1693.3170381796565,1990.0013222953962
55.94273204464897,-3.1863338083169923,NE,55.942944176683326,-3.1861216762826365,1711.9504211673423,2077.1697711887705
55.942944176683326,-3.1861216762826365,E,55.942944176683326,-3.1858216762826363,1711.9504211673423,2075.9197711887705
55.942944176683326,-3.1858216762826363,ESE,55.942829371653616,-3.185544512422883,1772.3104944109575,2116.653218074876
55.942829371653616,-3.185544512422883,NE,55.94304150368797,-3.185332380388527,1783.1669810879494,2237.4698725015223
55.94304150368797,-3.185332380388527,ENE,55.94315630871768,-3.1850552165287738,1783.1669810879494,2236.2198725015223
55.94315630871768,-3.1850552165287738,ENE,55.94327111374739,-3.1847780526690204,1783.1669810879494,2234.9698725015223
55.94327111374739,-3.1847780526690204,E,55.94327111374739,-3.18447805266902,1828.3595318419982,2238.4221657191115
55.94327111374739,-3.18447805266902,NW,55.94348324578175,-3.184690184703376,1828.3595318419982,2237.1721657191115
55.94348324578175,-3.184690184703376,NNW,55.943760409641506,-3.1848049897330855,1838.2571108594166,2313.7386857213787
55.943760409641506,-3.1848049897330855,SSE,55.94348324578175,-3.184690184703376,1838.2571108594166,2312.4886857213787
55.94348324578175,-3.184690184703376,NNW,55.943760409641506,-3.1848049897330855,1838.2571108594166,2311.2386857213787
55.943760409641506,-3.1848049897330855,SSE,55.94348324578175,-3.184690184703376,1838.2571108594166,2309.9886857213787
55.94348324578175,-3.184690184703376,NNW,55.943760409641506,-3.1848049897330855,1838.2571108594166,2308.7386857213787
55.943760409641506,-3.1848049897330855,SSE,55.94348324578175,-3.184690184703376,1838.2571108594166,2307.4886857213787
55.94348324578175,-3.184690184703376,NNW,55.943760409641506,-3.1848049897330855,1838.2571108594166,2306.2386857213787
55.943760409641506,-3.1848049897330855,SSE,55.94348324578175,-3.184690184703376,1838.2571108594166,2304.9886857213787
55.94348324578175,-3.184690184703376,NNW,55.943760409641506,-3.1848049897330855,1838.2571108594166,2303.7386857213787
55.943760409641506,-3.1848049897330855,SSE,55.94348324578175,-3.184690184703376,1838.2571108594166,2302.4886857213787
55.94348324578175,-3.184690184703376,NNW,55.943760409641506,-3.1848049897330855,1838.2571108594166,2301.2386857213787
55.943760409641506,-3.1848049897330855,SSE,55.94348324578175,-3.184690184703376,1838.2571108594166,2299.9886857213787
55.94348324578175,-3.184690184703376,NNW,55.943760409641506,-3.1848049897330855,1838.2571108594166,2298.7386857213787
55.943760409641506,-3.1848049897330855,SSE,55.94348324578175,-3.184690184703376,1838.2571108594166,2297.4886857213787
55.94348324578175,-3.184690184703376,NNW,55.943760409641506,-3.1848049897330855,1838.2571108594166,2296.2386857213787
55.943760409641506,-3.1848049897330855,SSE,55.94348324578175,-3.184690184703376,1838.2571108594166,2294.9886857213787
55.94348324578175,-3.184690184703376,NNW,55.943760409641506,-3.1848049897330855,1838.2571108594166,2293.7386857213787
55.943760409641506,-3.1848049897330855,SSE,55.94348324578175,-3.184690184703376,1838.2571108594166,2292.4886857213787
55.94348324578175,-3.184690184703376,NNW,55.943760409641506,-3.1848049897330855,1838.2571108594166,2291.2386857213787
55.943760409641506,-3.1848049897330855,SSE,55.94348324578175,-3.184690184703376,1838.2571108594166,2289.9886857213787
55.94348324578175,-3.184690184703376,NNW,55.943760409641506,-3.1848049897330855,1838.2571108594166,2288.7386857213787
55.943760409641506,-3.1848049897330855,SSE,55.94348324578175,-3.184690184703376,1838.2571108594166,2287.4886857213787
55.94348324578175,-3.184690184703376,NNW,55.943760409641506,-3.1848049897330855,1838.2571108594166,2286.2386857213787
55.943760409641506,-3.1848049897330855,SSE,55.94348324578175,-3.184690184703376,1838.2571108594166,2284.9886857213787
55.94348324578175,-3.184690184703376,NNW,55.943760409641506,-3.1848049897330855,1838.2571108594166,2283.7386857213787
55.943760409641506,-3.1848049897330855,SSE,55.94348324578175,-3.184690184703376,1838.2571108594166,2282.4886857213787
55.94348324578175,-3.184690184703376,NNW,55.943760409641506,-3.1848049897330855,1838.2571108594166,2281.2386857213787
55.943760409641506,-3.1848049897330855,SSE,55.94348324578175,-3.184690184703376,1838.2571108594166,2279.9886857213787
55.94348324578175,-3.184690184703376,NNW,55.943760409641506,-3.1848049897330855,1838.2571108594166,2278.7386857213787
55.943760409641506,-3.1848049897330855,SSE,55.94348324578175,-3.184690184703376,1838.2571108594166,2277.4886857213787
55.94348324578175,-3.184690184703376,NNW,55.943760409641506,-3.1848049897330855,1838.2571108594166,2276.2386857213787
55.943760409641506,-3.1848049897330855,SSE,55.94348324578175,-3.184690184703376,1838.2571108594166,2274.9886857213787
55.94348324578175,-3.184690184703376,NNW,55.943760409641506,-3.1848049897330855,1838.2571108594166,2273.7386857213787
55.943760409641506,-3.1848049897330855,SSE,55.94348324578175,-3.184690184703376,1838.2571108594166,2272.4886857213787
55.94348324578175,-3.184690184703376,NNW,55.943760409641506,-3.1848049897330855,1838.2571108594166,2271.2386857213787
55.943760409641506,-3.1848049897330855,SSE,55.94348324578175,-3.184690184703376,1838.2571108594166,2269.9886857213787
55.94348324578175,-3.184690184703376,NNW,55.943760409641506,-3.1848049897330855,1838.2571108594166,2268.7386857213787
55.943760409641506,-3.1848049897330855,SSE,55.94348324578175,-3.184690184703376,1838.2571108594166,2267.4886857213787
55.94348324578175,-3.184690184703376,NNW,55.943760409641506,-3.1848049897330855,1838.2571108594166,2266.2386857213787
55.943760409641506,-3.1848049897330855,SSE,55.94348324578175,-3.184690184703376,1838.2571108594166,2264.9886857213787
55.94348324578175,-3.184690184703376,NNW,55.943760409641506,-3.1848049897330855,1838.2571108594166,2263.7386857213787
55.943760409641506,-3.1848049897330855,SSE,55.94348324578175,-3.184690184703376,1838.2571108594166,2262.4886857213787
55.94348324578175,-3.184690184703376,NNW,55.943760409641506,-3.1848049897330855,1838.2571108594166,2261.2386857213787
55.943760409641506,-3.1848049897330855,SSE,55.94348324578175,-3.184690184703376,1838.2571108594166,2259.9886857213787
55.94348324578175,-3.184690184703376,NNW,55.943760409641506,-3.1848049897330855,1838.2571108594166,2258.7386857213787
55.943760409641506,-3.1848049897330855,SSE,55.94348324578175,-3.184690184703376,1838.2571108594166,2257.4886857213787
55.94348324578175,-3.184690184703376,NNW,55.943760409641506,-3.1848049897330855,1838.2571108594166,2256.2386857213787
55.943760409641506,-3.1848049897330855,SSE,55.94348324578175,-3.184690184703376,1838.2571108594166,2254.9886857213787
55.94348324578175,-3.184690184703376,NNW,55.943760409641506,-3.1848049897330855,1838.2571108594166,2253.7386857213787
55.943760409641506,-3.1848049897330855,SSE,55.94348324578175,-3.184690184703376,1838.2571108594166,2252.4886857213787
55.94348324578175,-3.184690184703376,NNW,55.943760409641506,-3.1848049897330855,1838.2571108594166,2251.2386857213787
55.943760409641506,-3.1848049897330855,SSE,55.94348324578175,-3.184690184703376,1838.2571108594166,2249.9886857213787
55.94348324578175,-3.184690184703376,NNW,55.943760409641506,-3.1848049897330855,1838.2571108594166,2248.7386857213787
55.943760409641506,-3.1848049897330855,SSE,55.94348324578175,-3.184690184703376,1838.2571108594166,2247.4886857213787
55.94348324578175,-3.184690184703376,NNW,55.943760409641506,-3.1848049897330855,1838.2571108594166,2246.2386857213787
55.943760409641506,-3.1848049897330855,SSE,55.94348324578175,-3.184690184703376,1838.2571108594166,2244.9886857213787
55.94348324578175,-3.184690184703376,NNW,55.943760409641506,-3.1848049897330855,1838.2571108594166,2243.7386857213787
55.943760409641506,-3.1848049897330855,SSE,55.94348324578175,-3.184690184703376,1838.2571108594166,2242.4886857213787
55.94348324578175,-3.184690184703376,NNW,55.943760409641506,-3.1848049897330855,1838.2571108594166,2241.2386857213787
55.943760409641506,-3.1848049897330855,SSE,55.94348324578175,-3.184690184703376,1838.2571108594166,2239.9886857213787
55.94348324578175,-3.184690184703376,NNW,55.943760409641506,-3.1848049897330855,1838.2571108594166,2238.7386857213787
55.943760409641506,-3.1848049897330855,SSE,55.94348324578175,-3.184690184703376,1838.2571108594166,2237.4886857213787
55.94348324578175,-3.184690184703376,NNW,55.943760409641506,-3.1848049897330855,1838.2571108594166,2236.2386857213787
55.943760409641506,-3.1848049897330855,SSE,55.94348324578175,-3.184690184703376,1838.2571108594166,2234.9886857213787
55.94348324578175,-3.184690184703376,NNW,55.943760409641506,-3.1848049897330855,1838.2571108594166,2233.7386857213787
55.943760409641506,-3.1848049897330855,SSE,55.94348324578175,-3.184690184703376,1838.2571108594166,2232.4886857213787
55.94348324578175,-3.184690184703376,NNW,55.943760409641506,-3.1848049897330855,1838.2571108594166,2231.2386857213787
55.943760409641506,-3.1848049897330855,SSE,55.94348324578175,-3.184690184703376,1838.2571108594166,2229.9886857213787
55.94348324578175,-3.184690184703376,NNW,55.943760409641506,-3.1848049897330855,1838.2571108594166,2228.7386857213787
55.943760409641506,-3.1848049897330855,SSE,55.94348324578175,-3.184690184703376,1838.2571108594166,2227.4886857213787
55.94348324578175,-3.184690184703376,NNW,55.943760409641506,-3.1848049897330855,1838.2571108594166,2226.2386857213787
55.943760409641506,-3.1848049897330855,SSE,55.94348324578175,-3.184690184703376,1838.2571108594166,2224.9886857213787
55.94348324578175,-3.184690184703376,NNW,55.943760409641506,-3.1848049897330855,1838.2571108594166,2223.7386857213787
55.943760409641506,-3.1848049897330855,SSE,55.94348324578175,-3.184690184703376,1838.2571108594166,2222.4886857213787
55.94348324578175,-3.184690184703376,NNW,55.943760409641506,-3.1848049897330855,1838.2571108594166,2221.2386857213787
55.943760409641506,-3.1848049897330855,SSE,55.94348324578175,-3.184690184703376,1838.2571108594166,2219.9886857213787
55.94348324578175,-3.184690184703376,NNW,55.943760409641506,-3.1848049897330855,1838.2571108594166,2218.7386857213787
55.943760409641506,-3.1848049897330855,SSE,55.94348324578175,-3.184690184703376,1838.2571108594166,2217.4886857213787
55.94348324578175,-3.184690184703376,NNW,55.943760409641506,-3.1848049897330855,1838.2571108594166,2216.2386857213787
55.943760409641506,-3.1848049897330855,SSE,55.94348324578175,-3.184690184703376,1838.2571108594166,2214.9886857213787
55.94348324578175,-3.184690184703376,NNW,55.943760409641506,-3.1848049897330855,1838.2571108594166,2213.7386857213787
55.943760409641506,-3.1848049897330855,SSE,55.94348324578175,-3.184690184703376,1838.2571108594166,2212.4886857213787
55.94348324578175,-3.184690184703376,NNW,55.943760409641506,-3.1848049897330855,1838.2571108594166,2211.2386857213787
55.943760409641506,-3.1848049897330855,SSE,55.94348324578175,-3.184690184703376,1838.2571108594166,2209.9886857213787
55.94348324578175,-3.184690184703376,NNW,55.943760409641506,-3.1848049897330855,1838.2571108594166,2208.7386857213787
55.943760409641506,-3.1848049897330855,SSE,55.94348324578175,-3.184690184703376,1838.2571108594166,2207.4886857213787
55.94348324578175,-3.184690184703376,NNW,55.943760409641506,-3.1848049897330855,1838.2571108594166,2206.2386857213787
55.943760409641506,-3.1848049897330855,SSE,55.94348324578175,-3.184690184703376,1838.2571108594166,2204.9886857213787
55.94348324578175,-3.184690184703376,NNW,55.943760409641506,-3.1848049897330855,1838.2571108594166,2203.7386857213787
55.943760409641506,-3.1848049897330855,SSE,55.94348324578175,-3.184690184703376,1838.2571108594166,2202.4886857213787
55.94348324578175,-3.184690184703376,NNW,55.943760409641506,-3.1848049897330855,1838.2571108594166,2201.2386857213787
55.943760409641506,-3.1848049897330855,SSE,55.94348324578175,-3.184690184703376,1838.2571108594166,2199.9886857213787
55.94348324578175,-3.184690184703376,NNW,55.943760409641506,-3.1848049897330855,1838.2571108594166,2198.7386857213787
55.943760409641506,-3.1848049897330855,SSE,55.94348324578175,-3.184690184703376,1838.2571108594166,2197.4886857213787
55.94348324578175,-3.184690184703376,NNW,55.943760409641506,-3.1848049897330855,1838.2571108594166,2196.2386857213787
55.943760409641506,-3.1848049897330855,SSE,55.94348324578175,-3.184690184703376,1838.2571108594166,2194.9886857213787
55.94348324578175,-3.184690184703376,NNW,55.943760409641506,-3.1848049897330855,1838.2571108594166,2193.7386857213787
55.943760409641506,-3.1848049897330855,SSE,55.94348324578175,-3.184690184703376,1838.2571108594166,2192.4886857213787
55.94348324578175,-3.184690184703376,NNW,55.943760409641506,-3.1848049897330855,1838.2571108594166,2191.2386857213787
55.943760409641506,-3.1848049897330855,SSE,55.94348324578175,-3.184690184703376,1838.2571108594166,2189.9886857213787
55.94348324578175,-3.184690184703376,NNW,55.943760409641506,-3.1848049897330855,1838.2571108594166,2188.7386857213787
55.943760409641506,-3.1848049897330855,SSE,55.94348324578175,-3.184690184703376,1838.2571108594166,2187.4886857213787
55.94348324578175,-3.184690184703376,NNW,55.943760409641506,-3.1848049897330855,1838.2571108594166,2186.2386857213787
55.943760409641506,-3.1848049897330855,SSE,55.94348324578175,-3.184690184703376,1838.2571108594166,2184.9886857213787
55.94348324578175,-3.184690184703376,NNW,55.943760409641506,-3.1848049897330855,1838.2571108594166,2183.7386857213787
55.943760409641506,-3.1848049897330855,SSE,55.94348324578175,-3.184690184703376,1838.2571108594166,2182.4886857213787
55.94348324578175,-3.184690184703376,NNW,55.943760409641506,-3.1848049897330855,1838.2571108594166,2181.2386857213787
55.943760409641506,-3.1848049897330855,SSE,55.94348324578175,-3.184690184703376,1838.2571108594166,2179.9886857213787
55.94348324578175,-3.184690184703376,NNW,55.943760409641506,-3.1848049897330855,1838.2571108594166,2178.7386857213787
55.943760409641506,-3.1848049897330855,SSE,55.94348324578175,-3.184690184703376,1838.2571108594166,2177.4886857213787
55.94348324578175,-3.184690184703376,NNW,55.943760409641506,-3.1848049897330855,1838.2571108594166,2176.2386857213787
55.943760409641506,-3.1848049897330855,SSE,55.94348324578175,-3.184690184703376,1838.2571108594166,2174.9886857213787
55.94348324578175,-3.184690184703376,NNW,55.943760409641506,-3.1848049897330855,1838.2571108594166,2173.7386857213787
55.943760409641506,-3.1848049897330855,SSE,55.94348324578175,-3.184690184703376,1838.2571108594166,2172.4886857213787
55.94348324578175,-3.184690184703376,NNW,55.943760409641506,-3.1848049897330855,1838.2571108594166,2171.2386857213787
55.943760409641506,-3.1848049897330855,SSE,55.94348324578175,-3.184690184703376,1838.2571108594166,2169.9886857213787
55.94348324578175,-3.184690184703376,NNW,55.943760409641506,-3.1848049897330855,1838.2571108594166,2168.7386857213787
55.943760409641506,-3.1848049897330855,SSE,55.94348324578175,-3.184690184703376,1838.2571108594166,2167.4886857213787
55.94348324578175,-3.184690184703376,NNW,55.943760409641506,-3.1848049897330855,1838.2571108594166,2166.2386857213787
55.943760409641506,-3.1848049897330855,SSE,55.94348324578175,-3.184690184703376,1838.2571108594166,2164.9886857213787
55.94348324578175,-3.184690184703376,NNW,55.943760409641506,-3.1848049897330855,1838.2571108594166,2163.7386857213787
55.943760409641506,-3.1848049897330855,SSE,55.94348324578175,-3.184690184703376,1838.2571108594166,2162.4886857213787
55.94348324578175,-3.184690184703376,NNW,55.943760409641506,-3.1848049897330855,1838.2571108594166,2161.2386857213787
55.943760409641506,-3.1848049897330855,SSE,55.94348324578175,-3.184690184703376,1838.2571108594166,2159.9886857213787
55.94348324578175,-3.184690184703376,NNW,55.943760409641506,-3.1848049897330855,1838.2571108594166,2158.7386857213787
55.943760409641506,-3.1848049897330855,SSE,55.94348324578175,-3.184690184703376,1838.2571108594166,2157.4886857213787
55.94348324578175,-3.184690184703376,NNW,55.943760409641506,-3.1848049897330855,1838.2571108594166,2156.2386857213787
55.943760409641506,-3.1848049897330855,SSE,55.94348324578175,-3.184690184703376,1838.2571108594166,2154.9886857213787
55.94348324578175,-3.184690184703376,NNW,55.943760409641506,-3.1848049897330855,1838.2571108594166,2153.7386857213787
55.943760409641506,-3.1848049897330855,SSE,55.94348324578175,-3.184690184703376,1838.2571108594166,2152.4886857213787
55.94348324578175,-3.184690184703376,NNW,55.943760409641506,-3.1848049897330855,1838.2571108594166,2151.2386857213787
55.943760409641506,-3.1848049897330855,SSE,55.94348324578175,-3.184690184703376,1838.2571108594166,2149.9886857213787
55.94348324578175,-3.184690184703376,NNW,55.943760409641506,-3.1848049897330855,1838.2571108594166,2148.7386857213787
55.943760409641506,-3.1848049897330855,SSE,55.94348324578175,-3.184690184703376,1838.2571108594166,2147.4886857213787
55.94348324578175,-3.184690184703376,NNW,55.943760409641506,-3.1848049897330855,1838.2571108594166,2146.2386857213787
55.943760409641506,-3.1848049897330855,SSE,55.94348324578175,-3.184690184703376,1838.2571108594166,2144.9886857213787
55.94348324578175,-3.184690184703376,NNW,55.943760409641506,-3.1848049897330855,1838.2571108594166,2143.7386857213787
55.943760409641506,-3.1848049897330855,SSE,55.94348324578175,-3.184690184703376,1838.2571108594166,2142.4886857213787
55.94348324578175,-3.184690184703376,NNW,55.943760409641506,-3.1848049897330855,1838.2571108594166,2141.2386857213787
55.943760409641506,-3.1848049897330855,SSE,55.94348324578175,-3.184690184703376,1838.2571108594166,2139.9886857213787
55.94348324578175,-3.184690184703376,NNW,55.943760409641506,-3.1848049897330855,1838.2571108594166,2138.7386857213787
55.943760409641506,-3.1848049897330855,SSE,55.94348324578175,-3.184690184703376,1838.2571108594166,2137.4886857213787
55.94348324578175,-3.184690184703376,NNW,55.943760409641506,-3.1848049897330855,1838.2571108594166,2136.2386857213787
55.943760409641506,-3.1848049897330855,SSE,55.94348324578175,-3.184690184703376,1838.2571108594166,2134.9886857213787
55.94348324578175,-3.184690184703376,NNW,55.943760409641506,-3.1848049897330855,1838.2571108594166,2133.7386857213787
55.943760409641506,-3.1848049897330855,SSE,55.94348324578175,-3.184690184703376,1838.2571108594166,2132.4886857213787
55.94348324578175,-3.184690184703376,NNW,55.943760409641506,-3.1848049897330855,1838.2571108594166,2131.2386857213787
55.943760409641506,-3.1848049897330855,SSE,55.94348324578175,-3.184690184703376,1838.2571108594166,2129.9886857213787
55.94348324578175,-3.184690184703376,NNW,55.943760409641506,-3.1848049897330855,1838.2571108594166,2128.7386857213787
55.943760409641506,-3.1848049897330855,SSE,55.94348324578175,-3.184690184703376,1838.2571108594166,2127.4886857213787
55.94348324578175,-3.184690184703376,NNW,55.943760409641506,-3.1848049897330855,1838.2571108594166,2126.2386857213787
55.943760409641506,-3.1848049897330855,SSE,55.94348324578175,-3.184690184703376,1838.2571108594166,2124.9886857213787
55.94348324578175,-3.184690184703376,NNW,55.943760409641506,-3.1848049897330855,1838.2571108594166,2123.7386857213787
55.943760409641506,-3.1848049897330855,SSE,55.94348324578175,-3.184690184703376,1838.2571108594166,2122.4886857213787
55.94348324578175,-3.184690184703376,NNW,55.943760409641506,-3.1848049897330855,1838.2571108594166,2121.2386857213787
55.943760409641506,-3.1848049897330855,SSE,55.94348324578175,-3.184690184703376,1838.2571108594166,2119.9886857213787
55.94348324578175,-3.184690184703376,NNW,55.943760409641506,-3.1848049897330855,1838.2571108594166,2118.7386857213787
55.943760409641506,-3.1848049897330855,SSE,55.94348324578175,-3.184690184703376,1838.2571108594166,2117.4886857213787
55.94348324578175,-3.184690184703376,NNW,55.943760409641506,-3.1848049897330855,1838.2571108594166,2116.2386857213787
55.943760409641506,-3.1848049897330855,SSE,55.94348324578175,-3.184690184703376,1838.2571108594166,2114.9886857213787
55.94348324578175,-3.184690184703376,NNW,55.943760409641506,-3.1848049897330855,1838.2571108594166,2113.7386857213787
55.943760409641506,-3.1848049897330855,SSE,55.94348324578175,-3.184690184703376,1838.2571108594166,2112.4886857213787
55.94348324578175,-3.184690184703376,NNW,55.943760409641506,-3.1848049897330855,1838.2571108594166,2111.2386857213787
55.943760409641506,-3.1848049897330855,SSE,55.94348324578175,-3.184690184703376,1838.2571108594166,2109.9886857213787
55.94348324578175,-3.184690184703376,NNW,55.943760409641506,-3.1848049897330855,1838.2571108594166,2108.7386857213787
55.943760409641506,-3.1848049897330855,SSE,55.94348324578175,-3.184690184703376,1838.2571108594166,2107.4886857213787
