55.944425,-3.188396,N,55.944725000000005,-3.188396,90.00100972031548,362.6873732923514
55.944725000000005,-3.188396,NNW,55.94500216385976,-3.1885108050297095,90.00100972031548,361.4373732923514
55.94500216385976,-3.1885108050297095,NNW,55.94527932771952,-3.188625610059419,98.09633208051297,465.4069637694597
55.94527932771952,-3.188625610059419,WNW,55.94539413274923,-3.1889027739191724,162.2896070187898,484.25050374494435
55.94539413274923,-3.1889027739191724,NNW,55.945671296608985,-3.189017578948882,242.8159424320552,564.3848465341501
55.945671296608985,-3.189017578948882,SW,55.94545916457463,-3.1892297109832377,242.8159424320552,563.1348465341501
55.94545916457463,-3.1892297109832377,SW,55.94524703254027,-3.1894418430175935,242.8159424320552,561.8848465341501
55.94524703254027,-3.1894418430175935,WSW,55.94513222751056,-3.189719006877347,326.4311727700572,653.5347219933732
55.94513222751056,-3.189719006877347,WSW,55.94501742248085,-3.1899961707371003,349.16419340125134,678.8982529720079
55.94501742248085,-3.1899961707371003,SE,55.944805290446496,-3.1897840387027445,349.16419340125134,677.6482529720079
55.944805290446496,-3.1897840387027445,SE,55.94459315841214,-3.1895719066683887,467.2163598953942,774.6300762339102
55.94459315841214,-3.1895719066683887,ENE,55.94470796344185,-3.1892947428086353,552.6088117469984,867.9207869738791
55.94470796344185,-3.1892947428086353,S,55.94440796344185,-3.1892947428086353,664.6745472276388,976.3619866042654
55.94440796344185,-3.1892947428086353,WSW,55.94429315841214,-3.1895719066683887,664.6745472276388,975.1119866042654
55.94429315841214,-3.1895719066683887,WSW,55.944178353382426,-3.189849070528142,664.6745472276388,973.8619866042654
55.944178353382426,-3.189849070528142,WSW,55.944063548352716,-3.1901262343878956,664.6745472276388,972.6119866042654
55.944063548352716,-3.1901262343878956,WSW,55.943948743323006,-3.190403398247649,759.7039882380775,1071.7579364040969
55.943948743323006,-3.190403398247649,WSW,55.943833938293295,-3.1906805621074024,782.0213788213291,1110.7088477772827
55.943833938293295,-3.1906805621074024,NNE,55.94411110215305,-3.190565757077693,782.0213788213291,1109.4588477772827
55.94411110215305,-3.190565757077693,N,55.944411102153055,-3.190565757077693,824.3723090088178,1172.5757298746164
55.944411102153055,-3.190565757077693,WSW,55.944296297123344,-3.1908429209374463,824.3723090088178,1171.3257298746164
55.944296297123344,-3.1908429209374463,WSW,55.944181492093634,-3.1911200847971997,824.3723090088178,1170.0757298746164
55.944181492093634,-3.1911200847971997,WSW,55.94406668706392,-3.191397248656953,902.1460660198102,1182.4385578542224
55.94406668706392,-3.191397248656953,WNW,55.944181492093634,-3.1916744125167065,902.1460660198102,1181.1885578542224
55.944181492093634,-3.1916744125167065,NW,55.94439362412799,-3.1918865445510622,902.1460660198102,1179.9385578542224
55.94439362412799,-3.1918865445510622,WNW,55.9445084291577,-3.1921637084108156,951.2935486959377,1283.6243315143922
55.9445084291577,-3.1921637084108156,N,55.9448084291577,-3.1921637084108156,951.2935486959377,1282.3743315143922
55.9448084291577,-3.1921637084108156,NNE,55.94508559301746,-3.192048903381106,951.2935486959377,1281.1243315143922
55.94508559301746,-3.192048903381106,NNW,55.945362756877216,-3.1921637084108156,951.2935486959377,1279.8743315143922
55.945362756877216,-3.1921637084108156,NNW,55.94563992073697,-3.192278513440525,998.1583645699227,1341.3093168040473
55.94563992073697,-3.192278513440525,NNE,55.94591708459673,-3.1921637084108156,1033.4363754288258,1387.464732789874
55.94591708459673,-3.1921637084108156,ESE,55.94580227956702,-3.1918865445510622,1033.4363754288258,1386.214732789874
55.94580227956702,-3.1918865445510622,SE,55.94559014753266,-3.1916744125167065,1119.9829438274073,1429.3821233140134
55.94559014753266,-3.1916744125167065,NE,55.94580227956702,-3.1914622804823507,1119.9829438274073,1428.1321233140134
55.94580227956702,-3.1914622804823507,NE,55.946014411601375,-3.191250148447995,1119.9829438274073,1426.8821233140134
55.946014411601375,-3.191250148447995,NE,55.94622654363573,-3.191038016413639,1198.0102247126079,1493.6766683868711
55.94622654363573,-3.191038016413639,E,55.94622654363573,-3.190738016413639,1198.0102247126079,1492.4266683868711
55.94622654363573,-3.190738016413639,E,55.94622654363573,-3.1904380164136388,1198.0102247126079,1491.1766683868711
55.94622654363573,-3.1904380164136388,E,55.94622654363573,-3.1901380164136386,1198.0102247126079,1489.9266683868711
55.94622654363573,-3.1901380164136386,E,55.94622654363573,-3.1898380164136384,1198.0102247126079,1488.6766683868711
55.94622654363573,-3.1898380164136384,SE,55.946014411601375,-3.1896258843792826,1198.0102247126079,1487.4266683868711
55.946014411601375,-3.1896258843792826,ESE,55.945899606571665,-3.1893487205195292,1198.0102247126079,1486.1766683868711
55.945899606571665,-3.1893487205195292,E,55.945899606571665,-3.189048720519529,1198.0102247126079,1484.9266683868711
55.945899606571665,-3.189048720519529,E,55.945899606571665,-3.188748720519529,1198.0102247126079,1483.6766683868711
55.945899606571665,-3.188748720519529,SW,55.94568747453731,-3.1889608525538846,1198.0102247126079,1482.4266683868711
55.94568747453731,-3.1889608525538846,E,55.94568747453731,-3.1886608525538844,1198.0102247126079,1481.1766683868711
55.94568747453731,-3.1886608525538844,ESE,55.9455726695076,-3.188383688694131,1198.0102247126079,1479.9266683868711
55.9455726695076,-3.188383688694131,ESE,55.94545786447789,-3.1881065248343776,1198.0102247126079,1478.6766683868711
55.94545786447789,-3.1881065248343776,ENE,55.9455726695076,-3.187829360974624,1198.0102247126079,1477.4266683868711
55.9455726695076,-3.187829360974624,ENE,55.94568747453731,-3.187552197114871,1198.0102247126079,1476.1766683868711
55.94568747453731,-3.187552197114871,NE,55.945899606571665,-3.187340065080515,1265.8110169145639,1560.3263714082518
55.945899606571665,-3.187340065080515,ENE,55.946014411601375,-3.1870629012207616,1267.1431901263231,1636.7562750986076
55.946014411601375,-3.1870629012207616,NE,55.94622654363573,-3.186850769186406,1306.8899097227102,1638.5922834686828
55.94622654363573,-3.186850769186406,SSE,55.945949379775975,-3.1867359641566964,1355.2545472204301,1701.0172245985498
55.945949379775975,-3.1867359641566964,S,55.94564937977597,-3.1867359641566964,1382.2016474697334,1737.9073742893395
55.94564937977597,-3.1867359641566964,ENE,55.94576418480568,-3.186458800296943,1382.2016474697334,1736.6573742893395
55.94576418480568,-3.186458800296943,ENE,55.94587898983539,-3.1861816364371895,1382.2016474697334,1735.4073742893395
55.94587898983539,-3.1861816364371895,E,55.94587898983539,-3.1858816364371894,1500.9321617961414,1778.1450414613064
55.94587898983539,-3.1858816364371894,ENE,55.9459937948651,-3.185604472577436,1548.4892360482747,1851.402332666214
55.9459937948651,-3.185604472577436,SSW,55.94571663100535,-3.1857192776071455,1548.4892360482747,1850.152332666214
55.94571663100535,-3.1857192776071455,SSW,55.94543946714559,-3.185834082636855,1548.4892360482747,1848.902332666214
55.94543946714559,-3.185834082636855,SSW,55.945162303285834,-3.1859488876665645,1548.4892360482747,1847.652332666214
55.945162303285834,-3.1859488876665645,SSW,55.94488513942608,-3.186063692696274,1661.6157672109696,1926.6804676839834
55.94488513942608,-3.186063692696274,ESE,55.94477033439637,-3.1857865288365206,1661.6157672109696,1925.4304676839834
55.94477033439637,-3.1857865288365206,ESE,55.944655529366656,-3.185509364976767,1661.6157672109696,1924.1804676839834
55.944655529366656,-3.185509364976767,SE,55.9444433973323,-3.1852972329424114,1722.1570910905016,1958.3966716053405
55.9444433973323,-3.1852972329424114,ENE,55.94455820236201,-3.185020069082658,1801.9398037523401,2065.6084515607904
55.94455820236201,-3.185020069082658,SW,55.944346070327654,-3.1852322011170138,1801.9398037523401,2064.3584515607904
55.944346070327654,-3.1852322011170138,SW,55.9441339382933,-3.1854443331513695,1801.9398037523401,2063.1084515607904
55.9441339382933,-3.1854443331513695,SSW,55.94385677443354,-3.185559138181079,1801.9398037523401,2061.8584515607904
55.94385677443354,-3.185559138181079,SW,55.943644642399185,-3.185771270215435,1903.901497180244,2101.400295997575
55.943644642399185,-3.185771270215435,SSW,55.94336747853943,-3.1858860752451443,1931.1509448109814,2165.9598027316993
55.94336747853943,-3.1858860752451443,WSW,55.94325267350972,-3.1861632391048977,1931.1509448109814,2164.7098027316993
55.94325267350972,-3.1861632391048977,WNW,55.94336747853943,-3.186440402964651,1931.1509448109814,2163.4598027316993
55.94336747853943,-3.186440402964651,WSW,55.94325267350972,-3.1867175668244045,1931.1509448109814,2162.2098027316993
55.94325267350972,-3.1867175668244045,WSW,55.94313786848001,-3.186994730684158,2054.687028333527,2200.4478869256855
55.94313786848001,-3.186994730684158,WNW,55.94325267350972,-3.1872718945439114,2054.687028333527,2199.1978869256855
55.94325267350972,-3.1872718945439114,WNW,55.94336747853943,-3.1875490584036648,2179.618101946998,2321.5725591423266
55.94336747853943,-3.1875490584036648,NW,55.943579610573785,-3.1877611904380205,2245.4597768131,2444.3929239105287
55.943579610573785,-3.1877611904380205,SE,55.94336747853943,-3.1875490584036648,2245.4597768131,2443.1429239105287
55.94336747853943,-3.1875490584036648,NW,55.943579610573785,-3.1877611904380205,2245.4597768131,2441.8929239105287
55.943579610573785,-3.1877611904380205,SE,55.94336747853943,-3.1875490584036648,2245.4597768131,2440.6429239105287
55.94336747853943,-3.1875490584036648,NW,55.943579610573785,-3.1877611904380205,2245.4597768131,2439.3929239105287
55.943579610573785,-3.1877611904380205,SE,55.94336747853943,-3.1875490584036648,2245.4597768131,2438.1429239105287
55.94336747853943,-3.1875490584036648,NW,55.943579610573785,-3.1877611904380205,2245.4597768131,2436.8929239105287
55.943579610573785,-3.1877611904380205,SE,55.94336747853943,-3.1875490584036648,2245.4597768131,2435.6429239105287
55.94336747853943,-3.1875490584036648,NW,55.943579610573785,-3.1877611904380205,2245.4597768131,2434.3929239105287
55.943579610573785,-3.1877611904380205,SE,55.94336747853943,-3.1875490584036648,2245.4597768131,2433.1429239105287
55.94336747853943,-3.1875490584036648,NW,55.943579610573785,-3.1877611904380205,2245.4597768131,2431.8929239105287
55.943579610573785,-3.1877611904380205,SE,55.94336747853943,-3.1875490584036648,2245.4597768131,2430.6429239105287
55.94336747853943,-3.1875490584036648,NW,55.943579610573785,-3.1877611904380205,2245.4597768131,2429.3929239105287
55.943579610573785,-3.1877611904380205,SE,55.94336747853943,-3.1875490584036648,2245.4597768131,2428.1429239105287
55.94336747853943,-3.1875490584036648,NW,55.943579610573785,-3.1877611904380205,2245.4597768131,2426.8929239105287
55.943579610573785,-3.1877611904380205,SE,55.94336747853943,-3.1875490584036648,2245.4597768131,2425.6429239105287
55.94336747853943,-3.1875490584036648,NW,55.943579610573785,-3.1877611904380205,2245.4597768131,2424.3929239105287
55.943579610573785,-3.1877611904380205,SE,55.94336747853943,-3.1875490584036648,2245.4597768131,2423.1429239105287
55.94336747853943,-3.1875490584036648,NW,55.943579610573785,-3.1877611904380205,2245.4597768131,2421.8929239105287
55.943579610573785,-3.1877611904380205,SE,55.94336747853943,-3.1875490584036648,2245.4597768131,2420.6429239105287
55.94336747853943,-3.1875490584036648,NW,55.943579610573785,-3.1877611904380205,2245.4597768131,2419.3929239105287
55.943579610573785,-3.1877611904380205,SE,55.94336747853943,-3.1875490584036648,2245.4597768131,2418.1429239105287
55.94336747853943,-3.1875490584036648,NW,55.943579610573785,-3.1877611904380205,2245.4597768131,2416.8929239105287
55.943579610573785,-3.1877611904380205,SE,55.94336747853943,-3.1875490584036648,2245.4597768131,2415.6429239105287
55.94336747853943,-3.1875490584036648,NW,55.943579610573785,-3.1877611904380205,2245.4597768131,2414.3929239105287
55.943579610573785,-3.1877611904380205,SE,55.94336747853943,-3.1875490584036648,2245.4597768131,2413.1429239105287
55.94336747853943,-3.1875490584036648,NW,55.943579610573785,-3.1877611904380205,2245.4597768131,2411.8929239105287
55.943579610573785,-3.1877611904380205,SE,55.94336747853943,-3.1875490584036648,2245.4597768131,2410.6429239105287
55.94336747853943,-3.1875490584036648,NW,55.943579610573785,-3.1877611904380205,2245.4597768131,2409.3929239105287
55.943579610573785,-3.1877611904380205,SE,55.94336747853943,-3.1875490584036648,2245.4597768131,2408.1429239105287
55.94336747853943,-3.1875490584036648,NW,55.943579610573785,-3.1877611904380205,2245.4597768131,2406.8929239105287
55.943579610573785,-3.1877611904380205,SE,55.94336747853943,-3.1875490584036648,2245.4597768131,2405.6429239105287
55.94336747853943,-3.1875490584036648,NW,55.943579610573785,-3.1877611904380205,2245.4597768131,2404.3929239105287
55.943579610573785,-3.1877611904380205,SE,55.94336747853943,-3.1875490584036648,2245.4597768131,2403.1429239105287
55.94336747853943,-3.1875490584036648,NW,55.943579610573785,-3.1877611904380205,2245.4597768131,2401.8929239105287
55.943579610573785,-3.1877611904380205,SE,55.94336747853943,-3.1875490584036648,2245.4597768131,2400.6429239105287
55.94336747853943,-3.1875490584036648,NW,55.943579610573785,-3.1877611904380205,2245.4597768131,2399.3929239105287
55.943579610573785,-3.1877611904380205,SE,55.94336747853943,-3.1875490584036648,2245.4597768131,2398.1429239105287
55.94336747853943,-3.1875490584036648,NW,55.943579610573785,-3.1877611904380205,2245.4597768131,2396.8929239105287
55.943579610573785,-3.1877611904380205,SE,55.94336747853943,-3.1875490584036648,2245.4597768131,2395.6429239105287
55.94336747853943,-3.1875490584036648,NW,55.943579610573785,-3.1877611904380205,2245.4597768131,2394.3929239105287
55.943579610573785,-3.1877611904380205,SE,55.94336747853943,-3.1875490584036648,2245.4597768131,2393.1429239105287
55.94336747853943,-3.1875490584036648,NW,55.943579610573785,-3.1877611904380205,2245.4597768131,2391.8929239105287
55.943579610573785,-3.1877611904380205,SE,55.94336747853943,-3.1875490584036648,2245.4597768131,2390.6429239105287
55.94336747853943,-3.1875490584036648,NW,55.943579610573785,-3.1877611904380205,2245.4597768131,2389.3929239105287
55.943579610573785,-3.1877611904380205,SE,55.94336747853943,-3.1875490584036648,2245.4597768131,2388.1429239105287
55.94336747853943,-3.1875490584036648,NW,55.943579610573785,-3.1877611904380205,2245.4597768131,2386.8929239105287
55.943579610573785,-3.1877611904380205,SE,55.94336747853943,-3.1875490584036648,2245.4597768131,2385.6429239105287
55.94336747853943,-3.1875490584036648,NW,55.943579610573785,-3.1877611904380205,2245.4597768131,2384.3929239105287
55.943579610573785,-3.1877611904380205,SE,55.94336747853943,-3.1875490584036648,2245.4597768131,2383.1429239105287
55.94336747853943,-3.1875490584036648,NW,55.943579610573785,-3.1877611904380205,2245.4597768131,2381.8929239105287
55.943579610573785,-3.1877611904380205,SE,55.94336747853943,-3.1875490584036648,2245.4597768131,2380.6429239105287
55.94336747853943,-3.1875490584036648,NW,55.943579610573785,-3.1877611904380205,2245.4597768131,2379.3929239105287
55.943579610573785,-3.1877611904380205,SE,55.94336747853943,-3.1875490584036648,2245.4597768131,2378.1429239105287
55.94336747853943,-3.1875490584036648,NW,55.943579610573785,-3.1877611904380205,2245.4597768131,2376.8929239105287
55.943579610573785,-3.1877611904380205,SE,55.94336747853943,-3.1875490584036648,2245.4597768131,2375.6429239105287
55.94336747853943,-3.1875490584036648,NW,55.943579610573785,-3.1877611904380205,2245.4597768131,2374.3929239105287
55.943579610573785,-3.1877611904380205,SE,55.94336747853943,-3.1875490584036648,2245.4597768131,2373.1429239105287
55.94336747853943,-3.1875490584036648,NW,55.943579610573785,-3.1877611904380205,2245.4597768131,2371.8929239105287
55.943579610573785,-3.1877611904380205,SE,55.94336747853943,-3.1875490584036648,2245.4597768131,2370.6429239105287
55.94336747853943,-3.1875490584036648,NW,55.943579610573785,-3.1877611904380205,2245.4597768131,2369.3929239105287
55.943579610573785,-3.1877611904380205,SE,55.94336747853943,-3.1875490584036648,2245.4597768131,2368.1429239105287
55.94336747853943,-3.1875490584036648,NW,55.943579610573785,-3.1877611904380205,2245.4597768131,2366.8929239105287
55.943579610573785,-3.1877611904380205,SE,55.94336747853943,-3.1875490584036648,2245.4597768131,2365.6429239105287
55.94336747853943,-3.1875490584036648,NW,55.943579610573785,-3.1877611904380205,2245.4597768131,2364.3929239105287
55.943579610573785,-3.1877611904380205,SE,55.94336747853943,-3.1875490584036648,2245.4597768131,2363.1429239105287
55.94336747853943,-3.1875490584036648,NW,55.943579610573785,-3.1877611904380205,2245.4597768131,2361.8929239105287
55.943579610573785,-3.1877611904380205,SE,55.94336747853943,-3.1875490584036648,2245.4597768131,2360.6429239105287
55.94336747853943,-3.1875490584036648,NW,55.943579610573785,-3.1877611904380205,2245.4597768131,2359.3929239105287
55.943579610573785,-3.1877611904380205,SE,55.94336747853943,-3.1875490584036648,2245.4597768131,2358.1429239105287
55.94336747853943,-3.1875490584036648,NW,55.943579610573785,-3.1877611904380205,2245.4597768131,2356.8929239105287
55.943579610573785,-3.1877611904380205,SE,55.94336747853943,-3.1875490584036648,2245.4597768131,2355.6429239105287
55.94336747853943,-3.1875490584036648,NW,55.943579610573785,-3.1877611904380205,2245.4597768131,2354.3929239105287
55.943579610573785,-3.1877611904380205,SE,55.94336747853943,-3.1875490584036648,2245.4597768131,2353.1429239105287
55.94336747853943,-3.1875490584036648,NW,55.943579610573785,-3.1877611904380205,2245.4597768131,2351.8929239105287
55.943579610573785,-3.1877611904380205,SE,55.94336747853943,-3.1875490584036648,2245.4597768131,2350.6429239105287
55.94336747853943,-3.1875490584036648,NW,55.943579610573785,-3.1877611904380205,2245.4597768131,2349.3929239105287
55.943579610573785,-3.1877611904380205,SE,55.94336747853943,-3.1875490584036648,2245.4597768131,2348.1429239105287
55.94336747853943,-3.1875490584036648,NW,55.943579610573785,-3.1877611904380205,2245.4597768131,2346.8929239105287
55.943579610573785,-3.1877611904380205,SE,55.94336747853943,-3.1875490584036648,2245.4597768131,2345.6429239105287
55.94336747853943,-3.1875490584036648,NW,55.943579610573785,-3.1877611904380205,2245.4597768131,2344.3929239105287
55.943579610573785,-3.1877611904380205,SE,55.94336747853943,-3.1875490584036648,2245.4597768131,2343.1429239105287
55.94336747853943,-3.1875490584036648,NW,55.943579610573785,-3.1877611904380205,2245.4597768131,2341.8929239105287
55.943579610573785,-3.1877611904380205,SE,55.94336747853943,-3.1875490584036648,2245.4597768131,2340.6429239105287
55.94336747853943,-3.1875490584036648,NW,55.943579610573785,-3.1877611904380205,2245.4597768131,2339.3929239105287
55.943579610573785,-3.1877611904380205,SE,55.94336747853943,-3.1875490584036648,2245.4597768131,2338.1429239105287
55.94336747853943,-3.1875490584036648,NW,55.943579610573785,-3.1877611904380205,2245.4597768131,2336.8929239105287
55.943579610573785,-3.1877611904380205,SE,55.94336747853943,-3.1875490584036648,2245.4597768131,2335.6429239105287
55.94336747853943,-3.1875490584036648,NW,55.943579610573785,-3.1877611904380205,2245.4597768131,2334.3929239105287
55.943579610573785,-3.1877611904380205,SE,55.94336747853943,-3.1875490584036648,2245.4597768131,2333.1429239105287
55.94336747853943,-3.1875490584036648,NW,55.943579610573785,-3.1877611904380205,2245.4597768131,2331.8929239105287
55.943579610573785,-3.1877611904380205,SE,55.94336747853943,-3.1875490584036648,2245.4597768131,2330.6429239105287
55.94336747853943,-3.1875490584036648,NW,55.943579610573785,-3.1877611904380205,2245.4597768131,2329.3929239105287
55.943579610573785,-3.1877611904380205,SE,55.94336747853943,-3.1875490584036648,2245.4597768131,2328.1429239105287
55.94336747853943,-3.1875490584036648,NW,55.943579610573785,-3.1877611904380205,2245.4597768131,2326.8929239105287
55.943579610573785,-3.1877611904380205,SE,55.94336747853943,-3.1875490584036648,2245.4597768131,2325.6429239105287
55.94336747853943,-3.1875490584036648,NW,55.943579610573785,-3.1877611904380205,2245.4597768131,2324.3929239105287
55.943579610573785,-3.1877611904380205,SE,55.94336747853943,-3.1875490584036648,2245.4597768131,2323.1429239105287
55.94336747853943,-3.1875490584036648,NW,55.943579610573785,-3.1877611904380205,2245.4597768131,2321.8929239105287
55.943579610573785,-3.1877611904380205,SE,55.94336747853943,-3.1875490584036648,2245.4597768131,2320.6429239105287
55.94336747853943,-3.1875490584036648,NW,55.943579610573785,-3.1877611904380205,2245.4597768131,2319.3929239105287
55.943579610573785,-3.1877611904380205,SE,55.94336747853943,-3.1875490584036648,2245.4597768131,2318.1429239105287
55.94336747853943,-3.1875490584036648,NW,55.943579610573785,-3.1877611904380205,2245.4597768131,2316.8929239105287
55.943579610573785,-3.1877611904380205,SE,55.94336747853943,-3.1875490584036648,2245.4597768131,2315.6429239105287
55.94336747853943,-3.1875490584036648,NW,55.943579610573785,-3.1877611904380205,2245.4597768131,2314.3929239105287
55.943579610573785,-3.1877611904380205,SE,55.94336747853943,-3.1875490584036648,2245.4597768131,2313.1429239105287
55.94336747853943,-3.1875490584036648,NW,55.943579610573785,-3.1877611904380205,2245.4597768131,2311.8929239105287
55.943579610573785,-3.1877611904380205,SE,55.94336747853943,-3.1875490584036648,2245.4597768131,2310.6429239105287
55.94336747853943,-3.1875490584036648,NW,55.943579610573785,-3.1877611904380205,2245.4597768131,2309.3929239105287
55.943579610573785,-3.1877611904380205,SE,55.94336747853943,-3.1875490584036648,2245.4597768131,2308.1429239105287
55.94336747853943,-3.1875490584036648,NW,55.943579610573785,-3.1877611904380205,2245.4597768131,2306.8929239105287
55.943579610573785,-3.1877611904380205,SE,55.94336747853943,-3.1875490584036648,2245.4597768131,2305.6429239105287
55.94336747853943,-3.1875490584036648,NW,55.943579610573785,-3.1877611904380205,2245.4597768131,2304.3929239105287
55.943579610573785,-3.1877611904380205,SE,55.94336747853943,-3.1875490584036648,2245.4597768131,2303.1429239105287
55.94336747853943,-3.1875490584036648,NW,55.943579610573785,-3.1877611904380205,2245.4597768131,2301.8929239105287
55.943579610573785,-3.1877611904380205,SE,55.94336747853943,-3.1875490584036648,2245.4597768131,2300.6429239105287
55.94336747853943,-3.1875490584036648,NW,55.943579610573785,-3.1877611904380205,2245.4597768131,2299.3929239105287
55.943579610573785,-3.1877611904380205,SE,55.94336747853943,-3.1875490584036648,2245.4597768131,2298.1429239105287
55.94336747853943,-3.1875490584036648,NW,55.943579610573785,-3.1877611904380205,2245.4597768131,2296.8929239105287
55.943579610573785,-3.1877611904380205,SE,55.94336747853943,-3.1875490584036648,2245.4597768131,2295.6429239105287
55.94336747853943,-3.1875490584036648,NW,55.943579610573785,-3.1877611904380205,2245.4597768131,2294.3929239105287
55.943579610573785,-3.1877611904380205,SE,55.94336747853943,-3.1875490584036648,2245.4597768131,2293.1429239105287
55.94336747853943,-3.1875490584036648,NW,55.943579610573785,-3.1877611904380205,2245.4597768131,2291.8929239105287
55.943579610573785,-3.1877611904380205,SE,55.94336747853943,-3.1875490584036648,2245.4597768131,2290.6429239105287
55.94336747853943,-3.1875490584036648,NW,55.943579610573785,-3.1877611904380205,2245.4597768131,2289.3929239105287
55.943579610573785,-3.1877611904380205,SE,55.94336747853943,-3.1875490584036648,2245.4597768131,2288.1429239105287
55.94336747853943,-3.1875490584036648,NW,55.943579610573785,-3.1877611904380205,2245.4597768131,2286.8929239105287
55.943579610573785,-3.1877611904380205,SE,55.94336747853943,-3.1875490584036648,2245.4597768131,2285.6429239105287
55.94336747853943,-3.1875490584036648,NW,55.943579610573785,-3.1877611904380205,2245.4597768131,2284.3929239105287
55.943579610573785,-3.1877611904380205,SE,55.94336747853943,-3.1875490584036648,2245.4597768131,2283.1429239105287
55.94336747853943,-3.1875490584036648,NW,55.943579610573785,-3.1877611904380205,2245.4597768131,2281.8929239105287
55.943579610573785,-3.1877611904380205,SE,55.94336747853943,-3.1875490584036648,2245.4597768131,2280.6429239105287
55.94336747853943,-3.1875490584036648,NW,55.943579610573785,-3.1877611904380205,2245.4597768131,2279.3929239105287
55.943579610573785,-3.1877611904380205,SE,55.94336747853943,-3.1875490584036648,2245.4597768131,2278.1429239105287
55.94336747853943,-3.1875490584036648,NW,55.943579610573785,-3.1877611904380205,2245.4597768131,2276.8929239105287
55.943579610573785,-3.1877611904380205,SE,55.94336747853943,-3.1875490584036648,2245.4597768131,2275.6429239105287
55.94336747853943,-3.1875490584036648,NW,55.943579610573785,-3.1877611904380205,2245.4597768131,2274.3929239105287
55.943579610573785,-3.1877611904380205,SE,55.94336747853943,-3.1875490584036648,2245.4597768131,2273.1429239105287
55.94336747853943,-3.1875490584036648,NW,55.943579610573785,-3.1877611904380205,2245.4597768131,2271.8929239105287
55.943579610573785,-3.1877611904380205,SE,55.94336747853943,-3.1875490584036648,2245.4597768131,2270.6429239105287
55.94336747853943,-3.1875490584036648,NW,55.943579610573785,-3.1877611904380205,2245.4597768131,2269.3929239105287
55.943579610573785,-3.1877611904380205,SE,55.94336747853943,-3.1875490584036648,2245.4597768131,2268.1429239105287
55.94336747853943,-3.1875490584036648,NW,55.943579610573785,-3.1877611904380205,2245.4597768131,2266.8929239105287
55.943579610573785,-3.1877611904380205,SE,55.94336747853943,-3.1875490584036648,2245.4597768131,2265.6429239105287
55.94336747853943,-3.1875490584036648,NW,55.943579610573785,-3.1877611904380205,2245.4597768131,2264.3929239105287
55.943579610573785,-3.1877611904380205,SE,55.94336747853943,-3.1875490584036648,2245.4597768131,2263.1429239105287
55.94336747853943,-3.1875490584036648,NW,55.943579610573785,-3.1877611904380205,2245.4597768131,2261.8929239105287
55.943579610573785,-3.1877611904380205,SE,55.94336747853943,-3.1875490584036648,2245.4597768131,2260.6429239105287
55.94336747853943,-3.1875490584036648,NW,55.943579610573785,-3.1877611904380205,2245.4597768131,2259.3929239105287
55.943579610573785,-3.1877611904380205,SE,55.94336747853943,-3.1875490584036648,2245.4597768131,2258.1429239105287
55.94336747853943,-3.1875490584036648,NW,55.943579610573785,-3.1877611904380205,2245.4597768131,2256.8929239105287
55.943579610573785,-3.1877611904380205,SE,55.94336747853943,-3.1875490584036648,2245.4597768131,2255.6429239105287
55.94336747853943,-3.1875490584036648,NW,55.943579610573785,-3.1877611904380205,2245.4597768131,2254.3929239105287
55.943579610573785,-3.1877611904380205,SE,55.94336747853943,-3.1875490584036648,2245.4597768131,2253.1429239105287
55.94336747853943,-3.1875490584036648,NW,55.943579610573785,-3.1877611904380205,2245.4597768131,2251.8929239105287
55.943579610573785,-3.1877611904380205,SE,55.94336747853943,-3.1875490584036648,2245.4597768131,2250.6429239105287
55.94336747853943,-3.1875490584036648,NW,55.943579610573785,-3.1877611904380205,2245.4597768131,2249.3929239105287
55.943579610573785,-3.1877611904380205,SE,55.94336747853943,-3.1875490584036648,2245.4597768131,2248.1429239105287
55.94336747853943,-3.1875490584036648,NW,55.943579610573785,-3.1877611904380205,2245.4597768131,2246.8929239105287
55.943579610573785,-3.1877611904380205,SE,55.94336747853943,-3.1875490584036648,2245.4597768131,2245.6429239105287
55.94336747853943,-3.1875490584036648,NW,55.943579610573785,-3.1877611904380205,2245.4597768131,2244.3929239105287
55.943579610573785,-3.1877611904380205,SE,55.94336747853943,-3.1875490584036648,2245.4597768131,2243.1429239105287
55.94336747853943,-3.1875490584036648,NW,55.943579610573785,-3.1877611904380205,2245.4597768131,2241.8929239105287
55.943579610573785,-3.1877611904380205,SE,55.94336747853943,-3.1875490584036648,2245.4597768131,2240.6429239105287
55.94336747853943,-3.1875490584036648,NW,55.943579610573785,-3.1877611904380205,2245.4597768131,2239.3929239105287
55.943579610573785,-3.1877611904380205,SE,55.94336747853943,-3.1875490584036648,2245.4597768131,2238.1429239105287
55.94336747853943,-3.1875490584036648,NW,55.943579610573785,-3.1877611904380205,2245.4597768131,2236.8929239105287
55.943579610573785,-3.1877611904380205,SE,55.94336747853943,-3.1875490584036648,2245.4597768131,2235.6429239105287
55.94336747853943,-3.1875490584036648,NW,55.943579610573785,-3.1877611904380205,2245.4597768131,2234.3929239105287
55.943579610573785,-3.1877611904380205,SE,55.94336747853943,-3.1875490584036648,2245.4597768131,2233.1429239105287
55.94336747853943,-3.1875490584036648,NW,55.943579610573785,-3.1877611904380205,2245.4597768131,2231.8929239105287
55.943579610573785,-3.1877611904380205,SE,55.94336747853943,-3.1875490584036648,2245.4597768131,2230.6429239105287
