55.944425,-3.188396,NW,55.94463713203436,-3.188608132034356,0.0,248.75
55.94463713203436,-3.188608132034356,NW,55.944849264068715,-3.1888202640687116,74.07108962331479,286.27958138105566
55.944849264068715,-3.1888202640687116,WNW,55.944964069098425,-3.189097427928465,74.07108962331479,285.02958138105566
55.944964069098425,-3.189097427928465,WNW,55.945078874128136,-3.1893745917882184,79.49386826622778,362.756308536942
55.945078874128136,-3.1893745917882184,NW,55.94529100616249,-3.189586723822574,79.49386826622778,361.506308536942
55.94529100616249,-3.189586723822574,NW,55.94550313819685,-3.18979885585693,156.42276327532284,477.15713425403766
55.94550313819685,-3.18979885585693,S,55.945203138196845,-3.18979885585693,156.42276327532284,475.90713425403766
55.945203138196845,-3.18979885585693,NW,55.9454152702312,-3.1900109878912857,156.42276327532284,474.65713425403766
55.9454152702312,-3.1900109878912857,WSW,55.94530046520149,-3.190288151751039,232.21070739386914,553.196414525331
55.94530046520149,-3.190288151751039,NNW,55.94557762906125,-3.1904029567807486,232.21070739386914,551.946414525331
55.94557762906125,-3.1904029567807486,NNW,55.945854792921004,-3.190517761810458,232.21070739386914,550.696414525331
55.945854792921004,-3.190517761810458,NNW,55.94613195678076,-3.1906325668401676,340.9947194661935,648.3816419948331
55.94613195678076,-3.1906325668401676,W,55.94613195678076,-3.190932566840168,340.9947194661935,647.1316419948331
55.94613195678076,-3.190932566840168,W,55.94613195678076,-3.191232566840168,340.9947194661935,645.8816419948331
55.94613195678076,-3.191232566840168,W,55.94613195678076,-3.191532566840168,340.9947194661935,644.6316419948331
55.94613195678076,-3.191532566840168,W,55.94613195678076,-3.1918325668401684,340.9947194661935,643.3816419948331
55.94613195678076,-3.1918325668401684,W,55.94613195678076,-3.1921325668401686,344.8042009525085,740.9321419847358
55.94613195678076,-3.1921325668401686,SSW,55.945854792921004,-3.192247371869878,419.0839866503927,754.0955023626201
55.945854792921004,-3.192247371869878,S,55.945554792921,-3.192247371869878,419.0839866503927,752.8455023626201
55.945554792921,-3.192247371869878,S,55.945254792921,-3.192247371869878,419.0839866503927,751.5955023626201
55.945254792921,-3.192247371869878,S,55.944954792920996,-3.192247371869878,419.0839866503927,750.3455023626201
55.944954792920996,-3.192247371869878,S,55.94465479292099,-3.192247371869878,496.8204416194594,826.4879726944989
55.94465479292099,-3.192247371869878,SSE,55.944377629061236,-3.1921325668401686,496.8204416194594,825.2379726944989
55.944377629061236,-3.1921325668401686,SSE,55.94410046520148,-3.192017761810459,569.2281669041554,887.9174748520239
55.94410046520148,-3.192017761810459,E,55.94410046520148,-3.191717761810459,569.2281669041554,886.6674748520239
55.94410046520148,-3.191717761810459,E,55.94410046520148,-3.1914177618104587,569.2281669041554,885.4174748520239
55.94410046520148,-3.1914177618104587,ESE,55.94398566017177,-3.1911405979507053,676.6327246347672,895.8365321759715
55.94398566017177,-3.1911405979507053,SSW,55.94370849631201,-3.1912554029804148,676.6327246347672,894.5865321759715
55.94370849631201,-3.1912554029804148,S,55.94340849631201,-3.1912554029804148,681.3399878474237,930.0283407049775
55.94340849631201,-3.1912554029804148,E,55.94340849631201,-3.1909554029804146,681.3399878474237,928.7783407049775
55.94340849631201,-3.1909554029804146,ESE,55.9432936912823,-3.190678239120661,711.7440470428872,1036.4774685426178
55.9432936912823,-3.190678239120661,SE,55.94308155924794,-3.1904661070863054,747.4682849067273,1135.2054506127608
55.94308155924794,-3.1904661070863054,ENE,55.943196364277654,-3.190188943226552,747.4682849067273,1133.9554506127608
55.943196364277654,-3.190188943226552,NNW,55.94347352813741,-3.1903037482562615,795.0670107922831,1161.4879196805707
55.94347352813741,-3.1903037482562615,SE,55.943261396103054,-3.1900916162219057,795.0670107922831,1160.2379196805707
55.943261396103054,-3.1900916162219057,SW,55.9430492640687,-3.1903037482562615,795.0670107922831,1158.9879196805707
55.9430492640687,-3.1903037482562615,SW,55.94283713203434,-3.1905158802906173,795.0670107922831,1157.7379196805707
55.94283713203434,-3.1905158802906173,WSW,55.94272232700463,-3.1907930441503707,871.6829993960357,1185.3638711139656
55.94272232700463,-3.1907930441503707,E,55.94272232700463,-3.1904930441503705,871.6829993960357,1184.1138711139656
55.94272232700463,-3.1904930441503705,E,55.94272232700463,-3.1901930441503703,871.6829993960357,1182.8638711139656
55.94272232700463,-3.1901930441503703,E,55.94272232700463,-3.18989304415037,871.6829993960357,1181.6138711139656
55.94272232700463,-3.18989304415037,E,55.94272232700463,-3.18959304415037,871.6829993960357,1180.3638711139656
55.94272232700463,-3.18959304415037,E,55.94272232700463,-3.1892930441503697,920.237589165186,1273.7407943561227
55.94272232700463,-3.1892930441503697,NE,55.94293445903899,-3.189080912116014,973.218866589931,1380.935394614682
55.94293445903899,-3.189080912116014,NNW,55.943211622898744,-3.1891957171457235,973.218866589931,1379.685394614682
55.943211622898744,-3.1891957171457235,NNW,55.9434887867585,-3.189310522175433,1057.8753962471055,1464.431319775688
55.9434887867585,-3.189310522175433,ENE,55.94360359178821,-3.1890333583156796,1057.8753962471055,1463.181319775688
55.94360359178821,-3.1890333583156796,ENE,55.94371839681792,-3.188756194455926,1057.8753962471055,1461.931319775688
55.94371839681792,-3.188756194455926,E,55.94371839681792,-3.188456194455926,1057.8753962471055,1460.681319775688
55.94371839681792,-3.188456194455926,ENE,55.94383320184763,-3.1881790305961726,1057.8753962471055,1459.431319775688
55.94383320184763,-3.1881790305961726,E,55.94383320184763,-3.1878790305961724,1057.8753962471055,1458.181319775688
55.94383320184763,-3.1878790305961724,ENE,55.94394800687734,-3.187601866736419,1113.5691357422477,1478.6598714896209
55.94394800687734,-3.187601866736419,NE,55.9441601389117,-3.187389734702063,1131.0255371459862,1590.5418128012961
55.9441601389117,-3.187389734702063,SSE,55.94388297505194,-3.1872749296723537,1194.0058079154567,1601.069209726662
55.94388297505194,-3.1872749296723537,SSE,55.943605811192185,-3.187160124642644,1194.0058079154567,1599.819209726662
55.943605811192185,-3.187160124642644,SSE,55.94332864733243,-3.1870453196129347,1194.0058079154567,1598.569209726662
55.94332864733243,-3.1870453196129347,SE,55.94311651529807,-3.186833187578579,1299.4431746487658,1687.558335216572
55.94311651529807,-3.186833187578579,SE,55.942904383263716,-3.186621055544223,1324.6885858769624,1691.3296482810708
55.942904383263716,-3.186621055544223,W,55.942904383263716,-3.1869210555442233,1324.6885858769624,1690.0796482810708
55.942904383263716,-3.1869210555442233,WNW,55.94301918829343,-3.1871982194039767,1324.6885858769624,1688.8296482810708
55.94301918829343,-3.1871982194039767,WSW,55.942904383263716,-3.18747538326373,1427.3346425036234,1764.0017057222674
55.942904383263716,-3.18747538326373,NE,55.94311651529807,-3.1872632512293744,1427.3346425036234,1762.7517057222674
55.94311651529807,-3.1872632512293744,E,55.94311651529807,-3.186963251229374,1427.3346425036234,1761.5017057222674
55.94311651529807,-3.186963251229374,E,55.94311651529807,-3.186663251229374,1427.3346425036234,1760.2517057222674
55.94311651529807,-3.186663251229374,NE,55.94332864733243,-3.1864511191950182,1427.3346425036234,1759.0017057222674
55.94332864733243,-3.1864511191950182,E,55.94332864733243,-3.186151119195018,1427.3346425036234,1757.7517057222674
55.94332864733243,-3.186151119195018,ESE,55.94321384230272,-3.1858739553352646,1427.3346425036234,1756.5017057222674
55.94321384230272,-3.1858739553352646,ESE,55.94309903727301,-3.1855967914755112,1427.3346425036234,1755.2517057222674
55.94309903727301,-3.1855967914755112,ESE,55.9429842322433,-3.185319627615758,1518.9186695154356,1854.4637632278589
55.9429842322433,-3.185319627615758,NNE,55.943261396103054,-3.1852048225860483,1518.9186695154356,1853.2137632278589
55.943261396103054,-3.1852048225860483,NNE,55.94353855996281,-3.185090017556339,1518.9186695154356,1851.9637632278589
55.94353855996281,-3.185090017556339,NNE,55.94381572382257,-3.1849752125266293,1638.9414835488426,1852.0336505439964
55.94381572382257,-3.1849752125266293,NNW,55.944092887682324,-3.185090017556339,1638.9414835488426,1850.7836505439964
55.944092887682324,-3.185090017556339,NNW,55.94437005154208,-3.1852048225860483,1638.9414835488426,1849.5336505439964
55.94437005154208,-3.1852048225860483,NNW,55.94464721540184,-3.185319627615758,1638.9414835488426,1848.2836505439964
55.94464721540184,-3.185319627615758,NW,55.94485934743619,-3.1855317596501136,1638.9414835488426,1847.0336505439964
55.94485934743619,-3.1855317596501136,NNW,55.94513651129595,-3.185646564679823,1673.316153112937,1920.5230710713458
55.94513651129595,-3.185646564679823,NW,55.945348643330306,-3.185858696714179,1673.316153112937,1919.2730710713458
55.945348643330306,-3.185858696714179,NW,55.94556077536466,-3.1860708287485346,1728.3848581122452,1927.759249798251
55.94556077536466,-3.1860708287485346,W,55.94556077536466,-3.186370828748535,1728.3848581122452,1926.509249798251
55.94556077536466,-3.186370828748535,W,55.94556077536466,-3.186670828748535,1728.3848581122452,1925.259249798251
55.94556077536466,-3.186670828748535,WNW,55.94567558039437,-3.1869479926082884,1728.3848581122452,1924.009249798251
55.94567558039437,-3.1869479926082884,W,55.94567558039437,-3.1872479926082886,1728.3848581122452,1922.759249798251
55.94567558039437,-3.1872479926082886,WNW,55.94579038542408,-3.187525156468042,1785.4219319411727,1970.4694206692968
55.94579038542408,-3.187525156468042,WSW,55.94567558039437,-3.1878023203277954,1785.4219319411727,1969.2194206692968
55.94567558039437,-3.1878023203277954,WSW,55.94556077536466,-3.188079484187549,1798.7714975365407,2087.8153389292447
55.94556077536466,-3.188079484187549,NNW,55.94583793922442,-3.1881942892172583,1798.7714975365407,2086.5653389292447
55.94583793922442,-3.1881942892172583,NNW,55.946115103084175,-3.188309094246968,1906.6620523948225,2192.873774300378
55.946115103084175,-3.188309094246968,SSE,55.94583793922442,-3.1881942892172583,1906.6620523948225,2191.623774300378
55.94583793922442,-3.1881942892172583,NNW,55.946115103084175,-3.188309094246968,1906.6620523948225,2190.373774300378
55.946115103084175,-3.188309094246968,SSE,55.94583793922442,-3.1881942892172583,1906.6620523948225,2189.123774300378
55.94583793922442,-3.1881942892172583,NNW,55.946115103084175,-3.188309094246968,1906.6620523948225,2187.873774300378
55.946115103084175,-3.188309094246968,SSE,55.94583793922442,-3.1881942892172583,1906.6620523948225,2186.623774300378
55.94583793922442,-3.1881942892172583,NNW,55.946115103084175,-3.188309094246968,1906.6620523948225,2185.373774300378
55.946115103084175,-3.188309094246968,SSE,55.94583793922442,-3.1881942892172583,1906.6620523948225,2184.123774300378
55.94583793922442,-3.1881942892172583,NNW,55.946115103084175,-3.188309094246968,1906.6620523948225,2182.873774300378
55.946115103084175,-3.188309094246968,SSE,55.94583793922442,-3.1881942892172583,1906.6620523948225,2181.623774300378
55.94583793922442,-3.1881942892172583,NNW,55.946115103084175,-3.188309094246968,1906.6620523948225,2180.373774300378
55.946115103084175,-3.188309094246968,SSE,55.94583793922442,-3.1881942892172583,1906.6620523948225,2179.123774300378
55.94583793922442,-3.1881942892172583,NNW,55.946115103084175,-3.188309094246968,1906.6620523948225,2177.873774300378
55.946115103084175,-3.188309094246968,SSE,55.94583793922442,-3.1881942892172583,1906.6620523948225,2176.623774300378
55.94583793922442,-3.1881942892172583,NNW,55.946115103084175,-3.188309094246968,1906.6620523948225,2175.373774300378
55.946115103084175,-3.188309094246968,SSE,55.94583793922442,-3.1881942892172583,1906.6620523948225,2174.123774300378
55.94583793922442,-3.1881942892172583,NNW,55.946115103084175,-3.188309094246968,1906.6620523948225,2172.873774300378
55.946115103084175,-3.188309094246968,SSE,55.94583793922442,-3.1881942892172583,1906.6620523948225,2171.623774300378
55.94583793922442,-3.1881942892172583,NNW,55.946115103084175,-3.188309094246968,1906.6620523948225,2170.373774300378
55.946115103084175,-3.188309094246968,SSE,55.94583793922442,-3.1881942892172583,1906.6620523948225,2169.123774300378
55.94583793922442,-3.1881942892172583,NNW,55.946115103084175,-3.188309094246968,1906.6620523948225,2167.873774300378
55.946115103084175,-3.188309094246968,SSE,55.94583793922442,-3.1881942892172583,1906.6620523948225,2166.623774300378
55.94583793922442,-3.1881942892172583,NNW,55.946115103084175,-3.188309094246968,1906.6620523948225,2165.373774300378
55.946115103084175,-3.188309094246968,SSE,55.94583793922442,-3.1881942892172583,1906.6620523948225,2164.123774300378
55.94583793922442,-3.1881942892172583,NNW,55.946115103084175,-3.188309094246968,1906.6620523948225,2162.873774300378
55.946115103084175,-3.188309094246968,SSE,55.94583793922442,-3.1881942892172583,1906.6620523948225,2161.623774300378
55.94583793922442,-3.1881942892172583,NNW,55.946115103084175,-3.188309094246968,1906.6620523948225,2160.373774300378
55.946115103084175,-3.188309094246968,SSE,55.94583793922442,-3.1881942892172583,1906.6620523948225,2159.123774300378
55.94583793922442,-3.1881942892172583,NNW,55.946115103084175,-3.188309094246968,1906.6620523948225,2157.873774300378
55.946115103084175,-3.188309094246968,SSE,55.94583793922442,-3.1881942892172583,1906.6620523948225,2156.623774300378
55.94583793922442,-3.1881942892172583,NNW,55.946115103084175,-3.188309094246968,1906.6620523948225,2155.373774300378
55.946115103084175,-3.188309094246968,SSE,55.94583793922442,-3.1881942892172583,1906.6620523948225,2154.123774300378
55.94583793922442,-3.1881942892172583,NNW,55.946115103084175,-3.188309094246968,1906.6620523948225,2152.873774300378
55.946115103084175,-3.188309094246968,SSE,55.94583793922442,-3.1881942892172583,1906.6620523948225,2151.623774300378
55.94583793922442,-3.1881942892172583,NNW,55.946115103084175,-3.188309094246968,1906.6620523948225,2150.373774300378
55.946115103084175,-3.188309094246968,SSE,55.94583793922442,-3.1881942892172583,1906.6620523948225,2149.123774300378
55.94583793922442,-3.1881942892172583,NNW,55.946115103084175,-3.188309094246968,1906.6620523948225,2147.873774300378
55.946115103084175,-3.188309094246968,SSE,55.94583793922442,-3.1881942892172583,1906.6620523948225,2146.623774300378
55.94583793922442,-3.1881942892172583,NNW,55.946115103084175,-3.188309094246968,1906.6620523948225,2145.373774300378
55.946115103084175,-3.188309094246968,SSE,55.94583793922442,-3.1881942892172583,1906.6620523948225,2144.123774300378
55.94583793922442,-3.1881942892172583,NNW,55.946115103084175,-3.188309094246968,1906.6620523948225,2142.873774300378
55.946115103084175,-3.188309094246968,SSE,55.94583793922442,-3.1881942892172583,1906.6620523948225,2141.623774300378
55.94583793922442,-3.1881942892172583,NNW,55.946115103084175,-3.188309094246968,1906.6620523948225,2140.373774300378
55.946115103084175,-3.188309094246968,SSE,55.94583793922442,-3.1881942892172583,1906.6620523948225,2139.123774300378
55.94583793922442,-3.1881942892172583,NNW,55.946115103084175,-3.188309094246968,1906.6620523948225,2137.873774300378
55.946115103084175,-3.188309094246968,SSE,55.94583793922442,-3.1881942892172583,1906.6620523948225,2136.623774300378
55.94583793922442,-3.1881942892172583,NNW,55.946115103084175,-3.188309094246968,1906.6620523948225,2135.373774300378
55.946115103084175,-3.188309094246968,SSE,55.94583793922442,-3.1881942892172583,1906.6620523948225,2134.123774300378
55.94583793922442,-3.1881942892172583,NNW,55.946115103084175,-3.188309094246968,1906.6620523948225,2132.873774300378
55.946115103084175,-3.188309094246968,SSE,55.94583793922442,-3.1881942892172583,1906.6620523948225,2131.623774300378
55.94583793922442,-3.1881942892172583,NNW,55.946115103084175,-3.188309094246968,1906.6620523948225,2130.373774300378
55.946115103084175,-3.188309094246968,SSE,55.94583793922442,-3.1881942892172583,1906.6620523948225,2129.123774300378
55.94583793922442,-3.1881942892172583,NNW,55.946115103084175,-3.188309094246968,1906.6620523948225,2127.873774300378
55.946115103084175,-3.188309094246968,SSE,55.94583793922442,-3.1881942892172583,1906.6620523948225,2126.623774300378
55.94583793922442,-3.1881942892172583,NNW,55.946115103084175,-3.188309094246968,1906.6620523948225,2125.373774300378
55.946115103084175,-3.188309094246968,SSE,55.94583793922442,-3.1881942892172583,1906.6620523948225,2124.123774300378
55.94583793922442,-3.1881942892172583,NNW,55.946115103084175,-3.188309094246968,1906.6620523948225,2122.873774300378
55.946115103084175,-3.188309094246968,SSE,55.94583793922442,-3.1881942892172583,1906.6620523948225,2121.623774300378
55.94583793922442,-3.1881942892172583,NNW,55.946115103084175,-3.188309094246968,1906.6620523948225,2120.373774300378
55.946115103084175,-3.188309094246968,SSE,55.94583793922442,-3.1881942892172583,1906.6620523948225,2119.123774300378
55.94583793922442,-3.1881942892172583,NNW,55.946115103084175,-3.188309094246968,1906.6620523948225,2117.873774300378
55.946115103084175,-3.188309094246968,SSE,55.94583793922442,-3.1881942892172583,1906.6620523948225,2116.623774300378
55.94583793922442,-3.1881942892172583,NNW,55.946115103084175,-3.188309094246968,1906.6620523948225,2115.373774300378
55.946115103084175,-3.188309094246968,SSE,55.94583793922442,-3.1881942892172583,1906.6620523948225,2114.123774300378
55.94583793922442,-3.1881942892172583,NNW,55.946115103084175,-3.188309094246968,1906.6620523948225,2112.873774300378
55.946115103084175,-3.188309094246968,SSE,55.94583793922442,-3.1881942892172583,1906.6620523948225,2111.623774300378
55.94583793922442,-3.1881942892172583,NNW,55.946115103084175,-3.188309094246968,1906.6620523948225,2110.373774300378
55.946115103084175,-3.188309094246968,SSE,55.94583793922442,-3.1881942892172583,1906.6620523948225,2109.123774300378
55.94583793922442,-3.1881942892172583,NNW,55.946115103084175,-3.188309094246968,1906.6620523948225,2107.873774300378
55.946115103084175,-3.188309094246968,SSE,55.94583793922442,-3.1881942892172583,1906.6620523948225,2106.623774300378
55.94583793922442,-3.1881942892172583,NNW,55.946115103084175,-3.188309094246968,1906.6620523948225,2105.373774300378
55.946115103084175,-3.188309094246968,SSE,55.94583793922442,-3.1881942892172583,1906.6620523948225,2104.123774300378
55.94583793922442,-3.1881942892172583,NNW,55.946115103084175,-3.188309094246968,1906.6620523948225,2102.873774300378
55.946115103084175,-3.188309094246968,SSE,55.94583793922442,-3.1881942892172583,1906.6620523948225,2101.623774300378
55.94583793922442,-3.1881942892172583,NNW,55.946115103084175,-3.188309094246968,1906.6620523948225,2100.373774300378
55.946115103084175,-3.188309094246968,SSE,55.94583793922442,-3.1881942892172583,1906.6620523948225,2099.123774300378
55.94583793922442,-3.1881942892172583,NNW,55.946115103084175,-3.188309094246968,1906.6620523948225,2097.873774300378
55.946115103084175,-3.188309094246968,SSE,55.94583793922442,-3.1881942892172583,1906.6620523948225,2096.623774300378
55.94583793922442,-3.1881942892172583,NNW,55.946115103084175,-3.188309094246968,1906.6620523948225,2095.373774300378
55.946115103084175,-3.188309094246968,SSE,55.94583793922442,-3.1881942892172583,1906.6620523948225,2094.123774300378
55.94583793922442,-3.1881942892172583,NNW,55.946115103084175,-3.188309094246968,1906.6620523948225,2092.873774300378
55.946115103084175,-3.188309094246968,SSE,55.94583793922442,-3.1881942892172583,1906.6620523948225,2091.623774300378
55.94583793922442,-3.1881942892172583,NNW,55.946115103084175,-3.188309094246968,1906.6620523948225,2090.373774300378
55.946115103084175,-3.188309094246968,SSE,55.94583793922442,-3.1881942892172583,1906.6620523948225,2089.123774300378
55.94583793922442,-3.1881942892172583,NNW,55.946115103084175,-3.188309094246968,1906.6620523948225,2087.873774300378
55.946115103084175,-3.188309094246968,SSE,55.94583793922442,-3.1881942892172583,1906.6620523948225,2086.623774300378
55.94583793922442,-3.1881942892172583,NNW,55.946115103084175,-3.188309094246968,1906.6620523948225,2085.373774300378
55.946115103084175,-3.188309094246968,SSE,55.94583793922442,-3.1881942892172583,1906.6620523948225,2084.123774300378
55.94583793922442,-3.1881942892172583,NNW,55.946115103084175,-3.188309094246968,1906.6620523948225,2082.873774300378
55.946115103084175,-3.188309094246968,SSE,55.94583793922442,-3.1881942892172583,1906.6620523948225,2081.623774300378
55.94583793922442,-3.1881942892172583,NNW,55.946115103084175,-3.188309094246968,1906.6620523948225,2080.373774300378
55.946115103084175,-3.188309094246968,SSE,55.94583793922442,-3.1881942892172583,1906.6620523948225,2079.123774300378
55.94583793922442,-3.1881942892172583,NNW,55.946115103084175,-3.188309094246968,1906.6620523948225,2077.873774300378
55.946115103084175,-3.188309094246968,SSE,55.94583793922442,-3.1881942892172583,1906.6620523948225,2076.623774300378
55.94583793922442,-3.1881942892172583,NNW,55.946115103084175,-3.188309094246968,1906.6620523948225,2075.373774300378
55.946115103084175,-3.188309094246968,SSE,55.94583793922442,-3.1881942892172583,1906.6620523948225,2074.123774300378
55.94583793922442,-3.1881942892172583,NNW,55.946115103084175,-3.188309094246968,1906.6620523948225,2072.873774300378
55.946115103084175,-3.188309094246968,SSE,55.94583793922442,-3.1881942892172583,1906.6620523948225,2071.623774300378
55.94583793922442,-3.1881942892172583,NNW,55.946115103084175,-3.188309094246968,1906.6620523948225,2070.373774300378
55.946115103084175,-3.188309094246968,SSE,55.94583793922442,-3.1881942892172583,1906.6620523948225,2069.123774300378
55.94583793922442,-3.1881942892172583,NNW,55.946115103084175,-3.188309094246968,1906.6620523948225,2067.873774300378
55.946115103084175,-3.188309094246968,SSE,55.94583793922442,-3.1881942892172583,1906.6620523948225,2066.623774300378
55.94583793922442,-3.1881942892172583,NNW,55.946115103084175,-3.188309094246968,1906.6620523948225,2065.373774300378
55.946115103084175,-3.188309094246968,SSE,55.94583793922442,-3.1881942892172583,1906.6620523948225,2064.123774300378
55.94583793922442,-3.1881942892172583,NNW,55.946115103084175,-3.188309094246968,1906.6620523948225,2062.873774300378
55.946115103084175,-3.188309094246968,SSE,55.94583793922442,-3.1881942892172583,1906.6620523948225,2061.623774300378
55.94583793922442,-3.1881942892172583,NNW,55.946115103084175,-3.188309094246968,1906.6620523948225,2060.373774300378
55.946115103084175,-3.188309094246968,SSE,55.94583793922442,-3.1881942892172583,1906.6620523948225,2059.123774300378
55.94583793922442,-3.1881942892172583,NNW,55.946115103084175,-3.188309094246968,1906.6620523948225,2057.873774300378
55.946115103084175,-3.188309094246968,SSE,55.94583793922442,-3.1881942892172583,1906.6620523948225,2056.623774300378
55.94583793922442,-3.1881942892172583,NNW,55.946115103084175,-3.188309094246968,1906.6620523948225,2055.373774300378
55.946115103084175,-3.188309094246968,SSE,55.94583793922442,-3.1881942892172583,1906.6620523948225,2054.123774300378
55.94583793922442,-3.1881942892172583,NNW,55.946115103084175,-3.188309094246968,1906.6620523948225,2052.873774300378
55.946115103084175,-3.188309094246968,SSE,55.94583793922442,-3.1881942892172583,1906.6620523948225,2051.623774300378
55.94583793922442,-3.1881942892172583,NNW,55.946115103084175,-3.188309094246968,1906.6620523948225,2050.373774300378
55.946115103084175,-3.188309094246968,SSE,55.94583793922442,-3.1881942892172583,1906.6620523948225,2049.123774300378
55.94583793922442,-3.1881942892172583,NNW,55.946115103084175,-3.188309094246968,1906.6620523948225,2047.873774300378
55.946115103084175,-3.188309094246968,SSE,55.94583793922442,-3.1881942892172583,1906.6620523948225,2046.623774300378
55.94583793922442,-3.1881942892172583,NNW,55.946115103084175,-3.188309094246968,1906.6620523948225,2045.373774300378
55.946115103084175,-3.188309094246968,SSE,55.94583793922442,-3.1881942892172583,1906.6620523948225,2044.123774300378
55.94583793922442,-3.1881942892172583,NNW,55.946115103084175,-3.188309094246968,1906.6620523948225,2042.873774300378
55.946115103084175,-3.188309094246968,SSE,55.94583793922442,-3.1881942892172583,1906.6620523948225,2041.623774300378
55.94583793922442,-3.1881942892172583,NNW,55.946115103084175,-3.188309094246968,1906.6620523948225,2040.373774300378
55.946115103084175,-3.188309094246968,SSE,55.94583793922442,-3.1881942892172583,1906.6620523948225,2039.123774300378
55.94583793922442,-3.1881942892172583,NNW,55.946115103084175,-3.188309094246968,1906.6620523948225,2037.873774300378
55.946115103084175,-3.188309094246968,SSE,55.94583793922442,-3.1881942892172583,1906.6620523948225,2036.623774300378
55.94583793922442,-3.1881942892172583,NNW,55.946115103084175,-3.188309094246968,1906.6620523948225,2035.373774300378
55.946115103084175,-3.188309094246968,SSE,55.94583793922442,-3.1881942892172583,1906.6620523948225,2034.123774300378
55.94583793922442,-3.1881942892172583,NNW,55.946115103084175,-3.188309094246968,1906.6620523948225,2032.873774300378
55.946115103084175,-3.188309094246968,SSE,55.94583793922442,-3.1881942892172583,1906.6620523948225,2031.623774300378
55.94583793922442,-3.1881942892172583,NNW,55.946115103084175,-3.188309094246968,1906.6620523948225,2030.373774300378
55.946115103084175,-3.188309094246968,SSE,55.94583793922442,-3.1881942892172583,1906.6620523948225,2029.123774300378
55.94583793922442,-3.1881942892172583,NNW,55.946115103084175,-3.188309094246968,1906.6620523948225,2027.873774300378
55.946115103084175,-3.188309094246968,SSE,55.94583793922442,-3.1881942892172583,1906.6620523948225,2026.623774300378
55.94583793922442,-3.1881942892172583,NNW,55.946115103084175,-3.188309094246968,1906.6620523948225,2025.373774300378
55.946115103084175,-3.188309094246968,SSE,55.94583793922442,-3.1881942892172583,1906.6620523948225,2024.123774300378
55.94583793922442,-3.1881942892172583,NNW,55.946115103084175,-3.188309094246968,1906.6620523948225,2022.873774300378
55.946115103084175,-3.188309094246968,SSE,55.94583793922442,-3.1881942892172583,1906.6620523948225,2021.623774300378
55.94583793922442,-3.1881942892172583,NNW,55.946115103084175,-3.188309094246968,1906.6620523948225,2020.373774300378
55.946115103084175,-3.188309094246968,SSE,55.94583793922442,-3.1881942892172583,1906.6620523948225,2019.123774300378
55.94583793922442,-3.1881942892172583,NNW,55.946115103084175,-3.188309094246968,1906.6620523948225,2017.873774300378
55.946115103084175,-3.188309094246968,SSE,55.94583793922442,-3.1881942892172583,1906.6620523948225,2016.623774300378
55.94583793922442,-3.1881942892172583,NNW,55.946115103084175,-3.188309094246968,1906.6620523948225,2015.373774300378
55.946115103084175,-3.188309094246968,SSE,55.94583793922442,-3.1881942892172583,1906.6620523948225,2014.123774300378
55.94583793922442,-3.1881942892172583,NNW,55.946115103084175,-3.188309094246968,1906.6620523948225,2012.873774300378
55.946115103084175,-3.188309094246968,SSE,55.94583793922442,-3.1881942892172583,1906.6620523948225,2011.623774300378
55.94583793922442,-3.1881942892172583,NNW,55.946115103084175,-3.188309094246968,1906.6620523948225,2010.373774300378
55.946115103084175,-3.188309094246968,SSE,55.94583793922442,-3.1881942892172583,1906.6620523948225,2009.123774300378
55.94583793922442,-3.1881942892172583,NNW,55.946115103084175,-3.188309094246968,1906.6620523948225,2007.873774300378
55.946115103084175,-3.188309094246968,SSE,55.94583793922442,-3.1881942892172583,1906.6620523948225,2006.623774300378
55.94583793922442,-3.1881942892172583,NNW,55.946115103084175,-3.188309094246968,1906.6620523948225,2005.373774300378
55.946115103084175,-3.188309094246968,SSE,55.94583793922442,-3.1881942892172583,1906.6620523948225,2004.123774300378
55.94583793922442,-3.1881942892172583,NNW,55.946115103084175,-3.188309094246968,1906.6620523948225,2002.873774300378
55.946115103084175,-3.188309094246968,SSE,55.94583793922442,-3.1881942892172583,1906.6620523948225,2001.623774300378
55.94583793922442,-3.1881942892172583,NNW,55.946115103084175,-3.188309094246968,1906.6620523948225,2000.373774300378
55.946115103084175,-3.188309094246968,SSE,55.94583793922442,-3.1881942892172583,1906.6620523948225,1999.123774300378
55.94583793922442,-3.1881942892172583,NNW,55.946115103084175,-3.188309094246968,1906.6620523948225,1997.873774300378
55.946115103084175,-3.188309094246968,SSE,55.94583793922442,-3.1881942892172583,1906.6620523948225,1996.623774300378
55.94583793922442,-3.1881942892172583,NNW,55.946115103084175,-3.188309094246968,1906.6620523948225,1995.373774300378
55.946115103084175,-3.188309094246968,SSE,55.94583793922442,-3.1881942892172583,1906.6620523948225,1994.123774300378
55.94583793922442,-3.1881942892172583,NNW,55.946115103084175,-3.188309094246968,1906.6620523948225,1992.873774300378
55.946115103084175,-3.188309094246968,SSE,55.94583793922442,-3.1881942892172583,1906.6620523948225,1991.623774300378
55.94583793922442,-3.1881942892172583,NNW,55.946115103084175,-3.188309094246968,1906.6620523948225,1990.373774300378
