55.944425,-3.188396,NNW,55.94470216385976,-3.1885108050297095,30.002771374311273,287.48608697667845
55.94470216385976,-3.1885108050297095,S,55.944402163859756,-3.1885108050297095,30.002771374311273,286.23608697667845
55.944402163859756,-3.1885108050297095,S,55.94410216385975,-3.1885108050297095,72.83834914708352,383.4502638382414
55.94410216385975,-3.1885108050297095,SSW,55.943825,-3.188625610059419,135.11737086583003,417.99129763842063
55.943825,-3.188625610059419,WSW,55.943710194970286,-3.1889027739191724,178.1457442375194,423.6532624640003
55.943710194970286,-3.1889027739191724,S,55.943410194970284,-3.1889027739191724,178.1457442375194,422.4032624640003
55.943410194970284,-3.1889027739191724,SSW,55.94313303111053,-3.189017578948882,259.7843634795621,481.1977833414227
55.94313303111053,-3.189017578948882,E,55.94313303111053,-3.1887175789488817,259.7843634795621,479.9477833414227
55.94313303111053,-3.1887175789488817,ENE,55.94324783614024,-3.1884404150891283,259.7843634795621,478.6977833414227
55.94324783614024,-3.1884404150891283,E,55.94324783614024,-3.188140415089128,259.7843634795621,477.4477833414227
55.94324783614024,-3.188140415089128,ENE,55.94336264116995,-3.1878632512293748,356.6070020968167,491.72604665887656
55.94336264116995,-3.1878632512293748,SE,55.94315050913559,-3.187651119195019,356.6070020968167,490.47604665887656
55.94315050913559,-3.187651119195019,SE,55.942938377101235,-3.187438987160663,418.03824487808225,591.1647141465829
55.942938377101235,-3.187438987160663,NE,55.94315050913559,-3.1872268551263074,418.03824487808225,589.9147141465829
55.94315050913559,-3.1872268551263074,NE,55.94336264116995,-3.1870147230919517,459.080978848005,695.1943332002975
55.94336264116995,-3.1870147230919517,NNW,55.943639805029704,-3.187129528121661,459.080978848005,693.9443332002975
55.943639805029704,-3.187129528121661,NNW,55.94391696888946,-3.1872443331513707,544.1987320876977,753.8896055001242
55.94391696888946,-3.1872443331513707,NE,55.94412910092382,-3.187032201117015,621.6704875504165,860.4024972103437
55.94412910092382,-3.187032201117015,NNE,55.944406264783574,-3.1869173960873054,621.6704875504165,859.1524972103437
55.944406264783574,-3.1869173960873054,NNE,55.94468342864333,-3.186802591057596,725.0214301736464,891.9777673160957
55.94468342864333,-3.186802591057596,NNE,55.94496059250309,-3.1866877860278864,760.9501405818554,892.8455806772548
55.94496059250309,-3.1866877860278864,NE,55.94517272453744,-3.1864756539935306,760.9501405818554,891.5955806772548
55.94517272453744,-3.1864756539935306,NE,55.9453848565718,-3.186263521959175,829.5930598312984,1001.9986122112645
55.9453848565718,-3.186263521959175,SSE,55.94510769271204,-3.1861487169294653,829.5930598312984,1000.7486122112645
55.94510769271204,-3.1861487169294653,SSE,55.944830528852286,-3.186033911899756,941.8404978461288,1039.654925909878
55.944830528852286,-3.186033911899756,SE,55.94461839681793,-3.1858217798654,972.9754656080291,1121.4196754287755
55.94461839681793,-3.1858217798654,SSE,55.94434123295817,-3.1857069748356905,972.9754656080291,1120.1696754287755
55.94434123295817,-3.1857069748356905,NW,55.94455336499253,-3.1859191068700463,972.9754656080291,1118.9196754287755
55.94455336499253,-3.1859191068700463,ESE,55.94443855996282,-3.185641943010293,972.9754656080291,1117.6696754287755
55.94443855996282,-3.185641943010293,NW,55.944650691997175,-3.1858540750446487,972.9754656080291,1116.4196754287755
55.944650691997175,-3.1858540750446487,WNW,55.944765497026886,-3.186131238904402,972.9754656080291,1115.1696754287755
55.944765497026886,-3.186131238904402,SW,55.94455336499253,-3.186343370938758,972.9754656080291,1113.9196754287755
55.94455336499253,-3.186343370938758,SSE,55.94427620113277,-3.1862285659090483,972.9754656080291,1112.6696754287755
55.94427620113277,-3.1862285659090483,SSE,55.94399903727302,-3.186113760879339,1006.8705781215388,1142.1824226601661
55.94399903727302,-3.186113760879339,E,55.94399903727302,-3.1858137608793387,1006.8705781215388,1140.9324226601661
55.94399903727302,-3.1858137608793387,E,55.94399903727302,-3.1855137608793385,1006.8705781215388,1139.6824226601661
55.94399903727302,-3.1855137608793385,E,55.94399903727302,-3.1852137608793383,1006.8705781215388,1138.4324226601661
55.94399903727302,-3.1852137608793383,ENE,55.94411384230273,-3.184936597019585,1115.153748864916,1253.734522297278
55.94411384230273,-3.184936597019585,N,55.94441384230273,-3.184936597019585,1115.153748864916,1252.484522297278
55.94441384230273,-3.184936597019585,N,55.94471384230273,-3.184936597019585,1115.153748864916,1251.234522297278
55.94471384230273,-3.184936597019585,WNW,55.94482864733244,-3.1852137608793383,1115.153748864916,1249.984522297278
55.94482864733244,-3.1852137608793383,NNW,55.9451058111922,-3.185328565909048,1115.153748864916,1248.734522297278
55.9451058111922,-3.185328565909048,NNE,55.945382975051956,-3.1852137608793383,1115.153748864916,1247.484522297278
55.945382975051956,-3.1852137608793383,NNE,55.94566013891171,-3.1850989558496288,1115.153748864916,1246.234522297278
55.94566013891171,-3.1850989558496288,NNE,55.94593730277147,-3.1849841508199193,1229.6959675712699,1254.206299965633
55.94593730277147,-3.1849841508199193,WSW,55.94582249774176,-3.1852613146796727,1229.6959675712699,1252.956299965633
55.94582249774176,-3.1852613146796727,WSW,55.94570769271205,-3.185538478539426,1229.6959675712699,1251.706299965633
55.94570769271205,-3.185538478539426,WSW,55.94559288768234,-3.1858156423991795,1229.6959675712699,1250.456299965633
55.94559288768234,-3.1858156423991795,WSW,55.94547808265263,-3.186092806258933,1229.6959675712699,1249.206299965633
55.94547808265263,-3.186092806258933,WSW,55.94536327762292,-3.1863699701186863,1229.6959675712699,1247.956299965633
55.94536327762292,-3.1863699701186863,WSW,55.94524847259321,-3.1866471339784397,1229.6959675712699,1246.706299965633
55.94524847259321,-3.1866471339784397,WSW,55.945133667563496,-3.186924297838193,1229.6959675712699,1245.456299965633
55.945133667563496,-3.186924297838193,W,55.945133667563496,-3.1872242978381933,1229.6959675712699,1244.206299965633
55.945133667563496,-3.1872242978381933,SW,55.94492153552914,-3.187436429872549,1298.2183470327032,1269.2984306298488
55.94492153552914,-3.187436429872549,NNW,55.9451986993889,-3.1875512349022586,1298.2183470327032,1268.0484306298488
55.9451986993889,-3.1875512349022586,NNW,55.94547586324865,-3.187666039931968,1381.3043423329984,1377.1276333270828
55.94547586324865,-3.187666039931968,WSW,55.94536105821894,-3.1879432037917215,1381.3043423329984,1375.8776333270828
55.94536105821894,-3.1879432037917215,WSW,55.94524625318923,-3.188220367651475,1381.3043423329984,1374.6276333270828
55.94524625318923,-3.188220367651475,WSW,55.94513144815952,-3.1884975315112283,1381.3043423329984,1373.3776333270828
55.94513144815952,-3.1884975315112283,WSW,55.94501664312981,-3.1887746953709817,1381.3043423329984,1372.1276333270828
55.94501664312981,-3.1887746953709817,WSW,55.9449018381001,-3.189051859230735,1381.3043423329984,1370.8776333270828
55.9449018381001,-3.189051859230735,WSW,55.94478703307039,-3.1893290230904885,1416.5798256101332,1468.2895615174343
55.94478703307039,-3.1893290230904885,W,55.94478703307039,-3.1896290230904887,1431.6739102373851,1545.2641555798766
55.94478703307039,-3.1896290230904887,WNW,55.9449018381001,-3.189906186950242,1451.1848702469335,1595.9422018053008
55.9449018381001,-3.189906186950242,SE,55.944689706065745,-3.1896940549158863,1451.1848702469335,1594.6922018053008
55.944689706065745,-3.1896940549158863,ENE,55.944804511095455,-3.189416891056133,1451.1848702469335,1593.4422018053008
55.944804511095455,-3.189416891056133,NNE,55.94508167495521,-3.1893020860264234,1451.1848702469335,1592.1922018053008
55.94508167495521,-3.1893020860264234,NW,55.94529380698957,-3.189514218060779,1521.0879095220464,1712.7232026525844
55.94529380698957,-3.189514218060779,N,55.94559380698957,-3.189514218060779,1521.0879095220464,1711.4732026525844
55.94559380698957,-3.189514218060779,N,55.945893806989574,-3.189514218060779,1524.3052411824146,1819.264907862926
55.945893806989574,-3.189514218060779,W,55.945893806989574,-3.1898142180607794,1524.3052411824146,1818.014907862926
55.945893806989574,-3.1898142180607794,W,55.945893806989574,-3.1901142180607795,1524.3052411824146,1816.764907862926
55.945893806989574,-3.1901142180607795,W,55.945893806989574,-3.1904142180607797,1623.096177212002,1853.0794990795569
55.945893806989574,-3.1904142180607797,SW,55.94568167495522,-3.1906263500951355,1735.692230860497,1870.8120185240673
55.94568167495522,-3.1906263500951355,NW,55.945893806989574,-3.1908384821294913,1809.5387293375536,1895.340471128246
55.945893806989574,-3.1908384821294913,S,55.94559380698957,-3.1908384821294913,1809.5387293375536,1894.090471128246
55.94559380698957,-3.1908384821294913,S,55.94529380698957,-3.1908384821294913,1909.180957382169,1950.6812996032825
55.94529380698957,-3.1908384821294913,W,55.94529380698957,-3.1911384821294915,1909.180957382169,1949.4312996032825
55.94529380698957,-3.1911384821294915,WSW,55.94517900195986,-3.191415645989245,1942.305603282794,2052.8144930589683
55.94517900195986,-3.191415645989245,WNW,55.94529380698957,-3.1916928098489983,1942.305603282794,2051.5644930589683
55.94529380698957,-3.1916928098489983,WNW,55.94540861201928,-3.1919699737087517,1971.559915831845,2062.374090652456
55.94540861201928,-3.1919699737087517,SE,55.94519647998492,-3.191757841674396,1971.559915831845,2061.124090652456
55.94519647998492,-3.191757841674396,SSE,55.944919316125166,-3.1916430366446864,1971.559915831845,2059.874090652456
55.944919316125166,-3.1916430366446864,SE,55.94470718409081,-3.1914309046103306,1971.559915831845,2058.624090652456
55.94470718409081,-3.1914309046103306,SSE,55.94443002023105,-3.191316099580621,2001.0276027798525,2129.128330008043
55.94443002023105,-3.191316099580621,SW,55.9442178881967,-3.191528231614977,2118.7615140646676,2224.165555594467
55.9442178881967,-3.191528231614977,WSW,55.944103083166986,-3.1918053954747303,2147.1019374840116,2329.8469969714342
55.944103083166986,-3.1918053954747303,SE,55.94389095113263,-3.1915932634403745,2147.1019374840116,2328.5969969714342
55.94389095113263,-3.1915932634403745,SE,55.943678819098274,-3.1913811314060188,2147.1019374840116,2327.3469969714342
55.943678819098274,-3.1913811314060188,SE,55.94346668706392,-3.191168999371663,2147.1019374840116,2326.0969969714342
55.94346668706392,-3.191168999371663,SE,55.94325455502956,-3.190956867337307,2147.1019374840116,2324.8469969714342
55.94325455502956,-3.190956867337307,SE,55.943042422995205,-3.1907447353029514,2147.1019374840116,2323.5969969714342
55.943042422995205,-3.1907447353029514,SSE,55.94276525913545,-3.190629930273242,2154.1303360815277,2378.833879868573
55.94276525913545,-3.190629930273242,NNW,55.943042422995205,-3.1907447353029514,2154.1303360815277,2377.583879868573
55.943042422995205,-3.1907447353029514,SSE,55.94276525913545,-3.190629930273242,2154.1303360815277,2376.333879868573
55.94276525913545,-3.190629930273242,NNW,55.943042422995205,-3.1907447353029514,2154.1303360815277,2375.083879868573
55.943042422995205,-3.1907447353029514,SSE,55.94276525913545,-3.190629930273242,2154.1303360815277,2373.833879868573
55.94276525913545,-3.190629930273242,NNW,55.943042422995205,-3.1907447353029514,2154.1303360815277,2372.583879868573
55.943042422995205,-3.1907447353029514,SSE,55.94276525913545,-3.190629930273242,2154.1303360815277,2371.333879868573
55.94276525913545,-3.190629930273242,NNW,55.943042422995205,-3.1907447353029514,2154.1303360815277,2370.083879868573
55.943042422995205,-3.1907447353029514,SSE,55.94276525913545,-3.190629930273242,2154.1303360815277,2368.833879868573
55.94276525913545,-3.190629930273242,NNW,55.943042422995205,-3.1907447353029514,2154.1303360815277,2367.583879868573
55.943042422995205,-3.1907447353029514,SSE,55.94276525913545,-3.190629930273242,2154.1303360815277,2366.333879868573
55.94276525913545,-3.190629930273242,NNW,55.943042422995205,-3.1907447353029514,2154.1303360815277,2365.083879868573
55.943042422995205,-3.1907447353029514,SSE,55.94276525913545,-3.190629930273242,2154.1303360815277,2363.833879868573
55.94276525913545,-3.190629930273242,NNW,55.943042422995205,-3.1907447353029514,2154.1303360815277,2362.583879868573
55.943042422995205,-3.1907447353029514,SSE,55.94276525913545,-3.190629930273242,2154.1303360815277,2361.333879868573
55.94276525913545,-3.190629930273242,NNW,55.943042422995205,-3.1907447353029514,2154.1303360815277,2360.083879868573
55.943042422995205,-3.1907447353029514,SSE,55.94276525913545,-3.190629930273242,2154.1303360815277,2358.833879868573
55.94276525913545,-3.190629930273242,NNW,55.943042422995205,-3.1907447353029514,2154.1303360815277,2357.583879868573
55.943042422995205,-3.1907447353029514,SSE,55.94276525913545,-3.190629930273242,2154.1303360815277,2356.333879868573
55.94276525913545,-3.190629930273242,NNW,55.943042422995205,-3.1907447353029514,2154.1303360815277,2355.083879868573
55.943042422995205,-3.1907447353029514,SSE,55.94276525913545,-3.190629930273242,2154.1303360815277,2353.833879868573
55.94276525913545,-3.190629930273242,NNW,55.943042422995205,-3.1907447353029514,2154.1303360815277,2352.583879868573
55.943042422995205,-3.1907447353029514,SSE,55.94276525913545,-3.190629930273242,2154.1303360815277,2351.333879868573
55.94276525913545,-3.190629930273242,NNW,55.943042422995205,-3.1907447353029514,2154.1303360815277,2350.083879868573
55.943042422995205,-3.1907447353029514,SSE,55.94276525913545,-3.190629930273242,2154.1303360815277,2348.833879868573
55.94276525913545,-3.190629930273242,NNW,55.943042422995205,-3.1907447353029514,2154.1303360815277,2347.583879868573
55.943042422995205,-3.1907447353029514,SSE,55.94276525913545,-3.190629930273242,2154.1303360815277,2346.333879868573
55.94276525913545,-3.190629930273242,NNW,55.943042422995205,-3.1907447353029514,2154.1303360815277,2345.083879868573
55.943042422995205,-3.1907447353029514,SSE,55.94276525913545,-3.190629930273242,2154.1303360815277,2343.833879868573
55.94276525913545,-3.190629930273242,NNW,55.943042422995205,-3.1907447353029514,2154.1303360815277,2342.583879868573
55.943042422995205,-3.1907447353029514,SSE,55.94276525913545,-3.190629930273242,2154.1303360815277,2341.333879868573
55.94276525913545,-3.190629930273242,NNW,55.943042422995205,-3.1907447353029514,2154.1303360815277,2340.083879868573
55.943042422995205,-3.1907447353029514,SSE,55.94276525913545,-3.190629930273242,2154.1303360815277,2338.833879868573
55.94276525913545,-3.190629930273242,NNW,55.943042422995205,-3.1907447353029514,2154.1303360815277,2337.583879868573
55.943042422995205,-3.1907447353029514,SSE,55.94276525913545,-3.190629930273242,2154.1303360815277,2336.333879868573
55.94276525913545,-3.190629930273242,NNW,55.943042422995205,-3.1907447353029514,2154.1303360815277,2335.083879868573
55.943042422995205,-3.1907447353029514,SSE,55.94276525913545,-3.190629930273242,2154.1303360815277,2333.833879868573
55.94276525913545,-3.190629930273242,NNW,55.943042422995205,-3.1907447353029514,2154.1303360815277,2332.583879868573
55.943042422995205,-3.1907447353029514,SSE,55.94276525913545,-3.190629930273242,2154.1303360815277,2331.333879868573
55.94276525913545,-3.190629930273242,NNW,55.943042422995205,-3.1907447353029514,2154.1303360815277,2330.083879868573
55.943042422995205,-3.1907447353029514,SSE,55.94276525913545,-3.190629930273242,2154.1303360815277,2328.833879868573
55.94276525913545,-3.190629930273242,NNW,55.943042422995205,-3.1907447353029514,2154.1303360815277,2327.583879868573
55.943042422995205,-3.1907447353029514,SSE,55.94276525913545,-3.190629930273242,2154.1303360815277,2326.333879868573
55.94276525913545,-3.190629930273242,NNW,55.943042422995205,-3.1907447353029514,2154.1303360815277,2325.083879868573
55.943042422995205,-3.1907447353029514,SSE,55.94276525913545,-3.190629930273242,2154.1303360815277,2323.833879868573
55.94276525913545,-3.190629930273242,NNW,55.943042422995205,-3.1907447353029514,2154.1303360815277,2322.583879868573
55.943042422995205,-3.1907447353029514,SSE,55.94276525913545,-3.190629930273242,2154.1303360815277,2321.333879868573
55.94276525913545,-3.190629930273242,NNW,55.943042422995205,-3.1907447353029514,2154.1303360815277,2320.083879868573
55.943042422995205,-3.1907447353029514,SSE,55.94276525913545,-3.190629930273242,2154.1303360815277,2318.833879868573
55.94276525913545,-3.190629930273242,NNW,55.943042422995205,-3.1907447353029514,2154.1303360815277,2317.583879868573
55.943042422995205,-3.1907447353029514,SSE,55.94276525913545,-3.190629930273242,2154.1303360815277,2316.333879868573
55.94276525913545,-3.190629930273242,NNW,55.943042422995205,-3.1907447353029514,2154.1303360815277,2315.083879868573
55.943042422995205,-3.1907447353029514,SSE,55.94276525913545,-3.190629930273242,2154.1303360815277,2313.833879868573
55.94276525913545,-3.190629930273242,NNW,55.943042422995205,-3.1907447353029514,2154.1303360815277,2312.583879868573
55.943042422995205,-3.1907447353029514,SSE,55.94276525913545,-3.190629930273242,2154.1303360815277,2311.333879868573
55.94276525913545,-3.190629930273242,NNW,55.943042422995205,-3.1907447353029514,2154.1303360815277,2310.083879868573
55.943042422995205,-3.1907447353029514,SSE,55.94276525913545,-3.190629930273242,2154.1303360815277,2308.833879868573
55.94276525913545,-3.190629930273242,NNW,55.943042422995205,-3.1907447353029514,2154.1303360815277,2307.583879868573
55.943042422995205,-3.1907447353029514,SSE,55.94276525913545,-3.190629930273242,2154.1303360815277,2306.333879868573
55.94276525913545,-3.190629930273242,NNW,55.943042422995205,-3.1907447353029514,2154.1303360815277,2305.083879868573
55.943042422995205,-3.1907447353029514,SSE,55.94276525913545,-3.190629930273242,2154.1303360815277,2303.833879868573
55.94276525913545,-3.190629930273242,NNW,55.943042422995205,-3.1907447353029514,2154.1303360815277,2302.583879868573
55.943042422995205,-3.1907447353029514,SSE,55.94276525913545,-3.190629930273242,2154.1303360815277,2301.333879868573
55.94276525913545,-3.190629930273242,NNW,55.943042422995205,-3.1907447353029514,2154.1303360815277,2300.083879868573
55.943042422995205,-3.1907447353029514,SSE,55.94276525913545,-3.190629930273242,2154.1303360815277,2298.833879868573
55.94276525913545,-3.190629930273242,NNW,55.943042422995205,-3.1907447353029514,2154.1303360815277,2297.583879868573
55.943042422995205,-3.1907447353029514,SSE,55.94276525913545,-3.190629930273242,2154.1303360815277,2296.333879868573
55.94276525913545,-3.190629930273242,NNW,55.943042422995205,-3.1907447353029514,2154.1303360815277,2295.083879868573
55.943042422995205,-3.1907447353029514,SSE,55.94276525913545,-3.190629930273242,2154.1303360815277,2293.833879868573
55.94276525913545,-3.190629930273242,NNW,55.943042422995205,-3.1907447353029514,2154.1303360815277,2292.583879868573
55.943042422995205,-3.1907447353029514,SSE,55.94276525913545,-3.190629930273242,2154.1303360815277,2291.333879868573
55.94276525913545,-3.190629930273242,NNW,55.943042422995205,-3.1907447353029514,2154.1303360815277,2290.083879868573
55.943042422995205,-3.1907447353029514,SSE,55.94276525913545,-3.190629930273242,2154.1303360815277,2288.833879868573
55.94276525913545,-3.190629930273242,NNW,55.943042422995205,-3.1907447353029514,2154.1303360815277,2287.583879868573
55.943042422995205,-3.1907447353029514,SSE,55.94276525913545,-3.190629930273242,2154.1303360815277,2286.333879868573
55.94276525913545,-3.190629930273242,NNW,55.943042422995205,-3.1907447353029514,2154.1303360815277,2285.083879868573
55.943042422995205,-3.1907447353029514,SSE,55.94276525913545,-3.190629930273242,2154.1303360815277,2283.833879868573
55.94276525913545,-3.190629930273242,NNW,55.943042422995205,-3.1907447353029514,2154.1303360815277,2282.583879868573
55.943042422995205,-3.1907447353029514,SSE,55.94276525913545,-3.190629930273242,2154.1303360815277,2281.333879868573
55.94276525913545,-3.190629930273242,NNW,55.943042422995205,-3.1907447353029514,2154.1303360815277,2280.083879868573
55.943042422995205,-3.1907447353029514,SSE,55.94276525913545,-3.190629930273242,2154.1303360815277,2278.833879868573
55.94276525913545,-3.190629930273242,NNW,55.943042422995205,-3.1907447353029514,2154.1303360815277,2277.583879868573
55.943042422995205,-3.1907447353029514,SSE,55.94276525913545,-3.190629930273242,2154.1303360815277,2276.333879868573
55.94276525913545,-3.190629930273242,NNW,55.943042422995205,-3.1907447353029514,2154.1303360815277,2275.083879868573
55.943042422995205,-3.1907447353029514,SSE,55.94276525913545,-3.190629930273242,2154.1303360815277,2273.833879868573
55.94276525913545,-3.190629930273242,NNW,55.943042422995205,-3.1907447353029514,2154.1303360815277,2272.583879868573
55.943042422995205,-3.1907447353029514,SSE,55.94276525913545,-3.190629930273242,2154.1303360815277,2271.333879868573
55.94276525913545,-3.190629930273242,NNW,55.943042422995205,-3.1907447353029514,2154.1303360815277,2270.083879868573
55.943042422995205,-3.1907447353029514,SSE,55.94276525913545,-3.190629930273242,2154.1303360815277,2268.833879868573
55.94276525913545,-3.190629930273242,NNW,55.943042422995205,-3.1907447353029514,2154.1303360815277,2267.583879868573
55.943042422995205,-3.1907447353029514,SSE,55.94276525913545,-3.190629930273242,2154.1303360815277,2266.333879868573
55.94276525913545,-3.190629930273242,NNW,55.943042422995205,-3.1907447353029514,2154.1303360815277,2265.083879868573
55.943042422995205,-3.1907447353029514,SSE,55.94276525913545,-3.190629930273242,2154.1303360815277,2263.833879868573
55.94276525913545,-3.190629930273242,NNW,55.943042422995205,-3.1907447353029514,2154.1303360815277,2262.583879868573
55.943042422995205,-3.1907447353029514,SSE,55.94276525913545,-3.190629930273242,2154.1303360815277,2261.333879868573
55.94276525913545,-3.190629930273242,NNW,55.943042422995205,-3.1907447353029514,2154.1303360815277,2260.083879868573
55.943042422995205,-3.1907447353029514,SSE,55.94276525913545,-3.190629930273242,2154.1303360815277,2258.833879868573
55.94276525913545,-3.190629930273242,NNW,55.943042422995205,-3.1907447353029514,2154.1303360815277,2257.583879868573
55.943042422995205,-3.1907447353029514,SSE,55.94276525913545,-3.190629930273242,2154.1303360815277,2256.333879868573
55.94276525913545,-3.190629930273242,NNW,55.943042422995205,-3.1907447353029514,2154.1303360815277,2255.083879868573
55.943042422995205,-3.1907447353029514,SSE,55.94276525913545,-3.190629930273242,2154.1303360815277,2253.833879868573
55.94276525913545,-3.190629930273242,NNW,55.943042422995205,-3.1907447353029514,2154.1303360815277,2252.583879868573
55.943042422995205,-3.1907447353029514,SSE,55.94276525913545,-3.190629930273242,2154.1303360815277,2251.333879868573
55.94276525913545,-3.190629930273242,NNW,55.943042422995205,-3.1907447353029514,2154.1303360815277,2250.083879868573
55.943042422995205,-3.1907447353029514,SSE,55.94276525913545,-3.190629930273242,2154.1303360815277,2248.833879868573
55.94276525913545,-3.190629930273242,NNW,55.943042422995205,-3.1907447353029514,2154.1303360815277,2247.583879868573
55.943042422995205,-3.1907447353029514,SSE,55.94276525913545,-3.190629930273242,2154.1303360815277,2246.333879868573
55.94276525913545,-3.190629930273242,NNW,55.943042422995205,-3.1907447353029514,2154.1303360815277,2245.083879868573
55.943042422995205,-3.1907447353029514,SSE,55.94276525913545,-3.190629930273242,2154.1303360815277,2243.833879868573
55.94276525913545,-3.190629930273242,NNW,55.943042422995205,-3.1907447353029514,2154.1303360815277,2242.583879868573
55.943042422995205,-3.1907447353029514,SSE,55.94276525913545,-3.190629930273242,2154.1303360815277,2241.333879868573
55.94276525913545,-3.190629930273242,NNW,55.943042422995205,-3.1907447353029514,2154.1303360815277,2240.083879868573
55.943042422995205,-3.1907447353029514,SSE,55.94276525913545,-3.190629930273242,2154.1303360815277,2238.833879868573
55.94276525913545,-3.190629930273242,NNW,55.943042422995205,-3.1907447353029514,2154.1303360815277,2237.583879868573
55.943042422995205,-3.1907447353029514,SSE,55.94276525913545,-3.190629930273242,2154.1303360815277,2236.333879868573
55.94276525913545,-3.190629930273242,NNW,55.943042422995205,-3.1907447353029514,2154.1303360815277,2235.083879868573
55.943042422995205,-3.1907447353029514,SSE,55.94276525913545,-3.190629930273242,2154.1303360815277,2233.833879868573
55.94276525913545,-3.190629930273242,NNW,55.943042422995205,-3.1907447353029514,2154.1303360815277,2232.583879868573
55.943042422995205,-3.1907447353029514,SSE,55.94276525913545,-3.190629930273242,2154.1303360815277,2231.333879868573
55.94276525913545,-3.190629930273242,NNW,55.943042422995205,-3.1907447353029514,2154.1303360815277,2230.083879868573
55.943042422995205,-3.1907447353029514,SSE,55.94276525913545,-3.190629930273242,2154.1303360815277,2228.833879868573
55.94276525913545,-3.190629930273242,NNW,55.943042422995205,-3.1907447353029514,2154.1303360815277,2227.583879868573
55.943042422995205,-3.1907447353029514,SSE,55.94276525913545,-3.190629930273242,2154.1303360815277,2226.333879868573
55.94276525913545,-3.190629930273242,NNW,55.943042422995205,-3.1907447353029514,2154.1303360815277,2225.083879868573
55.943042422995205,-3.1907447353029514,SSE,55.94276525913545,-3.190629930273242,2154.1303360815277,2223.833879868573
55.94276525913545,-3.190629930273242,NNW,55.943042422995205,-3.1907447353029514,2154.1303360815277,2222.583879868573
55.943042422995205,-3.1907447353029514,SSE,55.94276525913545,-3.190629930273242,2154.1303360815277,2221.333879868573
55.94276525913545,-3.190629930273242,NNW,55.943042422995205,-3.1907447353029514,2154.1303360815277,2220.083879868573
55.943042422995205,-3.1907447353029514,SSE,55.94276525913545,-3.190629930273242,2154.1303360815277,2218.833879868573
55.94276525913545,-3.190629930273242,NNW,55.943042422995205,-3.1907447353029514,2154.1303360815277,2217.583879868573
55.943042422995205,-3.1907447353029514,SSE,55.94276525913545,-3.190629930273242,2154.1303360815277,2216.333879868573
55.94276525913545,-3.190629930273242,NNW,55.943042422995205,-3.1907447353029514,2154.1303360815277,2215.083879868573
55.943042422995205,-3.1907447353029514,SSE,55.94276525913545,-3.190629930273242,2154.1303360815277,2213.833879868573
55.94276525913545,-3.190629930273242,NNW,55.943042422995205,-3.1907447353029514,2154.1303360815277,2212.583879868573
55.943042422995205,-3.1907447353029514,SSE,55.94276525913545,-3.190629930273242,2154.1303360815277,2211.333879868573
55.94276525913545,-3.190629930273242,NNW,55.943042422995205,-3.1907447353029514,2154.1303360815277,2210.083879868573
55.943042422995205,-3.1907447353029514,SSE,55.94276525913545,-3.190629930273242,2154.1303360815277,2208.833879868573
55.94276525913545,-3.190629930273242,NNW,55.943042422995205,-3.1907447353029514,2154.1303360815277,2207.583879868573
55.943042422995205,-3.1907447353029514,SSE,55.94276525913545,-3.190629930273242,2154.1303360815277,2206.333879868573
55.94276525913545,-3.190629930273242,NNW,55.943042422995205,-3.1907447353029514,2154.1303360815277,2205.083879868573
55.943042422995205,-3.1907447353029514,SSE,55.94276525913545,-3.190629930273242,2154.1303360815277,2203.833879868573
55.94276525913545,-3.190629930273242,NNW,55.943042422995205,-3.1907447353029514,2154.1303360815277,2202.583879868573
55.943042422995205,-3.1907447353029514,SSE,55.94276525913545,-3.190629930273242,2154.1303360815277,2201.333879868573
55.94276525913545,-3.190629930273242,NNW,55.943042422995205,-3.1907447353029514,2154.1303360815277,2200.083879868573
55.943042422995205,-3.1907447353029514,SSE,55.94276525913545,-3.190629930273242,2154.1303360815277,2198.833879868573
55.94276525913545,-3.190629930273242,NNW,55.943042422995205,-3.1907447353029514,2154.1303360815277,2197.583879868573
55.943042422995205,-3.1907447353029514,SSE,55.94276525913545,-3.190629930273242,2154.1303360815277,2196.333879868573
55.94276525913545,-3.190629930273242,NNW,55.943042422995205,-3.1907447353029514,2154.1303360815277,2195.083879868573
55.943042422995205,-3.1907447353029514,SSE,55.94276525913545,-3.190629930273242,2154.1303360815277,2193.833879868573
55.94276525913545,-3.190629930273242,NNW,55.943042422995205,-3.1907447353029514,2154.1303360815277,2192.583879868573
55.943042422995205,-3.1907447353029514,SSE,55.94276525913545,-3.190629930273242,2154.1303360815277,2191.333879868573
55.94276525913545,-3.190629930273242,NNW,55.943042422995205,-3.1907447353029514,2154.1303360815277,2190.083879868573
55.943042422995205,-3.1907447353029514,SSE,55.94276525913545,-3.190629930273242,2154.1303360815277,2188.833879868573
55.94276525913545,-3.190629930273242,NNW,55.943042422995205,-3.1907447353029514,2154.1303360815277,2187.583879868573
55.943042422995205,-3.1907447353029514,SSE,55.94276525913545,-3.190629930273242,2154.1303360815277,2186.333879868573
55.94276525913545,-3.190629930273242,NNW,55.943042422995205,-3.1907447353029514,2154.1303360815277,2185.083879868573
55.943042422995205,-3.1907447353029514,SSE,55.94276525913545,-3.190629930273242,2154.1303360815277,2183.833879868573
55.94276525913545,-3.190629930273242,NNW,55.943042422995205,-3.1907447353029514,2154.1303360815277,2182.583879868573
