55.944425,-3.188396,SW,55.944212867965646,-3.188608132034356,35.27856126198323,338.8402050307845
55.944212867965646,-3.188608132034356,NW,55.944425,-3.1888202640687116,90.27512012637874,446.9609720549101
55.944425,-3.1888202640687116,E,55.944425,-3.1885202640687114,90.27512012637874,445.7109720549101
55.944425,-3.1885202640687114,E,55.944425,-3.188220264068711,180.20913906451915,531.4958296716385
55.944425,-3.188220264068711,SSW,55.944147836140246,-3.1883350690984207,180.20913906451915,530.2458296716385
55.944147836140246,-3.1883350690984207,SSW,55.94387067228049,-3.18844987412813,180.20913906451915,528.9958296716385
55.94387067228049,-3.18844987412813,SSW,55.94359350842073,-3.1885646791578397,277.1131648143637,643.5534961942571
55.94359350842073,-3.1885646791578397,NW,55.94380564045509,-3.1887768111921955,277.1131648143637,642.3034961942571
55.94380564045509,-3.1887768111921955,SW,55.94359350842073,-3.1889889432265512,321.70541129261625,748.6642563695327
55.94359350842073,-3.1889889432265512,SW,55.94338137638638,-3.189201075260907,321.70541129261625,747.4142563695327
55.94338137638638,-3.189201075260907,SSW,55.94310421252662,-3.1893158802906165,321.70541129261625,746.1642563695327
55.94310421252662,-3.1893158802906165,SW,55.942892080492264,-3.1895280123249723,429.2908959127089,828.1490977240321
55.942892080492264,-3.1895280123249723,NNW,55.94316924435202,-3.189642817354682,429.2908959127089,826.8990977240321
55.94316924435202,-3.189642817354682,WNW,55.94328404938173,-3.189919981214435,429.2908959127089,825.6490977240321
55.94328404938173,-3.189919981214435,W,55.94328404938173,-3.1902199812144354,540.5076676665035,861.8466994740087
55.94328404938173,-3.1902199812144354,WSW,55.94316924435202,-3.190497145074189,540.5076676665035,860.5966994740087
55.94316924435202,-3.190497145074189,WSW,55.94305443932231,-3.190774308933942,540.5076676665035,859.3466994740087
55.94305443932231,-3.190774308933942,W,55.94305443932231,-3.1910743089339424,540.5076676665035,858.0966994740087
55.94305443932231,-3.1910743089339424,WSW,55.9429396342926,-3.191351472793696,576.1289787352435,949.4059848371469
55.9429396342926,-3.191351472793696,NNW,55.943216798152356,-3.1914662778234053,576.1289787352435,948.1559848371469
55.943216798152356,-3.1914662778234053,NNW,55.94349396201211,-3.191581082853115,576.1289787352435,946.9059848371469
55.94349396201211,-3.191581082853115,NW,55.94370609404647,-3.1917932148874706,693.0091661015708,1048.615526896259
55.94370609404647,-3.1917932148874706,NNE,55.943983257906226,-3.191678409857761,708.9348783283455,1097.2120243893114
55.943983257906226,-3.191678409857761,NE,55.94419538994058,-3.1914662778234053,708.9348783283455,1095.9620243893114
55.94419538994058,-3.1914662778234053,NE,55.94440752197494,-3.1912541457890495,804.8409728391874,1207.9761309117864
55.94440752197494,-3.1912541457890495,ENE,55.94452232700465,-3.190976981929296,804.8409728391874,1206.7261309117864
55.94452232700465,-3.190976981929296,ENE,55.94463713203436,-3.1906998180695427,825.7877669573079,1250.9742939261107
55.94463713203436,-3.1906998180695427,ESE,55.94452232700465,-3.1904226542097893,825.7877669573079,1249.7242939261107
55.94452232700465,-3.1904226542097893,ENE,55.94463713203436,-3.190145490350036,825.7877669573079,1248.4742939261107
55.94463713203436,-3.190145490350036,NNE,55.944914295894115,-3.1900306853203264,825.7877669573079,1247.2242939261107
55.944914295894115,-3.1900306853203264,NNW,55.94519145975387,-3.190145490350036,825.7877669573079,1245.9742939261107
55.94519145975387,-3.190145490350036,NNW,55.94546862361363,-3.1902602953797454,825.7877669573079,1244.7242939261107
55.94546862361363,-3.1902602953797454,N,55.94576862361363,-3.1902602953797454,907.9446491307689,1322.8617501440922
55.94576862361363,-3.1902602953797454,ENE,55.94588342864334,-3.189983131519992,988.1606469569809,1353.1313265092979
55.94588342864334,-3.189983131519992,ENE,55.94599823367305,-3.1897059676602386,988.1606469569809,1351.8813265092979
55.94599823367305,-3.1897059676602386,ENE,55.94611303870276,-3.189428803800485,1078.041023491613,1402.9930487525735
55.94611303870276,-3.189428803800485,ESE,55.94599823367305,-3.189151639940732,1078.041023491613,1401.7430487525735
55.94599823367305,-3.189151639940732,ESE,55.94588342864334,-3.1888744760809784,1108.246510686197,1500.9092269475325
55.94588342864334,-3.1888744760809784,E,55.94588342864334,-3.188574476080978,1108.246510686197,1499.6592269475325
55.94588342864334,-3.188574476080978,E,55.94588342864334,-3.188274476080978,1193.5363217811891,1501.6407967458954
55.94588342864334,-3.188274476080978,SE,55.945671296608985,-3.1880623440466223,1193.5363217811891,1500.3907967458954
55.945671296608985,-3.1880623440466223,SE,55.94545916457463,-3.1878502120122665,1193.5363217811891,1499.1407967458954
55.94545916457463,-3.1878502120122665,SE,55.94524703254027,-3.1876380799779107,1193.5363217811891,1497.8907967458954
55.94524703254027,-3.1876380799779107,SE,55.94503490050592,-3.187425947943555,1193.5363217811891,1496.6407967458954
55.94503490050592,-3.187425947943555,SE,55.94482276847156,-3.187213815909199,1305.4272221006438,1580.3153896045844
55.94482276847156,-3.187213815909199,SSE,55.944545604611804,-3.1870990108794897,1305.4272221006438,1579.0653896045844
55.944545604611804,-3.1870990108794897,SE,55.94433347257745,-3.186886878845134,1394.3794087328693,1613.5976879369712
55.94433347257745,-3.186886878845134,ENE,55.94444827760716,-3.1866097149853805,1394.3794087328693,1612.3476879369712
55.94444827760716,-3.1866097149853805,E,55.94444827760716,-3.1863097149853803,1394.3794087328693,1611.0976879369712
55.94444827760716,-3.1863097149853803,ENE,55.94456308263687,-3.186032551125627,1407.702638551998,1718.11382981625
55.94456308263687,-3.186032551125627,ESE,55.94444827760716,-3.1857553872658735,1478.0216899369293,1745.093226996616
55.94444827760716,-3.1857553872658735,S,55.944148277607155,-3.1857553872658735,1478.0216899369293,1743.843226996616
55.944148277607155,-3.1857553872658735,SSW,55.9438711137474,-3.185870192295583,1479.873546665626,1752.3749991185139
55.9438711137474,-3.185870192295583,SE,55.94365898171304,-3.185658060261227,1479.873546665626,1751.1249991185139
55.94365898171304,-3.185658060261227,SE,55.943446849678686,-3.1854459282268714,1498.2274918799392,1758.5631199536044
55.943446849678686,-3.1854459282268714,NE,55.94365898171304,-3.1852337961925157,1565.8899849868862,1877.5732222870984
55.94365898171304,-3.1852337961925157,SE,55.943446849678686,-3.18502166415816,1603.8163471958198,1981.8584629405693
55.943446849678686,-3.18502166415816,SE,55.94323471764433,-3.184809532123804,1644.3540269197304,2059.651419916992
55.94323471764433,-3.184809532123804,WNW,55.94334952267404,-3.1850866959835575,1644.3540269197304,2058.401419916992
55.94334952267404,-3.1850866959835575,SSW,55.943072358814284,-3.185201501013267,1661.3738054328473,2177.726268263434
55.943072358814284,-3.185201501013267,NE,55.94328449084864,-3.1849893689789113,1661.3738054328473,2176.476268263434
55.94328449084864,-3.1849893689789113,ESE,55.94316968581893,-3.184712205119158,1661.3738054328473,2175.226268263434
55.94316968581893,-3.184712205119158,SE,55.942957553784574,-3.184500073084802,1661.3738054328473,2173.976268263434
55.942957553784574,-3.184500073084802,SSE,55.94268038992482,-3.1843852680550926,1704.5955036113896,2216.911929282677
55.94268038992482,-3.1843852680550926,N,55.94298038992482,-3.1843852680550926,1704.5955036113896,2215.661929282677
55.94298038992482,-3.1843852680550926,NNW,55.943257553784576,-3.184500073084802,1704.5955036113896,2214.411929282677
55.943257553784576,-3.184500073084802,N,55.94355755378458,-3.184500073084802,1704.5955036113896,2213.161929282677
55.94355755378458,-3.184500073084802,NNW,55.943834717644336,-3.1846148781145116,1737.1921907976816,2327.2977764800103
55.943834717644336,-3.1846148781145116,N,55.94413471764434,-3.1846148781145116,1737.1921907976816,2326.0477764800103
55.94413471764434,-3.1846148781145116,N,55.94443471764434,-3.1846148781145116,1737.1921907976816,2324.7977764800103
55.94443471764434,-3.1846148781145116,N,55.944734717644344,-3.1846148781145116,1737.1921907976816,2323.5477764800103
55.944734717644344,-3.1846148781145116,N,55.94503471764435,-3.1846148781145116,1758.8585283752032,2421.3467871627745
55.94503471764435,-3.1846148781145116,W,55.94503471764435,-3.184914878114512,1758.8585283752032,2420.0967871627745
55.94503471764435,-3.184914878114512,S,55.944734717644344,-3.184914878114512,1758.8585283752032,2418.8467871627745
55.944734717644344,-3.184914878114512,WSW,55.944619912614634,-3.185192041974265,1758.8585283752032,2417.5967871627745
55.944619912614634,-3.185192041974265,W,55.944619912614634,-3.1854920419742654,1758.8585283752032,2416.3467871627745
55.944619912614634,-3.1854920419742654,W,55.944619912614634,-3.1857920419742656,1758.8585283752032,2415.0967871627745
55.944619912614634,-3.1857920419742656,W,55.944619912614634,-3.1860920419742658,1758.8585283752032,2413.8467871627745
55.944619912614634,-3.1860920419742658,W,55.944619912614634,-3.186392041974266,1758.8585283752032,2412.5967871627745
55.944619912614634,-3.186392041974266,W,55.944619912614634,-3.186692041974266,1758.8585283752032,2411.3467871627745
55.944619912614634,-3.186692041974266,SW,55.94440778058028,-3.186904174008622,1758.8585283752032,2410.0967871627745
55.94440778058028,-3.186904174008622,W,55.94440778058028,-3.187204174008622,1758.8585283752032,2408.8467871627745
55.94440778058028,-3.187204174008622,W,55.94440778058028,-3.1875041740086223,1758.8585283752032,2407.5967871627745
55.94440778058028,-3.1875041740086223,W,55.94440778058028,-3.1878041740086225,1758.8585283752032,2406.3467871627745
55.94440778058028,-3.1878041740086225,WNW,55.94452258560999,-3.188081337868376,1758.8585283752032,2405.0967871627745
55.94452258560999,-3.188081337868376,W,55.94452258560999,-3.188381337868376,1758.8585283752032,2403.8467871627745
55.94452258560999,-3.188381337868376,WNW,55.9446373906397,-3.1886585017281295,1758.8585283752032,2402.5967871627745
55.9446373906397,-3.1886585017281295,W,55.9446373906397,-3.1889585017281297,1758.8585283752032,2401.3467871627745
55.9446373906397,-3.1889585017281297,SE,55.94442525860534,-3.188746369693774,1758.8585283752032,2400.0967871627745
55.94442525860534,-3.188746369693774,WNW,55.94454006363505,-3.1890235335535273,1758.8585283752032,2398.8467871627745
55.94454006363505,-3.1890235335535273,WNW,55.94465486866476,-3.1893006974132807,1758.8585283752032,2397.5967871627745
55.94465486866476,-3.1893006974132807,WNW,55.94476967369447,-3.189577861273034,1758.8585283752032,2396.3467871627745
55.94476967369447,-3.189577861273034,WNW,55.944884478724184,-3.1898550251327875,1758.8585283752032,2395.0967871627745
55.944884478724184,-3.1898550251327875,WNW,55.944999283753894,-3.190132188992541,1758.8585283752032,2393.8467871627745
55.944999283753894,-3.190132188992541,WNW,55.945114088783605,-3.1904093528522943,1758.8585283752032,2392.5967871627745
55.945114088783605,-3.1904093528522943,W,55.945114088783605,-3.1907093528522945,1758.8585283752032,2391.3467871627745
55.945114088783605,-3.1907093528522945,N,55.94541408878361,-3.1907093528522945,1758.8585283752032,2390.0967871627745
55.94541408878361,-3.1907093528522945,N,55.94571408878361,-3.1907093528522945,1758.8585283752032,2388.8467871627745
55.94571408878361,-3.1907093528522945,SW,55.945501956749254,-3.1909214848866503,1758.8585283752032,2387.5967871627745
55.945501956749254,-3.1909214848866503,SW,55.9452898247149,-3.191133616921006,1758.8585283752032,2386.3467871627745
55.9452898247149,-3.191133616921006,SW,55.94507769268054,-3.191345748955362,1758.8585283752032,2385.0967871627745
55.94507769268054,-3.191345748955362,SW,55.944865560646186,-3.1915578809897176,1758.8585283752032,2383.8467871627745
55.944865560646186,-3.1915578809897176,WSW,55.944750755616475,-3.191835044849471,1758.8585283752032,2382.5967871627745
55.944750755616475,-3.191835044849471,SW,55.94453862358212,-3.1920471768838268,1758.8585283752032,2381.3467871627745
55.94453862358212,-3.1920471768838268,WSW,55.94442381855241,-3.19232434074358,1848.0063997717582,2406.107154605187
55.94442381855241,-3.19232434074358,NNE,55.944700982412165,-3.1922095357138707,1848.0063997717582,2404.857154605187
55.944700982412165,-3.1922095357138707,E,55.944700982412165,-3.1919095357138705,1848.0063997717582,2403.607154605187
55.944700982412165,-3.1919095357138705,NE,55.94491311444652,-3.1916974036795147,1848.0063997717582,2402.357154605187
55.94491311444652,-3.1916974036795147,NW,55.94512524648088,-3.1919095357138705,1934.3838193665506,2409.7122747782873
55.94512524648088,-3.1919095357138705,SE,55.94491311444652,-3.1916974036795147,1934.3838193665506,2408.4622747782873
55.94491311444652,-3.1916974036795147,NW,55.94512524648088,-3.1919095357138705,1934.3838193665506,2407.2122747782873
55.94512524648088,-3.1919095357138705,SE,55.94491311444652,-3.1916974036795147,1934.3838193665506,2405.9622747782873
55.94491311444652,-3.1916974036795147,NW,55.94512524648088,-3.1919095357138705,1934.3838193665506,2404.7122747782873
55.94512524648088,-3.1919095357138705,SE,55.94491311444652,-3.1916974036795147,1934.3838193665506,2403.4622747782873
55.94491311444652,-3.1916974036795147,NW,55.94512524648088,-3.1919095357138705,1934.3838193665506,2402.2122747782873
55.94512524648088,-3.1919095357138705,SE,55.94491311444652,-3.1916974036795147,1934.3838193665506,2400.9622747782873
55.94491311444652,-3.1916974036795147,NW,55.94512524648088,-3.1919095357138705,1934.3838193665506,2399.7122747782873
55.94512524648088,-3.1919095357138705,SE,55.94491311444652,-3.1916974036795147,1934.3838193665506,2398.4622747782873
55.94491311444652,-3.1916974036795147,NW,55.94512524648088,-3.1919095357138705,1934.3838193665506,2397.2122747782873
55.94512524648088,-3.1919095357138705,SE,55.94491311444652,-3.1916974036795147,1934.3838193665506,2395.9622747782873
55.94491311444652,-3.1916974036795147,NW,55.94512524648088,-3.1919095357138705,1934.3838193665506,2394.7122747782873
55.94512524648088,-3.1919095357138705,SE,55.94491311444652,-3.1916974036795147,1934.3838193665506,2393.4622747782873
55.94491311444652,-3.1916974036795147,NW,55.94512524648088,-3.1919095357138705,1934.3838193665506,2392.2122747782873
55.94512524648088,-3.1919095357138705,SE,55.94491311444652,-3.1916974036795147,1934.3838193665506,2390.9622747782873
55.94491311444652,-3.1916974036795147,NW,55.94512524648088,-3.1919095357138705,1934.3838193665506,2389.7122747782873
55.94512524648088,-3.1919095357138705,SE,55.94491311444652,-3.1916974036795147,1934.3838193665506,2388.4622747782873
55.94491311444652,-3.1916974036795147,NW,55.94512524648088,-3.1919095357138705,1934.3838193665506,2387.2122747782873
55.94512524648088,-3.1919095357138705,SE,55.94491311444652,-3.1916974036795147,1934.3838193665506,2385.9622747782873
55.94491311444652,-3.1916974036795147,NW,55.94512524648088,-3.1919095357138705,1934.3838193665506,2384.7122747782873
55.94512524648088,-3.1919095357138705,SE,55.94491311444652,-3.1916974036795147,1934.3838193665506,2383.4622747782873
55.94491311444652,-3.1916974036795147,NW,55.94512524648088,-3.1919095357138705,1934.3838193665506,2382.2122747782873
55.94512524648088,-3.1919095357138705,SE,55.94491311444652,-3.1916974036795147,1934.3838193665506,2380.9622747782873
55.94491311444652,-3.1916974036795147,NW,55.94512524648088,-3.1919095357138705,1934.3838193665506,2379.7122747782873
55.94512524648088,-3.1919095357138705,SE,55.94491311444652,-3.1916974036795147,1934.3838193665506,2378.4622747782873
55.94491311444652,-3.1916974036795147,NW,55.94512524648088,-3.1919095357138705,1934.3838193665506,2377.2122747782873
55.94512524648088,-3.1919095357138705,SE,55.94491311444652,-3.1916974036795147,1934.3838193665506,2375.9622747782873
55.94491311444652,-3.1916974036795147,NW,55.94512524648088,-3.1919095357138705,1934.3838193665506,2374.7122747782873
55.94512524648088,-3.1919095357138705,SE,55.94491311444652,-3.1916974036795147,1934.3838193665506,2373.4622747782873
55.94491311444652,-3.1916974036795147,NW,55.94512524648088,-3.1919095357138705,1934.3838193665506,2372.2122747782873
55.94512524648088,-3.1919095357138705,SE,55.94491311444652,-3.1916974036795147,1934.3838193665506,2370.9622747782873
55.94491311444652,-3.1916974036795147,NW,55.94512524648088,-3.1919095357138705,1934.3838193665506,2369.7122747782873
55.94512524648088,-3.1919095357138705,SE,55.94491311444652,-3.1916974036795147,1934.3838193665506,2368.4622747782873
55.94491311444652,-3.1916974036795147,NW,55.94512524648088,-3.1919095357138705,1934.3838193665506,2367.2122747782873
55.94512524648088,-3.1919095357138705,SE,55.94491311444652,-3.1916974036795147,1934.3838193665506,2365.9622747782873
55.94491311444652,-3.1916974036795147,NW,55.94512524648088,-3.1919095357138705,1934.3838193665506,2364.7122747782873
55.94512524648088,-3.1919095357138705,SE,55.94491311444652,-3.1916974036795147,1934.3838193665506,2363.4622747782873
55.94491311444652,-3.1916974036795147,NW,55.94512524648088,-3.1919095357138705,1934.3838193665506,2362.2122747782873
55.94512524648088,-3.1919095357138705,SE,55.94491311444652,-3.1916974036795147,1934.3838193665506,2360.9622747782873
55.94491311444652,-3.1916974036795147,NW,55.94512524648088,-3.1919095357138705,1934.3838193665506,2359.7122747782873
55.94512524648088,-3.1919095357138705,SE,55.94491311444652,-3.1916974036795147,1934.3838193665506,2358.4622747782873
55.94491311444652,-3.1916974036795147,NW,55.94512524648088,-3.1919095357138705,1934.3838193665506,2357.2122747782873
55.94512524648088,-3.1919095357138705,SE,55.94491311444652,-3.1916974036795147,1934.3838193665506,2355.9622747782873
55.94491311444652,-3.1916974036795147,NW,55.94512524648088,-3.1919095357138705,1934.3838193665506,2354.7122747782873
55.94512524648088,-3.1919095357138705,SE,55.94491311444652,-3.1916974036795147,1934.3838193665506,2353.4622747782873
55.94491311444652,-3.1916974036795147,NW,55.94512524648088,-3.1919095357138705,1934.3838193665506,2352.2122747782873
55.94512524648088,-3.1919095357138705,SE,55.94491311444652,-3.1916974036795147,1934.3838193665506,2350.9622747782873
55.94491311444652,-3.1916974036795147,NW,55.94512524648088,-3.1919095357138705,1934.3838193665506,2349.7122747782873
55.94512524648088,-3.1919095357138705,SE,55.94491311444652,-3.1916974036795147,1934.3838193665506,2348.4622747782873
55.94491311444652,-3.1916974036795147,NW,55.94512524648088,-3.1919095357138705,1934.3838193665506,2347.2122747782873
55.94512524648088,-3.1919095357138705,SE,55.94491311444652,-3.1916974036795147,1934.3838193665506,2345.9622747782873
55.94491311444652,-3.1916974036795147,NW,55.94512524648088,-3.1919095357138705,1934.3838193665506,2344.7122747782873
55.94512524648088,-3.1919095357138705,SE,55.94491311444652,-3.1916974036795147,1934.3838193665506,2343.4622747782873
55.94491311444652,-3.1916974036795147,NW,55.94512524648088,-3.1919095357138705,1934.3838193665506,2342.2122747782873
55.94512524648088,-3.1919095357138705,SE,55.94491311444652,-3.1916974036795147,1934.3838193665506,2340.9622747782873
55.94491311444652,-3.1916974036795147,NW,55.94512524648088,-3.1919095357138705,1934.3838193665506,2339.7122747782873
55.94512524648088,-3.1919095357138705,SE,55.94491311444652,-3.1916974036795147,1934.3838193665506,2338.4622747782873
55.94491311444652,-3.1916974036795147,NW,55.94512524648088,-3.1919095357138705,1934.3838193665506,2337.2122747782873
55.94512524648088,-3.1919095357138705,SE,55.94491311444652,-3.1916974036795147,1934.3838193665506,2335.9622747782873
55.94491311444652,-3.1916974036795147,NW,55.94512524648088,-3.1919095357138705,1934.3838193665506,2334.7122747782873
55.94512524648088,-3.1919095357138705,SE,55.94491311444652,-3.1916974036795147,1934.3838193665506,2333.4622747782873
55.94491311444652,-3.1916974036795147,NW,55.94512524648088,-3.1919095357138705,1934.3838193665506,2332.2122747782873
55.94512524648088,-3.1919095357138705,SE,55.94491311444652,-3.1916974036795147,1934.3838193665506,2330.9622747782873
55.94491311444652,-3.1916974036795147,NW,55.94512524648088,-3.1919095357138705,1934.3838193665506,2329.7122747782873
55.94512524648088,-3.1919095357138705,SE,55.94491311444652,-3.1916974036795147,1934.3838193665506,2328.4622747782873
55.94491311444652,-3.1916974036795147,NW,55.94512524648088,-3.1919095357138705,1934.3838193665506,2327.2122747782873
55.94512524648088,-3.1919095357138705,SE,55.94491311444652,-3.1916974036795147,1934.3838193665506,2325.9622747782873
55.94491311444652,-3.1916974036795147,NW,55.94512524648088,-3.1919095357138705,1934.3838193665506,2324.7122747782873
55.94512524648088,-3.1919095357138705,SE,55.94491311444652,-3.1916974036795147,1934.3838193665506,2323.4622747782873
55.94491311444652,-3.1916974036795147,NW,55.94512524648088,-3.1919095357138705,1934.3838193665506,2322.2122747782873
55.94512524648088,-3.1919095357138705,SE,55.94491311444652,-3.1916974036795147,1934.3838193665506,2320.9622747782873
55.94491311444652,-3.1916974036795147,NW,55.94512524648088,-3.1919095357138705,1934.3838193665506,2319.7122747782873
55.94512524648088,-3.1919095357138705,SE,55.94491311444652,-3.1916974036795147,1934.3838193665506,2318.4622747782873
55.94491311444652,-3.1916974036795147,NW,55.94512524648088,-3.1919095357138705,1934.3838193665506,2317.2122747782873
55.94512524648088,-3.1919095357138705,SE,55.94491311444652,-3.1916974036795147,1934.3838193665506,2315.9622747782873
55.94491311444652,-3.1916974036795147,NW,55.94512524648088,-3.1919095357138705,1934.3838193665506,2314.7122747782873
55.94512524648088,-3.1919095357138705,SE,55.94491311444652,-3.1916974036795147,1934.3838193665506,2313.4622747782873
55.94491311444652,-3.1916974036795147,NW,55.94512524648088,-3.1919095357138705,1934.3838193665506,2312.2122747782873
55.94512524648088,-3.1919095357138705,SE,55.94491311444652,-3.1916974036795147,1934.3838193665506,2310.9622747782873
55.94491311444652,-3.1916974036795147,NW,55.94512524648088,-3.1919095357138705,1934.3838193665506,2309.7122747782873
55.94512524648088,-3.1919095357138705,SE,55.94491311444652,-3.1916974036795147,1934.3838193665506,2308.4622747782873
55.94491311444652,-3.1916974036795147,NW,55.94512524648088,-3.1919095357138705,1934.3838193665506,2307.2122747782873
55.94512524648088,-3.1919095357138705,SE,55.94491311444652,-3.1916974036795147,1934.3838193665506,2305.9622747782873
55.94491311444652,-3.1916974036795147,NW,55.94512524648088,-3.1919095357138705,1934.3838193665506,2304.7122747782873
55.94512524648088,-3.1919095357138705,SE,55.94491311444652,-3.1916974036795147,1934.3838193665506,2303.4622747782873
55.94491311444652,-3.1916974036795147,NW,55.94512524648088,-3.1919095357138705,1934.3838193665506,2302.2122747782873
55.94512524648088,-3.1919095357138705,SE,55.94491311444652,-3.1916974036795147,1934.3838193665506,2300.9622747782873
55.94491311444652,-3.1916974036795147,NW,55.94512524648088,-3.1919095357138705,1934.3838193665506,2299.7122747782873
55.94512524648088,-3.1919095357138705,SE,55.94491311444652,-3.1916974036795147,1934.3838193665506,2298.4622747782873
55.94491311444652,-3.1916974036795147,NW,55.94512524648088,-3.1919095357138705,1934.3838193665506,2297.2122747782873
55.94512524648088,-3.1919095357138705,SE,55.94491311444652,-3.1916974036795147,1934.3838193665506,2295.9622747782873
55.94491311444652,-3.1916974036795147,NW,55.94512524648088,-3.1919095357138705,1934.3838193665506,2294.7122747782873
55.94512524648088,-3.1919095357138705,SE,55.94491311444652,-3.1916974036795147,1934.3838193665506,2293.4622747782873
55.94491311444652,-3.1916974036795147,NW,55.94512524648088,-3.1919095357138705,1934.3838193665506,2292.2122747782873
55.94512524648088,-3.1919095357138705,SE,55.94491311444652,-3.1916974036795147,1934.3838193665506,2290.9622747782873
55.94491311444652,-3.1916974036795147,NW,55.94512524648088,-3.1919095357138705,1934.3838193665506,2289.7122747782873
55.94512524648088,-3.1919095357138705,SE,55.94491311444652,-3.1916974036795147,1934.3838193665506,2288.4622747782873
55.94491311444652,-3.1916974036795147,NW,55.94512524648088,-3.1919095357138705,1934.3838193665506,2287.2122747782873
55.94512524648088,-3.1919095357138705,SE,55.94491311444652,-3.1916974036795147,1934.3838193665506,2285.9622747782873
55.94491311444652,-3.1916974036795147,NW,55.94512524648088,-3.1919095357138705,1934.3838193665506,2284.7122747782873
55.94512524648088,-3.1919095357138705,SE,55.94491311444652,-3.1916974036795147,1934.3838193665506,2283.4622747782873
55.94491311444652,-3.1916974036795147,NW,55.94512524648088,-3.1919095357138705,1934.3838193665506,2282.2122747782873
55.94512524648088,-3.1919095357138705,SE,55.94491311444652,-3.1916974036795147,1934.3838193665506,2280.9622747782873
55.94491311444652,-3.1916974036795147,NW,55.94512524648088,-3.1919095357138705,1934.3838193665506,2279.7122747782873
55.94512524648088,-3.1919095357138705,SE,55.94491311444652,-3.1916974036795147,1934.3838193665506,2278.4622747782873
55.94491311444652,-3.1916974036795147,NW,55.94512524648088,-3.1919095357138705,1934.3838193665506,2277.2122747782873
55.94512524648088,-3.1919095357138705,SE,55.94491311444652,-3.1916974036795147,1934.3838193665506,2275.9622747782873
55.94491311444652,-3.1916974036795147,NW,55.94512524648088,-3.1919095357138705,1934.3838193665506,2274.7122747782873
55.94512524648088,-3.1919095357138705,SE,55.94491311444652,-3.1916974036795147,1934.3838193665506,2273.4622747782873
55.94491311444652,-3.1916974036795147,NW,55.94512524648088,-3.1919095357138705,1934.3838193665506,2272.2122747782873
55.94512524648088,-3.1919095357138705,SE,55.94491311444652,-3.1916974036795147,1934.3838193665506,2270.9622747782873
55.94491311444652,-3.1916974036795147,NW,55.94512524648088,-3.1919095357138705,1934.3838193665506,2269.7122747782873
55.94512524648088,-3.1919095357138705,SE,55.94491311444652,-3.1916974036795147,1934.3838193665506,2268.4622747782873
55.94491311444652,-3.1916974036795147,NW,55.94512524648088,-3.1919095357138705,1934.3838193665506,2267.2122747782873
55.94512524648088,-3.1919095357138705,SE,55.94491311444652,-3.1916974036795147,1934.3838193665506,2265.9622747782873
55.94491311444652,-3.1916974036795147,NW,55.94512524648088,-3.1919095357138705,1934.3838193665506,2264.7122747782873
55.94512524648088,-3.1919095357138705,SE,55.94491311444652,-3.1916974036795147,1934.3838193665506,2263.4622747782873
55.94491311444652,-3.1916974036795147,NW,55.94512524648088,-3.1919095357138705,1934.3838193665506,2262.2122747782873
55.94512524648088,-3.1919095357138705,SE,55.94491311444652,-3.1916974036795147,1934.3838193665506,2260.9622747782873
55.94491311444652,-3.1916974036795147,NW,55.94512524648088,-3.1919095357138705,1934.3838193665506,2259.7122747782873
55.94512524648088,-3.1919095357138705,SE,55.94491311444652,-3.1916974036795147,1934.3838193665506,2258.4622747782873
55.94491311444652,-3.1916974036795147,NW,55.94512524648088,-3.1919095357138705,1934.3838193665506,2257.2122747782873
55.94512524648088,-3.1919095357138705,SE,55.94491311444652,-3.1916974036795147,1934.3838193665506,2255.9622747782873
55.94491311444652,-3.1916974036795147,NW,55.94512524648088,-3.1919095357138705,1934.3838193665506,2254.7122747782873
55.94512524648088,-3.1919095357138705,SE,55.94491311444652,-3.1916974036795147,1934.3838193665506,2253.4622747782873
55.94491311444652,-3.1916974036795147,NW,55.94512524648088,-3.1919095357138705,1934.3838193665506,2252.2122747782873
55.94512524648088,-3.1919095357138705,SE,55.94491311444652,-3.1916974036795147,1934.3838193665506,2250.9622747782873
55.94491311444652,-3.1916974036795147,NW,55.94512524648088,-3.1919095357138705,1934.3838193665506,2249.7122747782873
55.94512524648088,-3.1919095357138705,SE,55.94491311444652,-3.1916974036795147,1934.3838193665506,2248.4622747782873
55.94491311444652,-3.1916974036795147,NW,55.94512524648088,-3.1919095357138705,1934.3838193665506,2247.2122747782873
55.94512524648088,-3.1919095357138705,SE,55.94491311444652,-3.1916974036795147,1934.3838193665506,2245.9622747782873
55.94491311444652,-3.1916974036795147,NW,55.94512524648088,-3.1919095357138705,1934.3838193665506,2244.7122747782873
55.94512524648088,-3.1919095357138705,SE,55.94491311444652,-3.1916974036795147,1934.3838193665506,2243.4622747782873
55.94491311444652,-3.1916974036795147,NW,55.94512524648088,-3.1919095357138705,1934.3838193665506,2242.2122747782873
55.94512524648088,-3.1919095357138705,SE,55.94491311444652,-3.1916974036795147,1934.3838193665506,2240.9622747782873
55.94491311444652,-3.1916974036795147,NW,55.94512524648088,-3.1919095357138705,1934.3838193665506,2239.7122747782873
55.94512524648088,-3.1919095357138705,SE,55.94491311444652,-3.1916974036795147,1934.3838193665506,2238.4622747782873
55.94491311444652,-3.1916974036795147,NW,55.94512524648088,-3.1919095357138705,1934.3838193665506,2237.2122747782873
55.94512524648088,-3.1919095357138705,SE,55.94491311444652,-3.1916974036795147,1934.3838193665506,2235.9622747782873
55.94491311444652,-3.1916974036795147,NW,55.94512524648088,-3.1919095357138705,1934.3838193665506,2234.7122747782873
55.94512524648088,-3.1919095357138705,SE,55.94491311444652,-3.1916974036795147,1934.3838193665506,2233.4622747782873
