55.944425,-3.188396,E,55.944425,-3.188096,86.715699890688,273.1793722274292
55.944425,-3.188096,SSW,55.944147836140246,-3.1882108050297093,146.39409360055498,379.36986675197875
55.944147836140246,-3.1882108050297093,SE,55.94393570410589,-3.1879986729953536,146.39409360055498,378.11986675197875
55.94393570410589,-3.1879986729953536,SE,55.943723572071534,-3.187786540960998,224.13537318988125,434.5685700624698
55.943723572071534,-3.187786540960998,ENE,55.943838377101244,-3.1875093771012444,224.13537318988125,433.3185700624698
55.943838377101244,-3.1875093771012444,NE,55.9440505091356,-3.1872972450668886,244.23114090267273,494.1302562434879
55.9440505091356,-3.1872972450668886,NNE,55.94432767299536,-3.187182440037179,244.23114090267273,492.8802562434879
55.94432767299536,-3.187182440037179,NNE,55.94460483685511,-3.1870676350074696,345.24649260467805,590.5423558756908
55.94460483685511,-3.1870676350074696,E,55.94460483685511,-3.1867676350074694,394.7920534732869,597.1317490784851
55.94460483685511,-3.1867676350074694,NE,55.94481696888947,-3.1865555029731136,494.0750781218624,605.3676788734856
55.94481696888947,-3.1865555029731136,ESE,55.94470216385976,-3.1862783391133602,612.2988997793532,685.5202075163849
55.94470216385976,-3.1862783391133602,S,55.944402163859756,-3.1862783391133602,723.4663189509257,786.1376556058955
55.944402163859756,-3.1862783391133602,NE,55.94461429589411,-3.1860662070790045,723.4663189509257,784.8876556058955
55.94461429589411,-3.1860662070790045,NNE,55.94489145975387,-3.185951402049295,827.2057674627439,876.5879857526041
55.94489145975387,-3.185951402049295,SSE,55.94461429589411,-3.1858365970195854,827.2057674627439,875.3379857526041
55.94461429589411,-3.1858365970195854,SSE,55.944337132034356,-3.185721791989876,907.2989286037234,976.0322809114234
55.944337132034356,-3.185721791989876,SW,55.944125,-3.1859339240242317,907.2989286037234,974.7822809114234
55.944125,-3.1859339240242317,SSW,55.94384783614024,-3.186048729053941,917.6299620469346,1038.7077255258432
55.94384783614024,-3.186048729053941,S,55.94354783614024,-3.186048729053941,986.0248483281151,1109.0867125565883
55.94354783614024,-3.186048729053941,S,55.94324783614024,-3.186048729053941,1029.4370692278308,1175.1774609704767
55.94324783614024,-3.186048729053941,SSW,55.94297067228048,-3.1861635340836507,1076.587704218154,1184.3060040069468
55.94297067228048,-3.1861635340836507,NW,55.94318280431484,-3.1863756661180065,1134.328436387708,1205.1981450278806
55.94318280431484,-3.1863756661180065,W,55.94318280431484,-3.1866756661180067,1165.3910179433387,1213.9256212649616
55.94318280431484,-3.1866756661180067,ESE,55.94306799928513,-3.1863985022582533,1165.3910179433387,1212.6756212649616
55.94306799928513,-3.1863985022582533,E,55.94306799928513,-3.186098502258253,1165.3910179433387,1211.4256212649616
55.94306799928513,-3.186098502258253,E,55.94306799928513,-3.185798502258253,1276.8956008565185,1212.8004545403735
55.94306799928513,-3.185798502258253,E,55.94306799928513,-3.1854985022582527,1276.8956008565185,1211.5504545403735
55.94306799928513,-3.1854985022582527,E,55.94306799928513,-3.1851985022582525,1295.848968238379,1237.5070348719353
55.94306799928513,-3.1851985022582525,E,55.94306799928513,-3.1848985022582523,1309.8418117935523,1333.820681818093
55.94306799928513,-3.1848985022582523,N,55.94336799928513,-3.1848985022582523,1309.8418117935523,1332.570681818093
55.94336799928513,-3.1848985022582523,N,55.94366799928513,-3.1848985022582523,1309.8418117935523,1331.320681818093
55.94366799928513,-3.1848985022582523,W,55.94366799928513,-3.1851985022582525,1309.8418117935523,1330.070681818093
55.94366799928513,-3.1851985022582525,NNW,55.94394516314489,-3.185313307287962,1309.8418117935523,1328.820681818093
55.94394516314489,-3.185313307287962,N,55.94424516314489,-3.185313307287962,1309.8418117935523,1327.570681818093
55.94424516314489,-3.185313307287962,N,55.944545163144895,-3.185313307287962,1309.8418117935523,1326.320681818093
55.944545163144895,-3.185313307287962,NNE,55.94482232700465,-3.1851985022582525,1309.8418117935523,1325.070681818093
55.94482232700465,-3.1851985022582525,N,55.945122327004654,-3.1851985022582525,1426.3819123245848,1348.9447547191464
55.945122327004654,-3.1851985022582525,N,55.94542232700466,-3.1851985022582525,1426.3819123245848,1347.6947547191464
55.94542232700466,-3.1851985022582525,NNW,55.94569949086441,-3.185313307287962,1495.2759758382824,1368.803525203667
55.94569949086441,-3.185313307287962,ESE,55.9455846858347,-3.1850361434282086,1495.2759758382824,1367.553525203667
55.9455846858347,-3.1850361434282086,SE,55.94537255380035,-3.184824011393853,1620.2019489865231,1367.5878416604062
55.94537255380035,-3.184824011393853,W,55.94537255380035,-3.185124011393853,1620.2019489865231,1366.3378416604062
55.94537255380035,-3.185124011393853,W,55.94537255380035,-3.1854240113938532,1620.2019489865231,1365.0878416604062
55.94537255380035,-3.1854240113938532,W,55.94537255380035,-3.1857240113938534,1620.2019489865231,1363.8378416604062
55.94537255380035,-3.1857240113938534,W,55.94537255380035,-3.1860240113938536,1620.2019489865231,1362.5878416604062
55.94537255380035,-3.1860240113938536,WSW,55.945257748770636,-3.186301175253607,1620.2019489865231,1361.3378416604062
55.945257748770636,-3.186301175253607,W,55.945257748770636,-3.186601175253607,1620.2019489865231,1360.0878416604062
55.945257748770636,-3.186601175253607,WSW,55.945142943740926,-3.1868783391133606,1620.2019489865231,1358.8378416604062
55.945142943740926,-3.1868783391133606,W,55.945142943740926,-3.187178339113361,1708.1175071537455,1470.05483421884
55.945142943740926,-3.187178339113361,S,55.94484294374092,-3.187178339113361,1708.1175071537455,1468.80483421884
55.94484294374092,-3.187178339113361,NNW,55.94512010760068,-3.1872931441430703,1708.1175071537455,1467.55483421884
55.94512010760068,-3.1872931441430703,S,55.94482010760068,-3.1872931441430703,1708.1175071537455,1466.30483421884
55.94482010760068,-3.1872931441430703,SW,55.94460797556632,-3.187505276177426,1708.1175071537455,1465.05483421884
55.94460797556632,-3.187505276177426,WNW,55.94472278059603,-3.1877824400371795,1708.1175071537455,1463.80483421884
55.94472278059603,-3.1877824400371795,WNW,55.94483758562574,-3.188059603896933,1708.1175071537455,1462.55483421884
55.94483758562574,-3.188059603896933,WNW,55.94495239065545,-3.1883367677566863,1735.0053569785714,1540.3149064749657
55.94495239065545,-3.1883367677566863,W,55.94495239065545,-3.1886367677566865,1735.0053569785714,1539.0649064749657
55.94495239065545,-3.1886367677566865,WSW,55.94483758562574,-3.18891393161644,1791.0416824974634,1594.5234837802145
55.94483758562574,-3.18891393161644,S,55.94453758562574,-3.18891393161644,1791.0416824974634,1593.2734837802145
55.94453758562574,-3.18891393161644,SSW,55.94426042176598,-3.1890287366461494,1852.8726999706826,1605.1554466369555
55.94426042176598,-3.1890287366461494,WNW,55.94437522679569,-3.189305900505903,1962.5896006352593,1695.987719279837
55.94437522679569,-3.189305900505903,SW,55.944163094761336,-3.1895180325402586,1962.5896006352593,1694.737719279837
55.944163094761336,-3.1895180325402586,SW,55.94395096272698,-3.1897301645746143,1962.5896006352593,1693.487719279837
55.94395096272698,-3.1897301645746143,WSW,55.94383615769727,-3.1900073284343677,1979.3948802813954,1772.720165237558
55.94383615769727,-3.1900073284343677,NNW,55.944113321557026,-3.1901221334640772,1979.3948802813954,1771.470165237558
55.944113321557026,-3.1901221334640772,NNW,55.94439048541678,-3.1902369384937868,2007.2213154236151,1819.018035118192
55.94439048541678,-3.1902369384937868,NNW,55.94466764927654,-3.1903517435234963,2007.2213154236151,1817.768035118192
55.94466764927654,-3.1903517435234963,NW,55.944879781310895,-3.190563875557852,2072.238336357995,1937.7623200685339
55.944879781310895,-3.190563875557852,SW,55.94466764927654,-3.190776007592208,2072.238336357995,1936.5123200685339
55.94466764927654,-3.190776007592208,SSW,55.94439048541678,-3.1908908126219173,2072.238336357995,1935.2623200685339
55.94439048541678,-3.1908908126219173,SW,55.944178353382426,-3.191102944656273,2072.238336357995,1934.0123200685339
55.944178353382426,-3.191102944656273,SSW,55.94390118952267,-3.1912177496859826,2110.79142042473,2032.142863155295
55.94390118952267,-3.1912177496859826,SSW,55.94362402566291,-3.191332554715692,2192.4239382683995,2121.758983696635
55.94362402566291,-3.191332554715692,SE,55.94341189362856,-3.1911204226813363,2192.4239382683995,2120.508983696635
55.94341189362856,-3.1911204226813363,SE,55.9431997615942,-3.1909082906469806,2192.4239382683995,2119.258983696635
55.9431997615942,-3.1909082906469806,SSE,55.942922597734444,-3.190793485617271,2210.7802149485465,2201.690059023947
55.942922597734444,-3.190793485617271,E,55.942922597734444,-3.190493485617271,2210.7802149485465,2200.440059023947
55.942922597734444,-3.190493485617271,E,55.942922597734444,-3.1901934856172707,2210.7802149485465,2199.190059023947
55.942922597734444,-3.1901934856172707,E,55.942922597734444,-3.1898934856172705,2324.266868428582,2232.5877549801717
55.942922597734444,-3.1898934856172705,WNW,55.943037402764155,-3.190170649477024,2324.266868428582,2231.3377549801717
55.943037402764155,-3.190170649477024,W,55.943037402764155,-3.190470649477024,2324.266868428582,2230.0877549801717
55.943037402764155,-3.190470649477024,W,55.943037402764155,-3.1907706494770243,2324.266868428582,2228.8377549801717
55.943037402764155,-3.1907706494770243,W,55.943037402764155,-3.1910706494770245,2324.266868428582,2227.5877549801717
55.943037402764155,-3.1910706494770245,W,55.943037402764155,-3.1913706494770246,2324.266868428582,2226.3377549801717
55.943037402764155,-3.1913706494770246,W,55.943037402764155,-3.191670649477025,2324.266868428582,2225.0877549801717
55.943037402764155,-3.191670649477025,WNW,55.943152207793865,-3.1919478133367782,2324.266868428582,2223.8377549801717
55.943152207793865,-3.1919478133367782,W,55.943152207793865,-3.1922478133367784,2361.0122978906147,2290.230518673165
55.943152207793865,-3.1922478133367784,N,55.94345220779387,-3.1922478133367784,2361.0122978906147,2288.980518673165
55.94345220779387,-3.1922478133367784,NNE,55.943729371653625,-3.192133008307069,2361.0122978906147,2287.730518673165
55.943729371653625,-3.192133008307069,N,55.94402937165363,-3.192133008307069,2361.0122978906147,2286.480518673165
55.94402937165363,-3.192133008307069,NNE,55.944306535513384,-3.1920182032773594,2453.155774573809,2356.6483583655577
55.944306535513384,-3.1920182032773594,NNE,55.94458369937314,-3.19190339824765,2453.155774573809,2355.3983583655577
55.94458369937314,-3.19190339824765,NNE,55.9448608632329,-3.1917885932179404,2453.155774573809,2354.1483583655577
55.9448608632329,-3.1917885932179404,N,55.9451608632329,-3.1917885932179404,2518.574281033485,2455.7908141534112
55.9451608632329,-3.1917885932179404,NW,55.945372995267256,-3.192000725252296,2518.574281033485,2454.5408141534112
55.945372995267256,-3.192000725252296,NW,55.94558512730161,-3.192212857286652,2518.574281033485,2453.2908141534112
55.94558512730161,-3.192212857286652,NW,55.94579725933597,-3.1924249893210077,2533.4111799938723,2523.7586652098084
55.94579725933597,-3.1924249893210077,SE,55.94558512730161,-3.192212857286652,2533.4111799938723,2522.5086652098084
55.94558512730161,-3.192212857286652,NW,55.94579725933597,-3.1924249893210077,2533.4111799938723,2521.2586652098084
55.94579725933597,-3.1924249893210077,SE,55.94558512730161,-3.192212857286652,2533.4111799938723,2520.0086652098084
55.94558512730161,-3.192212857286652,NW,55.94579725933597,-3.1924249893210077,2533.4111799938723,2518.7586652098084
55.94579725933597,-3.1924249893210077,SE,55.94558512730161,-3.192212857286652,2533.4111799938723,2517.5086652098084
55.94558512730161,-3.192212857286652,NW,55.94579725933597,-3.1924249893210077,2533.4111799938723,2516.2586652098084
55.94579725933597,-3.1924249893210077,SE,55.94558512730161,-3.192212857286652,2533.4111799938723,2515.0086652098084
55.94558512730161,-3.192212857286652,NW,55.94579725933597,-3.1924249893210077,2533.4111799938723,2513.7586652098084
55.94579725933597,-3.1924249893210077,SE,55.94558512730161,-3.192212857286652,2533.4111799938723,2512.5086652098084
55.94558512730161,-3.192212857286652,NW,55.94579725933597,-3.1924249893210077,2533.4111799938723,2511.2586652098084
55.94579725933597,-3.1924249893210077,SE,55.94558512730161,-3.192212857286652,2533.4111799938723,2510.0086652098084
55.94558512730161,-3.192212857286652,NW,55.94579725933597,-3.1924249893210077,2533.4111799938723,2508.7586652098084
55.94579725933597,-3.1924249893210077,SE,55.94558512730161,-3.192212857286652,2533.4111799938723,2507.5086652098084
55.94558512730161,-3.192212857286652,NW,55.94579725933597,-3.1924249893210077,2533.4111799938723,2506.2586652098084
55.94579725933597,-3.1924249893210077,SE,55.94558512730161,-3.192212857286652,2533.4111799938723,2505.0086652098084
55.94558512730161,-3.192212857286652,NW,55.94579725933597,-3.1924249893210077,2533.4111799938723,2503.7586652098084
55.94579725933597,-3.1924249893210077,SE,55.94558512730161,-3.192212857286652,2533.4111799938723,2502.5086652098084
55.94558512730161,-3.192212857286652,NW,55.94579725933597,-3.1924249893210077,2533.4111799938723,2501.2586652098084
55.94579725933597,-3.1924249893210077,SE,55.94558512730161,-3.192212857286652,2533.4111799938723,2500.0086652098084
55.94558512730161,-3.192212857286652,NW,55.94579725933597,-3.1924249893210077,2533.4111799938723,2498.7586652098084
55.94579725933597,-3.1924249893210077,SE,55.94558512730161,-3.192212857286652,2533.4111799938723,2497.5086652098084
55.94558512730161,-3.192212857286652,NW,55.94579725933597,-3.1924249893210077,2533.4111799938723,2496.2586652098084
55.94579725933597,-3.1924249893210077,SE,55.94558512730161,-3.192212857286652,2533.4111799938723,2495.0086652098084
55.94558512730161,-3.192212857286652,NW,55.94579725933597,-3.1924249893210077,2533.4111799938723,2493.7586652098084
55.94579725933597,-3.1924249893210077,SE,55.94558512730161,-3.192212857286652,2533.4111799938723,2492.5086652098084
55.94558512730161,-3.192212857286652,NW,55.94579725933597,-3.1924249893210077,2533.4111799938723,2491.2586652098084
55.94579725933597,-3.1924249893210077,SE,55.94558512730161,-3.192212857286652,2533.4111799938723,2490.0086652098084
55.94558512730161,-3.192212857286652,NW,55.94579725933597,-3.1924249893210077,2533.4111799938723,2488.7586652098084
55.94579725933597,-3.1924249893210077,SE,55.94558512730161,-3.192212857286652,2533.4111799938723,2487.5086652098084
55.94558512730161,-3.192212857286652,NW,55.94579725933597,-3.1924249893210077,2533.4111799938723,2486.2586652098084
55.94579725933597,-3.1924249893210077,SE,55.94558512730161,-3.192212857286652,2533.4111799938723,2485.0086652098084
55.94558512730161,-3.192212857286652,NW,55.94579725933597,-3.1924249893210077,2533.4111799938723,2483.7586652098084
55.94579725933597,-3.1924249893210077,SE,55.94558512730161,-3.192212857286652,2533.4111799938723,2482.5086652098084
55.94558512730161,-3.192212857286652,NW,55.94579725933597,-3.1924249893210077,2533.4111799938723,2481.2586652098084
55.94579725933597,-3.1924249893210077,SE,55.94558512730161,-3.192212857286652,2533.4111799938723,2480.0086652098084
55.94558512730161,-3.192212857286652,NW,55.94579725933597,-3.1924249893210077,2533.4111799938723,2478.7586652098084
55.94579725933597,-3.1924249893210077,SE,55.94558512730161,-3.192212857286652,2533.4111799938723,2477.5086652098084
55.94558512730161,-3.192212857286652,NW,55.94579725933597,-3.1924249893210077,2533.4111799938723,2476.2586652098084
55.94579725933597,-3.1924249893210077,SE,55.94558512730161,-3.192212857286652,2533.4111799938723,2475.0086652098084
55.94558512730161,-3.192212857286652,NW,55.94579725933597,-3.1924249893210077,2533.4111799938723,2473.7586652098084
55.94579725933597,-3.1924249893210077,SE,55.94558512730161,-3.192212857286652,2533.4111799938723,2472.5086652098084
55.94558512730161,-3.192212857286652,NW,55.94579725933597,-3.1924249893210077,2533.4111799938723,2471.2586652098084
55.94579725933597,-3.1924249893210077,SE,55.94558512730161,-3.192212857286652,2533.4111799938723,2470.0086652098084
55.94558512730161,-3.192212857286652,NW,55.94579725933597,-3.1924249893210077,2533.4111799938723,2468.7586652098084
55.94579725933597,-3.1924249893210077,SE,55.94558512730161,-3.192212857286652,2533.4111799938723,2467.5086652098084
55.94558512730161,-3.192212857286652,NW,55.94579725933597,-3.1924249893210077,2533.4111799938723,2466.2586652098084
55.94579725933597,-3.1924249893210077,SE,55.94558512730161,-3.192212857286652,2533.4111799938723,2465.0086652098084
55.94558512730161,-3.192212857286652,NW,55.94579725933597,-3.1924249893210077,2533.4111799938723,2463.7586652098084
55.94579725933597,-3.1924249893210077,SE,55.94558512730161,-3.192212857286652,2533.4111799938723,2462.5086652098084
55.94558512730161,-3.192212857286652,NW,55.94579725933597,-3.1924249893210077,2533.4111799938723,2461.2586652098084
55.94579725933597,-3.1924249893210077,SE,55.94558512730161,-3.192212857286652,2533.4111799938723,2460.0086652098084
55.94558512730161,-3.192212857286652,NW,55.94579725933597,-3.1924249893210077,2533.4111799938723,2458.7586652098084
55.94579725933597,-3.1924249893210077,SE,55.94558512730161,-3.192212857286652,2533.4111799938723,2457.5086652098084
55.94558512730161,-3.192212857286652,NW,55.94579725933597,-3.1924249893210077,2533.4111799938723,2456.2586652098084
55.94579725933597,-3.1924249893210077,SE,55.94558512730161,-3.192212857286652,2533.4111799938723,2455.0086652098084
55.94558512730161,-3.192212857286652,NW,55.94579725933597,-3.1924249893210077,2533.4111799938723,2453.7586652098084
55.94579725933597,-3.1924249893210077,SE,55.94558512730161,-3.192212857286652,2533.4111799938723,2452.5086652098084
55.94558512730161,-3.192212857286652,NW,55.94579725933597,-3.1924249893210077,2533.4111799938723,2451.2586652098084
55.94579725933597,-3.1924249893210077,SE,55.94558512730161,-3.192212857286652,2533.4111799938723,2450.0086652098084
55.94558512730161,-3.192212857286652,NW,55.94579725933597,-3.1924249893210077,2533.4111799938723,2448.7586652098084
55.94579725933597,-3.1924249893210077,SE,55.94558512730161,-3.192212857286652,2533.4111799938723,2447.5086652098084
55.94558512730161,-3.192212857286652,NW,55.94579725933597,-3.1924249893210077,2533.4111799938723,2446.2586652098084
55.94579725933597,-3.1924249893210077,SE,55.94558512730161,-3.192212857286652,2533.4111799938723,2445.0086652098084
55.94558512730161,-3.192212857286652,NW,55.94579725933597,-3.1924249893210077,2533.4111799938723,2443.7586652098084
55.94579725933597,-3.1924249893210077,SE,55.94558512730161,-3.192212857286652,2533.4111799938723,2442.5086652098084
55.94558512730161,-3.192212857286652,NW,55.94579725933597,-3.1924249893210077,2533.4111799938723,2441.2586652098084
55.94579725933597,-3.1924249893210077,SE,55.94558512730161,-3.192212857286652,2533.4111799938723,2440.0086652098084
55.94558512730161,-3.192212857286652,NW,55.94579725933597,-3.1924249893210077,2533.4111799938723,2438.7586652098084
55.94579725933597,-3.1924249893210077,SE,55.94558512730161,-3.192212857286652,2533.4111799938723,2437.5086652098084
55.94558512730161,-3.192212857286652,NW,55.94579725933597,-3.1924249893210077,2533.4111799938723,2436.2586652098084
55.94579725933597,-3.1924249893210077,SE,55.94558512730161,-3.192212857286652,2533.4111799938723,2435.0086652098084
55.94558512730161,-3.192212857286652,NW,55.94579725933597,-3.1924249893210077,2533.4111799938723,2433.7586652098084
55.94579725933597,-3.1924249893210077,SE,55.94558512730161,-3.192212857286652,2533.4111799938723,2432.5086652098084
55.94558512730161,-3.192212857286652,NW,55.94579725933597,-3.1924249893210077,2533.4111799938723,2431.2586652098084
55.94579725933597,-3.1924249893210077,SE,55.94558512730161,-3.192212857286652,2533.4111799938723,2430.0086652098084
55.94558512730161,-3.192212857286652,NW,55.94579725933597,-3.1924249893210077,2533.4111799938723,2428.7586652098084
55.94579725933597,-3.1924249893210077,SE,55.94558512730161,-3.192212857286652,2533.4111799938723,2427.5086652098084
55.94558512730161,-3.192212857286652,NW,55.94579725933597,-3.1924249893210077,2533.4111799938723,2426.2586652098084
55.94579725933597,-3.1924249893210077,SE,55.94558512730161,-3.192212857286652,2533.4111799938723,2425.0086652098084
55.94558512730161,-3.192212857286652,NW,55.94579725933597,-3.1924249893210077,2533.4111799938723,2423.7586652098084
55.94579725933597,-3.1924249893210077,SE,55.94558512730161,-3.192212857286652,2533.4111799938723,2422.5086652098084
55.94558512730161,-3.192212857286652,NW,55.94579725933597,-3.1924249893210077,2533.4111799938723,2421.2586652098084
55.94579725933597,-3.1924249893210077,SE,55.94558512730161,-3.192212857286652,2533.4111799938723,2420.0086652098084
55.94558512730161,-3.192212857286652,NW,55.94579725933597,-3.1924249893210077,2533.4111799938723,2418.7586652098084
55.94579725933597,-3.1924249893210077,SE,55.94558512730161,-3.192212857286652,2533.4111799938723,2417.5086652098084
55.94558512730161,-3.192212857286652,NW,55.94579725933597,-3.1924249893210077,2533.4111799938723,2416.2586652098084
55.94579725933597,-3.1924249893210077,SE,55.94558512730161,-3.192212857286652,2533.4111799938723,2415.0086652098084
55.94558512730161,-3.192212857286652,NW,55.94579725933597,-3.1924249893210077,2533.4111799938723,2413.7586652098084
55.94579725933597,-3.1924249893210077,SE,55.94558512730161,-3.192212857286652,2533.4111799938723,2412.5086652098084
55.94558512730161,-3.192212857286652,NW,55.94579725933597,-3.1924249893210077,2533.4111799938723,2411.2586652098084
55.94579725933597,-3.1924249893210077,SE,55.94558512730161,-3.192212857286652,2533.4111799938723,2410.0086652098084
55.94558512730161,-3.192212857286652,NW,55.94579725933597,-3.1924249893210077,2533.4111799938723,2408.7586652098084
55.94579725933597,-3.1924249893210077,SE,55.94558512730161,-3.192212857286652,2533.4111799938723,2407.5086652098084
55.94558512730161,-3.192212857286652,NW,55.94579725933597,-3.1924249893210077,2533.4111799938723,2406.2586652098084
55.94579725933597,-3.1924249893210077,SE,55.94558512730161,-3.192212857286652,2533.4111799938723,2405.0086652098084
55.94558512730161,-3.192212857286652,NW,55.94579725933597,-3.1924249893210077,2533.4111799938723,2403.7586652098084
55.94579725933597,-3.1924249893210077,SE,55.94558512730161,-3.192212857286652,2533.4111799938723,2402.5086652098084
55.94558512730161,-3.192212857286652,NW,55.94579725933597,-3.1924249893210077,2533.4111799938723,2401.2586652098084
55.94579725933597,-3.1924249893210077,SE,55.94558512730161,-3.192212857286652,2533.4111799938723,2400.0086652098084
55.94558512730161,-3.192212857286652,NW,55.94579725933597,-3.1924249893210077,2533.4111799938723,2398.7586652098084
55.94579725933597,-3.1924249893210077,SE,55.94558512730161,-3.192212857286652,2533.4111799938723,2397.5086652098084
55.94558512730161,-3.192212857286652,NW,55.94579725933597,-3.1924249893210077,2533.4111799938723,2396.2586652098084
55.94579725933597,-3.1924249893210077,SE,55.94558512730161,-3.192212857286652,2533.4111799938723,2395.0086652098084
55.94558512730161,-3.192212857286652,NW,55.94579725933597,-3.1924249893210077,2533.4111799938723,2393.7586652098084
55.94579725933597,-3.1924249893210077,SE,55.94558512730161,-3.192212857286652,2533.4111799938723,2392.5086652098084
55.94558512730161,-3.192212857286652,NW,55.94579725933597,-3.1924249893210077,2533.4111799938723,2391.2586652098084
55.94579725933597,-3.1924249893210077,SE,55.94558512730161,-3.192212857286652,2533.4111799938723,2390.0086652098084
55.94558512730161,-3.192212857286652,NW,55.94579725933597,-3.1924249893210077,2533.4111799938723,2388.7586652098084
55.94579725933597,-3.1924249893210077,SE,55.94558512730161,-3.192212857286652,2533.4111799938723,2387.5086652098084
55.94558512730161,-3.192212857286652,NW,55.94579725933597,-3.1924249893210077,2533.4111799938723,2386.2586652098084
55.94579725933597,-3.1924249893210077,SE,55.94558512730161,-3.192212857286652,2533.4111799938723,2385.0086652098084
55.94558512730161,-3.192212857286652,NW,55.94579725933597,-3.1924249893210077,2533.4111799938723,2383.7586652098084
55.94579725933597,-3.1924249893210077,SE,55.94558512730161,-3.192212857286652,2533.4111799938723,2382.5086652098084
55.94558512730161,-3.192212857286652,NW,55.94579725933597,-3.1924249893210077,2533.4111799938723,2381.2586652098084
55.94579725933597,-3.1924249893210077,SE,55.94558512730161,-3.192212857286652,2533.4111799938723,2380.0086652098084
55.94558512730161,-3.192212857286652,NW,55.94579725933597,-3.1924249893210077,2533.4111799938723,2378.7586652098084
55.94579725933597,-3.1924249893210077,SE,55.94558512730161,-3.192212857286652,2533.4111799938723,2377.5086652098084
55.94558512730161,-3.192212857286652,NW,55.94579725933597,-3.1924249893210077,2533.4111799938723,2376.2586652098084
55.94579725933597,-3.1924249893210077,SE,55.94558512730161,-3.192212857286652,2533.4111799938723,2375.0086652098084
55.94558512730161,-3.192212857286652,NW,55.94579725933597,-3.1924249893210077,2533.4111799938723,2373.7586652098084
55.94579725933597,-3.1924249893210077,SE,55.94558512730161,-3.192212857286652,2533.4111799938723,2372.5086652098084
55.94558512730161,-3.192212857286652,NW,55.94579725933597,-3.1924249893210077,2533.4111799938723,2371.2586652098084
55.94579725933597,-3.1924249893210077,SE,55.94558512730161,-3.192212857286652,2533.4111799938723,2370.0086652098084
55.94558512730161,-3.192212857286652,NW,55.94579725933597,-3.1924249893210077,2533.4111799938723,2368.7586652098084
55.94579725933597,-3.1924249893210077,SE,55.94558512730161,-3.192212857286652,2533.4111799938723,2367.5086652098084
55.94558512730161,-3.192212857286652,NW,55.94579725933597,-3.1924249893210077,2533.4111799938723,2366.2586652098084
55.94579725933597,-3.1924249893210077,SE,55.94558512730161,-3.192212857286652,2533.4111799938723,2365.0086652098084
55.94558512730161,-3.192212857286652,NW,55.94579725933597,-3.1924249893210077,2533.4111799938723,2363.7586652098084
55.94579725933597,-3.1924249893210077,SE,55.94558512730161,-3.192212857286652,2533.4111799938723,2362.5086652098084
55.94558512730161,-3.192212857286652,NW,55.94579725933597,-3.1924249893210077,2533.4111799938723,2361.2586652098084
55.94579725933597,-3.1924249893210077,SE,55.94558512730161,-3.192212857286652,2533.4111799938723,2360.0086652098084
55.94558512730161,-3.192212857286652,NW,55.94579725933597,-3.1924249893210077,2533.4111799938723,2358.7586652098084
55.94579725933597,-3.1924249893210077,SE,55.94558512730161,-3.192212857286652,2533.4111799938723,2357.5086652098084
55.94558512730161,-3.192212857286652,NW,55.94579725933597,-3.1924249893210077,2533.4111799938723,2356.2586652098084
55.94579725933597,-3.1924249893210077,SE,55.94558512730161,-3.192212857286652,2533.4111799938723,2355.0086652098084
55.94558512730161,-3.192212857286652,NW,55.94579725933597,-3.1924249893210077,2533.4111799938723,2353.7586652098084
55.94579725933597,-3.1924249893210077,SE,55.94558512730161,-3.192212857286652,2533.4111799938723,2352.5086652098084
55.94558512730161,-3.192212857286652,NW,55.94579725933597,-3.1924249893210077,2533.4111799938723,2351.2586652098084
55.94579725933597,-3.1924249893210077,SE,55.94558512730161,-3.192212857286652,2533.4111799938723,2350.0086652098084
55.94558512730161,-3.192212857286652,NW,55.94579725933597,-3.1924249893210077,2533.4111799938723,2348.7586652098084
55.94579725933597,-3.1924249893210077,SE,55.94558512730161,-3.192212857286652,2533.4111799938723,2347.5086652098084
55.94558512730161,-3.192212857286652,NW,55.94579725933597,-3.1924249893210077,2533.4111799938723,2346.2586652098084
55.94579725933597,-3.1924249893210077,SE,55.94558512730161,-3.192212857286652,2533.4111799938723,2345.0086652098084
55.94558512730161,-3.192212857286652,NW,55.94579725933597,-3.1924249893210077,2533.4111799938723,2343.7586652098084
55.94579725933597,-3.1924249893210077,SE,55.94558512730161,-3.192212857286652,2533.4111799938723,2342.5086652098084
55.94558512730161,-3.192212857286652,NW,55.94579725933597,-3.1924249893210077,2533.4111799938723,2341.2586652098084
55.94579725933597,-3.1924249893210077,SE,55.94558512730161,-3.192212857286652,2533.4111799938723,2340.0086652098084
55.94558512730161,-3.192212857286652,NW,55.94579725933597,-3.1924249893210077,2533.4111799938723,2338.7586652098084
55.94579725933597,-3.1924249893210077,SE,55.94558512730161,-3.192212857286652,2533.4111799938723,2337.5086652098084
55.94558512730161,-3.192212857286652,NW,55.94579725933597,-3.1924249893210077,2533.4111799938723,2336.2586652098084
55.94579725933597,-3.1924249893210077,SE,55.94558512730161,-3.192212857286652,2533.4111799938723,2335.0086652098084
55.94558512730161,-3.192212857286652,NW,55.94579725933597,-3.1924249893210077,2533.4111799938723,2333.7586652098084
55.94579725933597,-3.1924249893210077,SE,55.94558512730161,-3.192212857286652,2533.4111799938723,2332.5086652098084
