55.944425,-3.188396,ESE,55.94431019497029,-3.1881188361402466,65.5508743011605,329.6522761544886
55.94431019497029,-3.1881188361402466,SE,55.944098062935936,-3.187906704105891,65.5508743011605,328.4022761544886
55.944098062935936,-3.187906704105891,SE,55.94388593090158,-3.187694572071535,92.00871279675174,365.93543624054485
55.94388593090158,-3.187694572071535,NNE,55.944163094761336,-3.1875797670418256,92.00871279675174,364.68543624054485
55.944163094761336,-3.1875797670418256,NNE,55.94444025862109,-3.187464962012116,151.77816604814944,463.9966234524131
55.94444025862109,-3.187464962012116,ENE,55.9445550636508,-3.1871877981523626,151.77816604814944,462.7466234524131
55.9445550636508,-3.1871877981523626,ENE,55.94466986868051,-3.1869106342926092,151.77816604814944,461.4966234524131
55.94466986868051,-3.1869106342926092,NE,55.94488200071487,-3.1866985022582535,221.2554088899301,510.1114127354144
55.94488200071487,-3.1866985022582535,ENE,55.94499680574458,-3.1864213383985,221.2554088899301,508.8614127354144
55.94499680574458,-3.1864213383985,ENE,55.94511161077429,-3.1861441745387467,232.03746470817677,535.6645687279629
55.94511161077429,-3.1861441745387467,N,55.94541161077429,-3.1861441745387467,337.048076246366,564.4871670172984
55.94541161077429,-3.1861441745387467,E,55.94541161077429,-3.1858441745387465,337.048076246366,563.2371670172984
55.94541161077429,-3.1858441745387465,E,55.94541161077429,-3.1855441745387463,429.3739190826176,645.5020239004034
55.94541161077429,-3.1855441745387463,SSE,55.94513444691454,-3.1854293695090368,520.4312775046756,722.3391389840276
55.94513444691454,-3.1854293695090368,SE,55.94492231488018,-3.185217237474681,520.4312775046756,721.0891389840276
55.94492231488018,-3.185217237474681,SSE,55.944645151020424,-3.1851024324449715,607.5687702096224,749.6967993000471
55.944645151020424,-3.1851024324449715,E,55.944645151020424,-3.1848024324449713,614.573727900445,819.6034343759061
55.944645151020424,-3.1848024324449713,NNE,55.94492231488018,-3.184687627415262,614.573727900445,818.3534343759061
55.94492231488018,-3.184687627415262,NNE,55.94519947873994,-3.1845728223855523,614.573727900445,817.1034343759061
55.94519947873994,-3.1845728223855523,NE,55.94541161077429,-3.1843606903511965,691.0127206333257,825.0154566344
55.94541161077429,-3.1843606903511965,WNW,55.945526415804004,-3.18463785421095,691.0127206333257,823.7654566344
55.945526415804004,-3.18463785421095,NW,55.94573854783836,-3.1848499862453057,691.0127206333257,822.5154566344
55.94573854783836,-3.1848499862453057,WNW,55.94585335286807,-3.185127150105059,691.0127206333257,821.2654566344
55.94585335286807,-3.185127150105059,NW,55.94606548490243,-3.185339282139415,707.6971715567421,898.2199350681789
55.94606548490243,-3.185339282139415,W,55.94606548490243,-3.185639282139415,707.6971715567421,896.9699350681789
55.94606548490243,-3.185639282139415,W,55.94606548490243,-3.1859392821394152,707.6971715567421,895.7199350681789
55.94606548490243,-3.1859392821394152,WSW,55.945950679872716,-3.1862164459991686,707.6971715567421,894.4699350681789
55.945950679872716,-3.1862164459991686,W,55.945950679872716,-3.186516445999169,707.6971715567421,893.2199350681789
55.945950679872716,-3.186516445999169,WSW,55.945835874843006,-3.1867936098589222,755.2486245600242,935.3344653610139
55.945835874843006,-3.1867936098589222,SSE,55.94555871098325,-3.1866788048292127,755.2486245600242,934.0844653610139
55.94555871098325,-3.1866788048292127,SSE,55.94528154712349,-3.186563999799503,755.2486245600242,932.8344653610139
55.94528154712349,-3.186563999799503,SSE,55.945004383263736,-3.1864491947697937,755.2486245600242,931.5844653610139
55.945004383263736,-3.1864491947697937,SE,55.94479225122938,-3.186237062735438,755.2486245600242,930.3344653610139
55.94479225122938,-3.186237062735438,SSE,55.94451508736962,-3.1861222577057284,864.3683406864708,1017.1200290708084
55.94451508736962,-3.1861222577057284,SSW,55.94423792350987,-3.186237062735438,864.3683406864708,1015.8700290708084
55.94423792350987,-3.186237062735438,SSW,55.94396075965011,-3.1863518677651474,944.2985623314963,1028.7251812065692
55.94396075965011,-3.1863518677651474,ESE,55.9438459546204,-3.186074703905394,944.2985623314963,1027.4751812065692
55.9438459546204,-3.186074703905394,E,55.9438459546204,-3.185774703905394,1036.2504488669028,1090.1169956662936
55.9438459546204,-3.185774703905394,SW,55.943633822586044,-3.1859868359397496,1036.2504488669028,1088.8669956662936
55.943633822586044,-3.1859868359397496,SW,55.94342169055169,-3.1861989679741054,1036.2504488669028,1087.6169956662936
55.94342169055169,-3.1861989679741054,SW,55.94320955851733,-3.186411100008461,1036.2504488669028,1086.3669956662936
55.94320955851733,-3.186411100008461,SW,55.942997426482975,-3.186623232042817,1036.2504488669028,1085.1169956662936
55.942997426482975,-3.186623232042817,SW,55.94278529444862,-3.1868353640771727,1099.0333983709193,1138.6431500707201
55.94278529444862,-3.1868353640771727,W,55.94278529444862,-3.187135364077173,1099.0333983709193,1137.3931500707201
55.94278529444862,-3.187135364077173,WSW,55.94267048941891,-3.1874125279369263,1150.7606389137868,1167.9405418432211
55.94267048941891,-3.1874125279369263,W,55.94267048941891,-3.1877125279369265,1150.7606389137868,1166.6905418432211
55.94267048941891,-3.1877125279369265,WNW,55.94278529444862,-3.18798969179668,1150.7606389137868,1165.4405418432211
55.94278529444862,-3.18798969179668,W,55.94278529444862,-3.18828969179668,1150.7606389137868,1164.1905418432211
55.94278529444862,-3.18828969179668,WNW,55.94290009947833,-3.1885668556564335,1231.0420644193723,1179.8006100031098
55.94290009947833,-3.1885668556564335,NNW,55.943177263338086,-3.188681660686143,1231.0420644193723,1178.5506100031098
55.943177263338086,-3.188681660686143,WSW,55.943062458308376,-3.1889588245458964,1231.0420644193723,1177.3006100031098
55.943062458308376,-3.1889588245458964,WSW,55.942947653278665,-3.18923598840565,1237.4094827292727,1213.6874501180605
55.942947653278665,-3.18923598840565,WNW,55.943062458308376,-3.189513152265403,1257.3928713133953,1233.0749654419549
55.943062458308376,-3.189513152265403,N,55.94336245830838,-3.189513152265403,1257.3928713133953,1231.8249654419549
55.94336245830838,-3.189513152265403,N,55.94366245830838,-3.189513152265403,1257.3928713133953,1230.5749654419549
55.94366245830838,-3.189513152265403,NNE,55.94393962216814,-3.1893983472356937,1257.3928713133953,1229.3249654419549
55.94393962216814,-3.1893983472356937,N,55.94423962216814,-3.1893983472356937,1346.3075213935554,1248.6049781241306
55.94423962216814,-3.1893983472356937,NNE,55.9445167860279,-3.189283542205984,1346.3075213935554,1247.3549781241306
55.9445167860279,-3.189283542205984,NE,55.94472891806225,-3.1890714101716284,1440.0581416685031,1263.641526700089
55.94472891806225,-3.1890714101716284,NW,55.94494105009661,-3.189283542205984,1474.3199163671002,1348.8155727040985
55.94494105009661,-3.189283542205984,W,55.94494105009661,-3.1895835422059844,1474.3199163671002,1347.5655727040985
55.94494105009661,-3.1895835422059844,WNW,55.94505585512632,-3.189860706065738,1508.9602638907384,1441.7298002017164
55.94505585512632,-3.189860706065738,W,55.94505585512632,-3.190160706065738,1508.9602638907384,1440.4798002017164
55.94505585512632,-3.190160706065738,W,55.94505585512632,-3.190460706065738,1570.2709590774607,1468.58100129994
55.94505585512632,-3.190460706065738,SSW,55.94477869126656,-3.1905755110954477,1570.2709590774607,1467.33100129994
55.94477869126656,-3.1905755110954477,SSE,55.94450152740681,-3.190460706065738,1646.0998679951717,1499.5735549163571
55.94450152740681,-3.190460706065738,SSW,55.94422436354705,-3.1905755110954477,1750.7626262213134,1606.2258221483237
55.94422436354705,-3.1905755110954477,ENE,55.94433916857676,-3.1902983472356943,1863.6913533911973,1712.631596915727
55.94433916857676,-3.1902983472356943,S,55.94403916857676,-3.1902983472356943,1869.5240899946066,1795.7588598447107
55.94403916857676,-3.1902983472356943,WSW,55.94392436354705,-3.1905755110954477,1869.5240899946066,1794.5088598447107
55.94392436354705,-3.1905755110954477,SW,55.94371223151269,-3.1907876431298035,1994.1070631492628,1867.2728984447876
55.94371223151269,-3.1907876431298035,SSW,55.943435067652935,-3.190902448159513,2075.1437677159893,1921.864501232736
55.943435067652935,-3.190902448159513,W,55.943435067652935,-3.191202448159513,2075.1437677159893,1920.614501232736
55.943435067652935,-3.191202448159513,WSW,55.943320262623224,-3.1914796120192666,2132.812041985666,1968.6501136637557
55.943320262623224,-3.1914796120192666,NW,55.94353239465758,-3.1916917440536223,2132.812041985666,1967.4001136637557
55.94353239465758,-3.1916917440536223,WNW,55.94364719968729,-3.1919689079133757,2170.2368366188707,2049.852582694201
55.94364719968729,-3.1919689079133757,SW,55.943435067652935,-3.1921810399477315,2176.2019757320395,2069.4473013031047
55.943435067652935,-3.1921810399477315,S,55.94313506765293,-3.1921810399477315,2209.415301601599,2186.6971007935663
55.94313506765293,-3.1921810399477315,SW,55.942922935618576,-3.1923931719820873,2276.0267952686727,2270.330956198041
55.942922935618576,-3.1923931719820873,N,55.94322293561858,-3.1923931719820873,2276.0267952686727,2269.080956198041
55.94322293561858,-3.1923931719820873,N,55.94352293561858,-3.1923931719820873,2276.0267952686727,2267.830956198041
55.94352293561858,-3.1923931719820873,NNE,55.94380009947834,-3.1922783669523778,2276.0267952686727,2266.580956198041
55.94380009947834,-3.1922783669523778,N,55.94410009947834,-3.1922783669523778,2276.0267952686727,2265.330956198041
55.94410009947834,-3.1922783669523778,NNE,55.9443772633381,-3.1921635619226683,2276.0267952686727,2264.080956198041
55.9443772633381,-3.1921635619226683,N,55.9446772633381,-3.1921635619226683,2276.0267952686727,2262.830956198041
55.9446772633381,-3.1921635619226683,NNE,55.94495442719786,-3.1920487568929587,2276.0267952686727,2261.580956198041
55.94495442719786,-3.1920487568929587,N,55.94525442719786,-3.1920487568929587,2335.182848889344,2294.9344229890016
55.94525442719786,-3.1920487568929587,NE,55.945466559232216,-3.191836624858603,2335.182848889344,2293.6844229890016
55.945466559232216,-3.191836624858603,NE,55.94567869126657,-3.191624492824247,2335.182848889344,2292.4344229890016
55.94567869126657,-3.191624492824247,ENE,55.94579349629628,-3.191347328964494,2335.182848889344,2291.1844229890016
55.94579349629628,-3.191347328964494,NE,55.94600562833064,-3.191135196930138,2375.3135241517184,2386.7285568103966
55.94600562833064,-3.191135196930138,SW,55.94579349629628,-3.191347328964494,2375.3135241517184,2385.4785568103966
55.94579349629628,-3.191347328964494,NE,55.94600562833064,-3.191135196930138,2375.3135241517184,2384.2285568103966
55.94600562833064,-3.191135196930138,SW,55.94579349629628,-3.191347328964494,2375.3135241517184,2382.9785568103966
55.94579349629628,-3.191347328964494,NE,55.94600562833064,-3.191135196930138,2375.3135241517184,2381.7285568103966
55.94600562833064,-3.191135196930138,SW,55.94579349629628,-3.191347328964494,2375.3135241517184,2380.4785568103966
55.94579349629628,-3.191347328964494,NE,55.94600562833064,-3.191135196930138,2375.3135241517184,2379.2285568103966
55.94600562833064,-3.191135196930138,SW,55.94579349629628,-3.191347328964494,2375.3135241517184,2377.9785568103966
55.94579349629628,-3.191347328964494,NE,55.94600562833064,-3.191135196930138,2375.3135241517184,2376.7285568103966
55.94600562833064,-3.191135196930138,SW,55.94579349629628,-3.191347328964494,2375.3135241517184,2375.4785568103966
55.94579349629628,-3.191347328964494,NE,55.94600562833064,-3.191135196930138,2375.3135241517184,2374.2285568103966
55.94600562833064,-3.191135196930138,SW,55.94579349629628,-3.191347328964494,2375.3135241517184,2372.9785568103966
55.94579349629628,-3.191347328964494,NE,55.94600562833064,-3.191135196930138,2375.3135241517184,2371.7285568103966
55.94600562833064,-3.191135196930138,SW,55.94579349629628,-3.191347328964494,2375.3135241517184,2370.4785568103966
55.94579349629628,-3.191347328964494,NE,55.94600562833064,-3.191135196930138,2375.3135241517184,2369.2285568103966
55.94600562833064,-3.191135196930138,SW,55.94579349629628,-3.191347328964494,2375.3135241517184,2367.9785568103966
55.94579349629628,-3.191347328964494,NE,55.94600562833064,-3.191135196930138,2375.3135241517184,2366.7285568103966
55.94600562833064,-3.191135196930138,SW,55.94579349629628,-3.191347328964494,2375.3135241517184,2365.4785568103966
55.94579349629628,-3.191347328964494,NE,55.94600562833064,-3.191135196930138,2375.3135241517184,2364.2285568103966
55.94600562833064,-3.191135196930138,SW,55.94579349629628,-3.191347328964494,2375.3135241517184,2362.9785568103966
55.94579349629628,-3.191347328964494,NE,55.94600562833064,-3.191135196930138,2375.3135241517184,2361.7285568103966
55.94600562833064,-3.191135196930138,SW,55.94579349629628,-3.191347328964494,2375.3135241517184,2360.4785568103966
55.94579349629628,-3.191347328964494,NE,55.94600562833064,-3.191135196930138,2375.3135241517184,2359.2285568103966
55.94600562833064,-3.191135196930138,SW,55.94579349629628,-3.191347328964494,2375.3135241517184,2357.9785568103966
55.94579349629628,-3.191347328964494,NE,55.94600562833064,-3.191135196930138,2375.3135241517184,2356.7285568103966
55.94600562833064,-3.191135196930138,SW,55.94579349629628,-3.191347328964494,2375.3135241517184,2355.4785568103966
55.94579349629628,-3.191347328964494,NE,55.94600562833064,-3.191135196930138,2375.3135241517184,2354.2285568103966
55.94600562833064,-3.191135196930138,SW,55.94579349629628,-3.191347328964494,2375.3135241517184,2352.9785568103966
55.94579349629628,-3.191347328964494,NE,55.94600562833064,-3.191135196930138,2375.3135241517184,2351.7285568103966
55.94600562833064,-3.191135196930138,SW,55.94579349629628,-3.191347328964494,2375.3135241517184,2350.4785568103966
55.94579349629628,-3.191347328964494,NE,55.94600562833064,-3.191135196930138,2375.3135241517184,2349.2285568103966
55.94600562833064,-3.191135196930138,SW,55.94579349629628,-3.191347328964494,2375.3135241517184,2347.9785568103966
55.94579349629628,-3.191347328964494,NE,55.94600562833064,-3.191135196930138,2375.3135241517184,2346.7285568103966
55.94600562833064,-3.191135196930138,SW,55.94579349629628,-3.191347328964494,2375.3135241517184,2345.4785568103966
55.94579349629628,-3.191347328964494,NE,55.94600562833064,-3.191135196930138,2375.3135241517184,2344.2285568103966
55.94600562833064,-3.191135196930138,SW,55.94579349629628,-3.191347328964494,2375.3135241517184,2342.9785568103966
55.94579349629628,-3.191347328964494,NE,55.94600562833064,-3.191135196930138,2375.3135241517184,2341.7285568103966
55.94600562833064,-3.191135196930138,SW,55.94579349629628,-3.191347328964494,2375.3135241517184,2340.4785568103966
55.94579349629628,-3.191347328964494,NE,55.94600562833064,-3.191135196930138,2375.3135241517184,2339.2285568103966
55.94600562833064,-3.191135196930138,SW,55.94579349629628,-3.191347328964494,2375.3135241517184,2337.9785568103966
55.94579349629628,-3.191347328964494,NE,55.94600562833064,-3.191135196930138,2375.3135241517184,2336.7285568103966
55.94600562833064,-3.191135196930138,SW,55.94579349629628,-3.191347328964494,2375.3135241517184,2335.4785568103966
55.94579349629628,-3.191347328964494,NE,55.94600562833064,-3.191135196930138,2375.3135241517184,2334.2285568103966
55.94600562833064,-3.191135196930138,SW,55.94579349629628,-3.191347328964494,2375.3135241517184,2332.9785568103966
55.94579349629628,-3.191347328964494,NE,55.94600562833064,-3.191135196930138,2375.3135241517184,2331.7285568103966
55.94600562833064,-3.191135196930138,SW,55.94579349629628,-3.191347328964494,2375.3135241517184,2330.4785568103966
55.94579349629628,-3.191347328964494,NE,55.94600562833064,-3.191135196930138,2375.3135241517184,2329.2285568103966
55.94600562833064,-3.191135196930138,SW,55.94579349629628,-3.191347328964494,2375.3135241517184,2327.9785568103966
55.94579349629628,-3.191347328964494,NE,55.94600562833064,-3.191135196930138,2375.3135241517184,2326.7285568103966
55.94600562833064,-3.191135196930138,SW,55.94579349629628,-3.191347328964494,2375.3135241517184,2325.4785568103966
55.94579349629628,-3.191347328964494,NE,55.94600562833064,-3.191135196930138,2375.3135241517184,2324.2285568103966
55.94600562833064,-3.191135196930138,SW,55.94579349629628,-3.191347328964494,2375.3135241517184,2322.9785568103966
55.94579349629628,-3.191347328964494,NE,55.94600562833064,-3.191135196930138,2375.3135241517184,2321.7285568103966
55.94600562833064,-3.191135196930138,SW,55.94579349629628,-3.191347328964494,2375.3135241517184,2320.4785568103966
55.94579349629628,-3.191347328964494,NE,55.94600562833064,-3.191135196930138,2375.3135241517184,2319.2285568103966
55.94600562833064,-3.191135196930138,SW,55.94579349629628,-3.191347328964494,2375.3135241517184,2317.9785568103966
55.94579349629628,-3.191347328964494,NE,55.94600562833064,-3.191135196930138,2375.3135241517184,2316.7285568103966
55.94600562833064,-3.191135196930138,SW,55.94579349629628,-3.191347328964494,2375.3135241517184,2315.4785568103966
55.94579349629628,-3.191347328964494,NE,55.94600562833064,-3.191135196930138,2375.3135241517184,2314.2285568103966
55.94600562833064,-3.191135196930138,SW,55.94579349629628,-3.191347328964494,2375.3135241517184,2312.9785568103966
55.94579349629628,-3.191347328964494,NE,55.94600562833064,-3.191135196930138,2375.3135241517184,2311.7285568103966
55.94600562833064,-3.191135196930138,SW,55.94579349629628,-3.191347328964494,2375.3135241517184,2310.4785568103966
55.94579349629628,-3.191347328964494,NE,55.94600562833064,-3.191135196930138,2375.3135241517184,2309.2285568103966
55.94600562833064,-3.191135196930138,SW,55.94579349629628,-3.191347328964494,2375.3135241517184,2307.9785568103966
55.94579349629628,-3.191347328964494,NE,55.94600562833064,-3.191135196930138,2375.3135241517184,2306.7285568103966
55.94600562833064,-3.191135196930138,SW,55.94579349629628,-3.191347328964494,2375.3135241517184,2305.4785568103966
55.94579349629628,-3.191347328964494,NE,55.94600562833064,-3.191135196930138,2375.3135241517184,2304.2285568103966
55.94600562833064,-3.191135196930138,SW,55.94579349629628,-3.191347328964494,2375.3135241517184,2302.9785568103966
55.94579349629628,-3.191347328964494,NE,55.94600562833064,-3.191135196930138,2375.3135241517184,2301.7285568103966
55.94600562833064,-3.191135196930138,SW,55.94579349629628,-3.191347328964494,2375.3135241517184,2300.4785568103966
55.94579349629628,-3.191347328964494,NE,55.94600562833064,-3.191135196930138,2375.3135241517184,2299.2285568103966
55.94600562833064,-3.191135196930138,SW,55.94579349629628,-3.191347328964494,2375.3135241517184,2297.9785568103966
55.94579349629628,-3.191347328964494,NE,55.94600562833064,-3.191135196930138,2375.3135241517184,2296.7285568103966
55.94600562833064,-3.191135196930138,SW,55.94579349629628,-3.191347328964494,2375.3135241517184,2295.4785568103966
55.94579349629628,-3.191347328964494,NE,55.94600562833064,-3.191135196930138,2375.3135241517184,2294.2285568103966
55.94600562833064,-3.191135196930138,SW,55.94579349629628,-3.191347328964494,2375.3135241517184,2292.9785568103966
55.94579349629628,-3.191347328964494,NE,55.94600562833064,-3.191135196930138,2375.3135241517184,2291.7285568103966
55.94600562833064,-3.191135196930138,SW,55.94579349629628,-3.191347328964494,2375.3135241517184,2290.4785568103966
55.94579349629628,-3.191347328964494,NE,55.94600562833064,-3.191135196930138,2375.3135241517184,2289.2285568103966
55.94600562833064,-3.191135196930138,SW,55.94579349629628,-3.191347328964494,2375.3135241517184,2287.9785568103966
55.94579349629628,-3.191347328964494,NE,55.94600562833064,-3.191135196930138,2375.3135241517184,2286.7285568103966
55.94600562833064,-3.191135196930138,SW,55.94579349629628,-3.191347328964494,2375.3135241517184,2285.4785568103966
55.94579349629628,-3.191347328964494,NE,55.94600562833064,-3.191135196930138,2375.3135241517184,2284.2285568103966
55.94600562833064,-3.191135196930138,SW,55.94579349629628,-3.191347328964494,2375.3135241517184,2282.9785568103966
55.94579349629628,-3.191347328964494,NE,55.94600562833064,-3.191135196930138,2375.3135241517184,2281.7285568103966
55.94600562833064,-3.191135196930138,SW,55.94579349629628,-3.191347328964494,2375.3135241517184,2280.4785568103966
55.94579349629628,-3.191347328964494,NE,55.94600562833064,-3.191135196930138,2375.3135241517184,2279.2285568103966
55.94600562833064,-3.191135196930138,SW,55.94579349629628,-3.191347328964494,2375.3135241517184,2277.9785568103966
55.94579349629628,-3.191347328964494,NE,55.94600562833064,-3.191135196930138,2375.3135241517184,2276.7285568103966
55.94600562833064,-3.191135196930138,SW,55.94579349629628,-3.191347328964494,2375.3135241517184,2275.4785568103966
55.94579349629628,-3.191347328964494,NE,55.94600562833064,-3.191135196930138,2375.3135241517184,2274.2285568103966
55.94600562833064,-3.191135196930138,SW,55.94579349629628,-3.191347328964494,2375.3135241517184,2272.9785568103966
55.94579349629628,-3.191347328964494,NE,55.94600562833064,-3.191135196930138,2375.3135241517184,2271.7285568103966
55.94600562833064,-3.191135196930138,SW,55.94579349629628,-3.191347328964494,2375.3135241517184,2270.4785568103966
55.94579349629628,-3.191347328964494,NE,55.94600562833064,-3.191135196930138,2375.3135241517184,2269.2285568103966
55.94600562833064,-3.191135196930138,SW,55.94579349629628,-3.191347328964494,2375.3135241517184,2267.9785568103966
55.94579349629628,-3.191347328964494,NE,55.94600562833064,-3.191135196930138,2375.3135241517184,2266.7285568103966
55.94600562833064,-3.191135196930138,SW,55.94579349629628,-3.191347328964494,2375.3135241517184,2265.4785568103966
55.94579349629628,-3.191347328964494,NE,55.94600562833064,-3.191135196930138,2375.3135241517184,2264.2285568103966
55.94600562833064,-3.191135196930138,SW,55.94579349629628,-3.191347328964494,2375.3135241517184,2262.9785568103966
55.94579349629628,-3.191347328964494,NE,55.94600562833064,-3.191135196930138,2375.3135241517184,2261.7285568103966
55.94600562833064,-3.191135196930138,SW,55.94579349629628,-3.191347328964494,2375.3135241517184,2260.4785568103966
55.94579349629628,-3.191347328964494,NE,55.94600562833064,-3.191135196930138,2375.3135241517184,2259.2285568103966
55.94600562833064,-3.191135196930138,SW,55.94579349629628,-3.191347328964494,2375.3135241517184,2257.9785568103966
55.94579349629628,-3.191347328964494,NE,55.94600562833064,-3.191135196930138,2375.3135241517184,2256.7285568103966
55.94600562833064,-3.191135196930138,SW,55.94579349629628,-3.191347328964494,2375.3135241517184,2255.4785568103966
55.94579349629628,-3.191347328964494,NE,55.94600562833064,-3.191135196930138,2375.3135241517184,2254.2285568103966
55.94600562833064,-3.191135196930138,SW,55.94579349629628,-3.191347328964494,2375.3135241517184,2252.9785568103966
55.94579349629628,-3.191347328964494,NE,55.94600562833064,-3.191135196930138,2375.3135241517184,2251.7285568103966
55.94600562833064,-3.191135196930138,SW,55.94579349629628,-3.191347328964494,2375.3135241517184,2250.4785568103966
55.94579349629628,-3.191347328964494,NE,55.94600562833064,-3.191135196930138,2375.3135241517184,2249.2285568103966
55.94600562833064,-3.191135196930138,SW,55.94579349629628,-3.191347328964494,2375.3135241517184,2247.9785568103966
55.94579349629628,-3.191347328964494,NE,55.94600562833064,-3.191135196930138,2375.3135241517184,2246.7285568103966
55.94600562833064,-3.191135196930138,SW,55.94579349629628,-3.191347328964494,2375.3135241517184,2245.4785568103966
55.94579349629628,-3.191347328964494,NE,55.94600562833064,-3.191135196930138,2375.3135241517184,2244.2285568103966
55.94600562833064,-3.191135196930138,SW,55.94579349629628,-3.191347328964494,2375.3135241517184,2242.9785568103966
55.94579349629628,-3.191347328964494,NE,55.94600562833064,-3.191135196930138,2375.3135241517184,2241.7285568103966
55.94600562833064,-3.191135196930138,SW,55.94579349629628,-3.191347328964494,2375.3135241517184,2240.4785568103966
55.94579349629628,-3.191347328964494,NE,55.94600562833064,-3.191135196930138,2375.3135241517184,2239.2285568103966
55.94600562833064,-3.191135196930138,SW,55.94579349629628,-3.191347328964494,2375.3135241517184,2237.9785568103966
55.94579349629628,-3.191347328964494,NE,55.94600562833064,-3.191135196930138,2375.3135241517184,2236.7285568103966
55.94600562833064,-3.191135196930138,SW,55.94579349629628,-3.191347328964494,2375.3135241517184,2235.4785568103966
55.94579349629628,-3.191347328964494,NE,55.94600562833064,-3.191135196930138,2375.3135241517184,2234.2285568103966
55.94600562833064,-3.191135196930138,SW,55.94579349629628,-3.191347328964494,2375.3135241517184,2232.9785568103966
55.94579349629628,-3.191347328964494,NE,55.94600562833064,-3.191135196930138,2375.3135241517184,2231.7285568103966
55.94600562833064,-3.191135196930138,SW,55.94579349629628,-3.191347328964494,2375.3135241517184,2230.4785568103966
55.94579349629628,-3.191347328964494,NE,55.94600562833064,-3.191135196930138,2375.3135241517184,2229.2285568103966
55.94600562833064,-3.191135196930138,SW,55.94579349629628,-3.191347328964494,2375.3135241517184,2227.9785568103966
55.94579349629628,-3.191347328964494,NE,55.94600562833064,-3.191135196930138,2375.3135241517184,2226.7285568103966
55.94600562833064,-3.191135196930138,SW,55.94579349629628,-3.191347328964494,2375.3135241517184,2225.4785568103966
55.94579349629628,-3.191347328964494,NE,55.94600562833064,-3.191135196930138,2375.3135241517184,2224.2285568103966
55.94600562833064,-3.191135196930138,SW,55.94579349629628,-3.191347328964494,2375.3135241517184,2222.9785568103966
55.94579349629628,-3.191347328964494,NE,55.94600562833064,-3.191135196930138,2375.3135241517184,2221.7285568103966
55.94600562833064,-3.191135196930138,SW,55.94579349629628,-3.191347328964494,2375.3135241517184,2220.4785568103966
55.94579349629628,-3.191347328964494,NE,55.94600562833064,-3.191135196930138,2375.3135241517184,2219.2285568103966
55.94600562833064,-3.191135196930138,SW,55.94579349629628,-3.191347328964494,2375.3135241517184,2217.9785568103966
55.94579349629628,-3.191347328964494,NE,55.94600562833064,-3.191135196930138,2375.3135241517184,2216.7285568103966
55.94600562833064,-3.191135196930138,SW,55.94579349629628,-3.191347328964494,2375.3135241517184,2215.4785568103966
55.94579349629628,-3.191347328964494,NE,55.94600562833064,-3.191135196930138,2375.3135241517184,2214.2285568103966
55.94600562833064,-3.191135196930138,SW,55.94579349629628,-3.191347328964494,2375.3135241517184,2212.9785568103966
55.94579349629628,-3.191347328964494,NE,55.94600562833064,-3.191135196930138,2375.3135241517184,2211.7285568103966
55.94600562833064,-3.191135196930138,SW,55.94579349629628,-3.191347328964494,2375.3135241517184,2210.4785568103966
55.94579349629628,-3.191347328964494,NE,55.94600562833064,-3.191135196930138,2375.3135241517184,2209.2285568103966
55.94600562833064,-3.191135196930138,SW,55.94579349629628,-3.191347328964494,2375.3135241517184,2207.9785568103966
55.94579349629628,-3.191347328964494,NE,55.94600562833064,-3.191135196930138,2375.3135241517184,2206.7285568103966
55.94600562833064,-3.191135196930138,SW,55.94579349629628,-3.191347328964494,2375.3135241517184,2205.4785568103966
55.94579349629628,-3.191347328964494,NE,55.94600562833064,-3.191135196930138,2375.3135241517184,2204.2285568103966
55.94600562833064,-3.191135196930138,SW,55.94579349629628,-3.191347328964494,2375.3135241517184,2202.9785568103966
55.94579349629628,-3.191347328964494,NE,55.94600562833064,-3.191135196930138,2375.3135241517184,2201.7285568103966
55.94600562833064,-3.191135196930138,SW,55.94579349629628,-3.191347328964494,2375.3135241517184,2200.4785568103966
55.94579349629628,-3.191347328964494,NE,55.94600562833064,-3.191135196930138,2375.3135241517184,2199.2285568103966
55.94600562833064,-3.191135196930138,SW,55.94579349629628,-3.191347328964494,2375.3135241517184,2197.9785568103966
55.94579349629628,-3.191347328964494,NE,55.94600562833064,-3.191135196930138,2375.3135241517184,2196.7285568103966
55.94600562833064,-3.191135196930138,SW,55.94579349629628,-3.191347328964494,2375.3135241517184,2195.4785568103966
55.94579349629628,-3.191347328964494,NE,55.94600562833064,-3.191135196930138,2375.3135241517184,2194.2285568103966
55.94600562833064,-3.191135196930138,SW,55.94579349629628,-3.191347328964494,2375.3135241517184,2192.9785568103966
55.94579349629628,-3.191347328964494,NE,55.94600562833064,-3.191135196930138,2375.3135241517184,2191.7285568103966
55.94600562833064,-3.191135196930138,SW,55.94579349629628,-3.191347328964494,2375.3135241517184,2190.4785568103966
55.94579349629628,-3.191347328964494,NE,55.94600562833064,-3.191135196930138,2375.3135241517184,2189.2285568103966
55.94600562833064,-3.191135196930138,SW,55.94579349629628,-3.191347328964494,2375.3135241517184,2187.9785568103966
