55.944425,-3.188396,SE,55.944212867965646,-3.1881838679656442,94.22140724735635,334.467830346789
55.944212867965646,-3.1881838679656442,WSW,55.944098062935936,-3.1884610318253976,124.32296221640638,355.3740998788713
55.944098062935936,-3.1884610318253976,N,55.94439806293594,-3.1884610318253976,124.32296221640638,354.1240998788713
55.94439806293594,-3.1884610318253976,NNE,55.944675226795695,-3.188346226795688,223.29961151006864,441.73406913549337
55.944675226795695,-3.188346226795688,W,55.944675226795695,-3.1886462267956883,223.29961151006864,440.48406913549337
55.944675226795695,-3.1886462267956883,WNW,55.944790031825406,-3.1889233906554417,281.72085888817946,563.9206039605696
55.944790031825406,-3.1889233906554417,NNW,55.94506719568516,-3.1890381956851512,281.72085888817946,562.6706039605696
55.94506719568516,-3.1890381956851512,NW,55.94527932771952,-3.189250327719507,281.72085888817946,561.4206039605696
55.94527932771952,-3.189250327719507,NNW,55.945556491579275,-3.1893651327492165,404.9493360966453,611.3876155829918
55.945556491579275,-3.1893651327492165,NNW,55.94583365543903,-3.189479937778926,506.36887354381463,660.8098846794798
55.94583365543903,-3.189479937778926,WSW,55.94571885040932,-3.1897571016386794,506.36887354381463,659.5598846794798
55.94571885040932,-3.1897571016386794,SW,55.945506718374965,-3.189969233673035,506.36887354381463,658.3098846794798
55.945506718374965,-3.189969233673035,WSW,55.945391913345254,-3.1902463975327886,616.0032116039766,687.6665835103302
55.945391913345254,-3.1902463975327886,WNW,55.945506718374965,-3.190523561392542,616.0032116039766,686.4165835103302
55.945506718374965,-3.190523561392542,NW,55.94571885040932,-3.190735693426898,616.0032116039766,685.1665835103302
55.94571885040932,-3.190735693426898,WNW,55.94583365543903,-3.191012857286651,740.3153797514371,716.8646262396554
55.94583365543903,-3.191012857286651,SW,55.945621523404675,-3.191224989321007,740.3153797514371,715.6146262396554
55.945621523404675,-3.191224989321007,SSW,55.94534435954492,-3.1913397943507165,754.3785740558671,733.728008219869
55.94534435954492,-3.1913397943507165,W,55.94534435954492,-3.1916397943507167,821.3662465354163,813.7375167264377
55.94534435954492,-3.1916397943507167,SSE,55.94506719568516,-3.191524989321007,821.3662465354163,812.4875167264377
55.94506719568516,-3.191524989321007,SSE,55.944790031825406,-3.1914101842912976,851.6567239380466,820.7618591816909
55.944790031825406,-3.1914101842912976,S,55.9444900318254,-3.1914101842912976,851.6567239380466,819.5118591816909
55.9444900318254,-3.1914101842912976,S,55.9441900318254,-3.1914101842912976,909.3698948375812,884.5107940543753
55.9441900318254,-3.1914101842912976,ESE,55.94407522679569,-3.1911330204315442,909.3698948375812,883.2607940543753
55.94407522679569,-3.1911330204315442,ESE,55.94396042176598,-3.190855856571791,909.3698948375812,882.0107940543753
55.94396042176598,-3.190855856571791,SE,55.94374828973162,-3.190643724537435,956.9126470771599,899.2120378928903
55.94374828973162,-3.190643724537435,ENE,55.94386309476133,-3.1903665606776817,1042.4387765739737,995.0576196286904
55.94386309476133,-3.1903665606776817,N,55.944163094761336,-3.1903665606776817,1070.655265678063,1001.3532892662616
55.944163094761336,-3.1903665606776817,ESE,55.944048289731626,-3.1900893968179282,1070.655265678063,1000.1032892662616
55.944048289731626,-3.1900893968179282,E,55.944048289731626,-3.189789396817928,1159.9457724630206,1115.9756801003593
55.944048289731626,-3.189789396817928,SSE,55.94377112587187,-3.1896745917882185,1159.9457724630206,1114.7256801003593
55.94377112587187,-3.1896745917882185,SSE,55.94349396201211,-3.189559786758509,1159.9457724630206,1113.4756801003593
55.94349396201211,-3.189559786758509,SSE,55.943216798152356,-3.1894449817287995,1176.9346825009322,1150.422064784958
55.943216798152356,-3.1894449817287995,ESE,55.943101993122646,-3.189167817869046,1283.0429951067417,1234.5004969105203
55.943101993122646,-3.189167817869046,N,55.94340199312265,-3.189167817869046,1283.0429951067417,1233.2504969105203
55.94340199312265,-3.189167817869046,NE,55.943614125157005,-3.1889556858346904,1283.0429951067417,1232.0004969105203
55.943614125157005,-3.1889556858346904,SE,55.94340199312265,-3.1887435538003346,1357.0153945089555,1323.6943890226307
55.94340199312265,-3.1887435538003346,ESE,55.94328718809294,-3.188466389940581,1357.0153945089555,1322.4443890226307
55.94328718809294,-3.188466389940581,ESE,55.94317238306323,-3.1881892260808278,1357.0153945089555,1321.1943890226307
55.94317238306323,-3.1881892260808278,E,55.94317238306323,-3.1878892260808276,1385.4764671249927,1392.5479954281413
55.94317238306323,-3.1878892260808276,ENE,55.94328718809294,-3.187612062221074,1385.4764671249927,1391.2979954281413
55.94328718809294,-3.187612062221074,NE,55.943499320127295,-3.1873999301867184,1502.7966853324394,1427.983463196557
55.943499320127295,-3.1873999301867184,ESE,55.943384515097584,-3.187122766326965,1502.7966853324394,1426.733463196557
55.943384515097584,-3.187122766326965,ESE,55.943269710067874,-3.1868456024672116,1502.7966853324394,1425.483463196557
55.943269710067874,-3.1868456024672116,ESE,55.94315490503816,-3.186568438607458,1613.972743478835,1543.3767318499788
55.94315490503816,-3.186568438607458,E,55.94315490503816,-3.186268438607458,1725.062522253202,1660.2085787485917
55.94315490503816,-3.186268438607458,ESE,55.94304010000845,-3.1859912747477046,1725.062522253202,1658.9585787485917
55.94304010000845,-3.1859912747477046,ESE,55.94292529497874,-3.185714110887951,1725.062522253202,1657.7085787485917
55.94292529497874,-3.185714110887951,E,55.94292529497874,-3.185414110887951,1725.062522253202,1656.4585787485917
55.94292529497874,-3.185414110887951,ESE,55.94281048994903,-3.1851369470281976,1800.493988340556,1723.604024138761
55.94281048994903,-3.1851369470281976,ESE,55.94269568491932,-3.184859783168444,1800.493988340556,1722.354024138761
55.94269568491932,-3.184859783168444,E,55.94269568491932,-3.184559783168444,1824.9834382364963,1840.1038483715165
55.94269568491932,-3.184559783168444,N,55.942995684919325,-3.184559783168444,1824.9834382364963,1838.8538483715165
55.942995684919325,-3.184559783168444,NNW,55.94327284877908,-3.1846745881981535,1894.3387931926522,1854.08854413128
55.94327284877908,-3.1846745881981535,NNW,55.94355001263884,-3.184789393227863,1894.3387931926522,1852.83854413128
55.94355001263884,-3.184789393227863,NW,55.943762144673194,-3.185001525262219,1894.3387931926522,1851.58854413128
55.943762144673194,-3.185001525262219,NNW,55.94403930853295,-3.1851163302919283,1894.3387931926522,1850.33854413128
55.94403930853295,-3.1851163302919283,NW,55.94425144056731,-3.185328462326284,1949.4067514406865,1935.3197722127022
55.94425144056731,-3.185328462326284,WNW,55.94436624559702,-3.1856056261860375,1996.2475459217371,1956.2392668842017
55.94436624559702,-3.1856056261860375,NNW,55.94464340945677,-3.185720431215747,1996.2475459217371,1954.9892668842017
55.94464340945677,-3.185720431215747,NNW,55.94492057331653,-3.1858352362454565,2099.3506944066626,2028.806008732018
55.94492057331653,-3.1858352362454565,WNW,55.94503537834624,-3.18611240010521,2140.660953950904,2031.134197507323
55.94503537834624,-3.18611240010521,NE,55.9452475103806,-3.185900268070854,2140.660953950904,2029.884197507323
55.9452475103806,-3.185900268070854,NE,55.94545964241495,-3.1856881360364984,2252.6861473292024,2134.7892140470994
55.94545964241495,-3.1856881360364984,NW,55.94567177444931,-3.185900268070854,2252.6861473292024,2133.5392140470994
55.94567177444931,-3.185900268070854,NW,55.945883906483665,-3.18611240010521,2252.6861473292024,2132.2892140470994
55.945883906483665,-3.18611240010521,NW,55.94609603851802,-3.1863245321395657,2319.2483717447694,2202.270884615945
55.94609603851802,-3.1863245321395657,WSW,55.94598123348831,-3.186601695999319,2319.2483717447694,2201.020884615945
55.94598123348831,-3.186601695999319,WSW,55.9458664284586,-3.1868788598590725,2319.2483717447694,2199.770884615945
55.9458664284586,-3.1868788598590725,WSW,55.94575162342889,-3.187156023718826,2319.2483717447694,2198.520884615945
55.94575162342889,-3.187156023718826,SW,55.945539491394534,-3.1873681557531817,2319.2483717447694,2197.270884615945
55.945539491394534,-3.1873681557531817,WSW,55.945424686364824,-3.187645319612935,2434.1062520456967,2196.9082757283045
55.945424686364824,-3.187645319612935,E,55.945424686364824,-3.187345319612935,2434.1062520456967,2195.6582757283045
55.945424686364824,-3.187345319612935,E,55.945424686364824,-3.1870453196129347,2434.1062520456967,2194.4082757283045
55.945424686364824,-3.1870453196129347,E,55.945424686364824,-3.1867453196129345,2434.1062520456967,2193.1582757283045
55.945424686364824,-3.1867453196129345,E,55.945424686364824,-3.1864453196129343,2434.1062520456967,2191.9082757283045
55.945424686364824,-3.1864453196129343,E,55.945424686364824,-3.186145319612934,2434.1062520456967,2190.6582757283045
55.945424686364824,-3.186145319612934,E,55.945424686364824,-3.185845319612934,2434.1062520456967,2189.4082757283045
55.945424686364824,-3.185845319612934,E,55.945424686364824,-3.1855453196129337,2434.1062520456967,2188.1582757283045
55.945424686364824,-3.1855453196129337,ENE,55.945539491394534,-3.1852681557531803,2434.1062520456967,2186.9082757283045
55.945539491394534,-3.1852681557531803,SW,55.94532735936018,-3.185480287787536,2434.1062520456967,2185.6582757283045
55.94532735936018,-3.185480287787536,ENE,55.94544216438989,-3.1852031239277827,2434.1062520456967,2184.4082757283045
55.94544216438989,-3.1852031239277827,ENE,55.9455569694196,-3.1849259600680293,2434.1062520456967,2183.1582757283045
55.9455569694196,-3.1849259600680293,ENE,55.94567177444931,-3.184648796208276,2477.166300039972,2211.063595911756
55.94567177444931,-3.184648796208276,SW,55.94545964241495,-3.1848609282426317,2477.166300039972,2209.813595911756
55.94545964241495,-3.1848609282426317,WSW,55.94534483738524,-3.185138092102385,2477.166300039972,2208.563595911756
55.94534483738524,-3.185138092102385,WSW,55.94523003235553,-3.1854152559621385,2477.166300039972,2207.313595911756
55.94523003235553,-3.1854152559621385,WSW,55.94511522732582,-3.185692419821892,2477.166300039972,2206.063595911756
55.94511522732582,-3.185692419821892,WSW,55.94500042229611,-3.1859695836816453,2477.166300039972,2204.813595911756
55.94500042229611,-3.1859695836816453,WSW,55.9448856172664,-3.1862467475413987,2477.166300039972,2203.563595911756
55.9448856172664,-3.1862467475413987,WSW,55.94477081223669,-3.186523911401152,2477.166300039972,2202.313595911756
55.94477081223669,-3.186523911401152,WSW,55.94465600720698,-3.1868010752609055,2477.166300039972,2201.063595911756
55.94465600720698,-3.1868010752609055,SE,55.944443875172624,-3.1865889432265497,2477.166300039972,2199.813595911756
55.944443875172624,-3.1865889432265497,WSW,55.94432907014291,-3.186866107086303,2477.166300039972,2198.563595911756
55.94432907014291,-3.186866107086303,WSW,55.9442142651132,-3.1871432709460565,2477.166300039972,2197.313595911756
55.9442142651132,-3.1871432709460565,WSW,55.94409946008349,-3.18742043480581,2477.166300039972,2196.063595911756
55.94409946008349,-3.18742043480581,WSW,55.94398465505378,-3.1876975986655633,2477.166300039972,2194.813595911756
55.94398465505378,-3.1876975986655633,WSW,55.94386985002407,-3.1879747625253168,2477.166300039972,2193.563595911756
55.94386985002407,-3.1879747625253168,WSW,55.94375504499436,-3.18825192638507,2477.166300039972,2192.313595911756
55.94375504499436,-3.18825192638507,WSW,55.94364023996465,-3.1885290902448236,2477.166300039972,2191.063595911756
55.94364023996465,-3.1885290902448236,N,55.943940239964654,-3.1885290902448236,2477.166300039972,2189.813595911756
55.943940239964654,-3.1885290902448236,WSW,55.94382543493494,-3.188806254104577,2477.166300039972,2188.563595911756
55.94382543493494,-3.188806254104577,WSW,55.94371062990523,-3.1890834179643304,2477.166300039972,2187.313595911756
55.94371062990523,-3.1890834179643304,SW,55.94349849787088,-3.189295549998686,2477.166300039972,2186.063595911756
55.94349849787088,-3.189295549998686,WSW,55.94338369284117,-3.1895727138584395,2477.166300039972,2184.813595911756
55.94338369284117,-3.1895727138584395,SW,55.94317156080681,-3.1897848458927953,2477.166300039972,2183.563595911756
55.94317156080681,-3.1897848458927953,WSW,55.9430567557771,-3.1900620097525487,2477.166300039972,2182.313595911756
55.9430567557771,-3.1900620097525487,SW,55.942844623742744,-3.1902741417869045,2477.166300039972,2181.063595911756
55.942844623742744,-3.1902741417869045,ENE,55.942959428772454,-3.189996977927151,2477.166300039972,2179.813595911756
55.942959428772454,-3.189996977927151,N,55.94325942877246,-3.189996977927151,2477.166300039972,2178.563595911756
55.94325942877246,-3.189996977927151,NW,55.94347156080681,-3.190209109961507,2477.166300039972,2177.313595911756
55.94347156080681,-3.190209109961507,NW,55.94368369284117,-3.1904212419958626,2477.166300039972,2176.063595911756
55.94368369284117,-3.1904212419958626,NW,55.943895824875526,-3.1906333740302184,2477.166300039972,2174.813595911756
55.943895824875526,-3.1906333740302184,NNW,55.94417298873528,-3.190748179059928,2477.166300039972,2173.563595911756
55.94417298873528,-3.190748179059928,NW,55.94438512076964,-3.1909603110942837,2477.166300039972,2172.313595911756
55.94438512076964,-3.1909603110942837,NE,55.944597252803995,-3.190748179059928,2477.166300039972,2171.063595911756
55.944597252803995,-3.190748179059928,NNE,55.94487441666375,-3.1906333740302184,2477.166300039972,2169.813595911756
55.94487441666375,-3.1906333740302184,S,55.94457441666375,-3.1906333740302184,2477.166300039972,2168.563595911756
55.94457441666375,-3.1906333740302184,NNW,55.944851580523505,-3.190748179059928,2477.166300039972,2167.313595911756
55.944851580523505,-3.190748179059928,NNE,55.94512874438326,-3.1906333740302184,2477.166300039972,2166.063595911756
55.94512874438326,-3.1906333740302184,NW,55.94534087641762,-3.190845506064574,2477.166300039972,2164.813595911756
55.94534087641762,-3.190845506064574,WNW,55.94545568144733,-3.1911226699243276,2477.166300039972,2163.563595911756
55.94545568144733,-3.1911226699243276,WNW,55.94557048647704,-3.191399833784081,2477.166300039972,2162.313595911756
55.94557048647704,-3.191399833784081,NW,55.945782618511394,-3.1916119658184368,2477.166300039972,2161.063595911756
55.945782618511394,-3.1916119658184368,WNW,55.945897423541105,-3.19188912967819,2548.6133421610953,2172.370136065618
55.945897423541105,-3.19188912967819,SSE,55.94562025968135,-3.1917743246484807,2548.6133421610953,2171.120136065618
55.94562025968135,-3.1917743246484807,SSE,55.94534309582159,-3.191659519618771,2548.6133421610953,2169.870136065618
55.94534309582159,-3.191659519618771,SSE,55.945065931961835,-3.1915447145890616,2548.6133421610953,2168.620136065618
55.945065931961835,-3.1915447145890616,SSE,55.94478876810208,-3.191429909559352,2548.6133421610953,2167.370136065618
55.94478876810208,-3.191429909559352,SSE,55.94451160424232,-3.1913151045296426,2548.6133421610953,2166.120136065618
55.94451160424232,-3.1913151045296426,SSE,55.944234440382566,-3.191200299499933,2548.6133421610953,2164.870136065618
55.944234440382566,-3.191200299499933,SSE,55.94395727652281,-3.1910854944702236,2548.6133421610953,2163.620136065618
55.94395727652281,-3.1910854944702236,SSE,55.94368011266305,-3.190970689440514,2548.6133421610953,2162.370136065618
55.94368011266305,-3.190970689440514,WSW,55.94356530763334,-3.1912478533002675,2548.6133421610953,2161.120136065618
55.94356530763334,-3.1912478533002675,ESE,55.94345050260363,-3.190970689440514,2548.6133421610953,2159.870136065618
55.94345050260363,-3.190970689440514,SSE,55.943173338743875,-3.1908558844108046,2548.6133421610953,2158.620136065618
55.943173338743875,-3.1908558844108046,SSE,55.94289617488412,-3.190741079381095,2548.6133421610953,2157.370136065618
55.94289617488412,-3.190741079381095,SE,55.94268404284976,-3.1905289473467393,2646.171754674239,2220.592267961933
55.94268404284976,-3.1905289473467393,NW,55.94289617488412,-3.190741079381095,2646.171754674239,2219.342267961933
55.94289617488412,-3.190741079381095,SE,55.94268404284976,-3.1905289473467393,2646.171754674239,2218.092267961933
55.94268404284976,-3.1905289473467393,NW,55.94289617488412,-3.190741079381095,2646.171754674239,2216.842267961933
55.94289617488412,-3.190741079381095,SE,55.94268404284976,-3.1905289473467393,2646.171754674239,2215.592267961933
55.94268404284976,-3.1905289473467393,NW,55.94289617488412,-3.190741079381095,2646.171754674239,2214.342267961933
55.94289617488412,-3.190741079381095,SE,55.94268404284976,-3.1905289473467393,2646.171754674239,2213.092267961933
55.94268404284976,-3.1905289473467393,NW,55.94289617488412,-3.190741079381095,2646.171754674239,2211.842267961933
55.94289617488412,-3.190741079381095,SE,55.94268404284976,-3.1905289473467393,2646.171754674239,2210.592267961933
55.94268404284976,-3.1905289473467393,NW,55.94289617488412,-3.190741079381095,2646.171754674239,2209.342267961933
55.94289617488412,-3.190741079381095,SE,55.94268404284976,-3.1905289473467393,2646.171754674239,2208.092267961933
55.94268404284976,-3.1905289473467393,NW,55.94289617488412,-3.190741079381095,2646.171754674239,2206.842267961933
55.94289617488412,-3.190741079381095,SE,55.94268404284976,-3.1905289473467393,2646.171754674239,2205.592267961933
55.94268404284976,-3.1905289473467393,NW,55.94289617488412,-3.190741079381095,2646.171754674239,2204.342267961933
55.94289617488412,-3.190741079381095,SE,55.94268404284976,-3.1905289473467393,2646.171754674239,2203.092267961933
55.94268404284976,-3.1905289473467393,NW,55.94289617488412,-3.190741079381095,2646.171754674239,2201.842267961933
55.94289617488412,-3.190741079381095,SE,55.94268404284976,-3.1905289473467393,2646.171754674239,2200.592267961933
55.94268404284976,-3.1905289473467393,NW,55.94289617488412,-3.190741079381095,2646.171754674239,2199.342267961933
55.94289617488412,-3.190741079381095,SE,55.94268404284976,-3.1905289473467393,2646.171754674239,2198.092267961933
55.94268404284976,-3.1905289473467393,NW,55.94289617488412,-3.190741079381095,2646.171754674239,2196.842267961933
55.94289617488412,-3.190741079381095,SE,55.94268404284976,-3.1905289473467393,2646.171754674239,2195.592267961933
55.94268404284976,-3.1905289473467393,NW,55.94289617488412,-3.190741079381095,2646.171754674239,2194.342267961933
55.94289617488412,-3.190741079381095,SE,55.94268404284976,-3.1905289473467393,2646.171754674239,2193.092267961933
55.94268404284976,-3.1905289473467393,NW,55.94289617488412,-3.190741079381095,2646.171754674239,2191.842267961933
55.94289617488412,-3.190741079381095,SE,55.94268404284976,-3.1905289473467393,2646.171754674239,2190.592267961933
55.94268404284976,-3.1905289473467393,NW,55.94289617488412,-3.190741079381095,2646.171754674239,2189.342267961933
55.94289617488412,-3.190741079381095,SE,55.94268404284976,-3.1905289473467393,2646.171754674239,2188.092267961933
55.94268404284976,-3.1905289473467393,NW,55.94289617488412,-3.190741079381095,2646.171754674239,2186.842267961933
55.94289617488412,-3.190741079381095,SE,55.94268404284976,-3.1905289473467393,2646.171754674239,2185.592267961933
55.94268404284976,-3.1905289473467393,NW,55.94289617488412,-3.190741079381095,2646.171754674239,2184.342267961933
55.94289617488412,-3.190741079381095,SE,55.94268404284976,-3.1905289473467393,2646.171754674239,2183.092267961933
55.94268404284976,-3.1905289473467393,NW,55.94289617488412,-3.190741079381095,2646.171754674239,2181.842267961933
55.94289617488412,-3.190741079381095,SE,55.94268404284976,-3.1905289473467393,2646.171754674239,2180.592267961933
55.94268404284976,-3.1905289473467393,NW,55.94289617488412,-3.190741079381095,2646.171754674239,2179.342267961933
55.94289617488412,-3.190741079381095,SE,55.94268404284976,-3.1905289473467393,2646.171754674239,2178.092267961933
55.94268404284976,-3.1905289473467393,NW,55.94289617488412,-3.190741079381095,2646.171754674239,2176.842267961933
55.94289617488412,-3.190741079381095,SE,55.94268404284976,-3.1905289473467393,2646.171754674239,2175.592267961933
55.94268404284976,-3.1905289473467393,NW,55.94289617488412,-3.190741079381095,2646.171754674239,2174.342267961933
55.94289617488412,-3.190741079381095,SE,55.94268404284976,-3.1905289473467393,2646.171754674239,2173.092267961933
55.94268404284976,-3.1905289473467393,NW,55.94289617488412,-3.190741079381095,2646.171754674239,2171.842267961933
55.94289617488412,-3.190741079381095,SE,55.94268404284976,-3.1905289473467393,2646.171754674239,2170.592267961933
55.94268404284976,-3.1905289473467393,NW,55.94289617488412,-3.190741079381095,2646.171754674239,2169.342267961933
55.94289617488412,-3.190741079381095,SE,55.94268404284976,-3.1905289473467393,2646.171754674239,2168.092267961933
55.94268404284976,-3.1905289473467393,NW,55.94289617488412,-3.190741079381095,2646.171754674239,2166.842267961933
55.94289617488412,-3.190741079381095,SE,55.94268404284976,-3.1905289473467393,2646.171754674239,2165.592267961933
55.94268404284976,-3.1905289473467393,NW,55.94289617488412,-3.190741079381095,2646.171754674239,2164.342267961933
55.94289617488412,-3.190741079381095,SE,55.94268404284976,-3.1905289473467393,2646.171754674239,2163.092267961933
55.94268404284976,-3.1905289473467393,NW,55.94289617488412,-3.190741079381095,2646.171754674239,2161.842267961933
55.94289617488412,-3.190741079381095,SE,55.94268404284976,-3.1905289473467393,2646.171754674239,2160.592267961933
55.94268404284976,-3.1905289473467393,NW,55.94289617488412,-3.190741079381095,2646.171754674239,2159.342267961933
55.94289617488412,-3.190741079381095,SE,55.94268404284976,-3.1905289473467393,2646.171754674239,2158.092267961933
55.94268404284976,-3.1905289473467393,NW,55.94289617488412,-3.190741079381095,2646.171754674239,2156.842267961933
55.94289617488412,-3.190741079381095,SE,55.94268404284976,-3.1905289473467393,2646.171754674239,2155.592267961933
55.94268404284976,-3.1905289473467393,NW,55.94289617488412,-3.190741079381095,2646.171754674239,2154.342267961933
55.94289617488412,-3.190741079381095,SE,55.94268404284976,-3.1905289473467393,2646.171754674239,2153.092267961933
55.94268404284976,-3.1905289473467393,NW,55.94289617488412,-3.190741079381095,2646.171754674239,2151.842267961933
55.94289617488412,-3.190741079381095,SE,55.94268404284976,-3.1905289473467393,2646.171754674239,2150.592267961933
55.94268404284976,-3.1905289473467393,NW,55.94289617488412,-3.190741079381095,2646.171754674239,2149.342267961933
55.94289617488412,-3.190741079381095,SE,55.94268404284976,-3.1905289473467393,2646.171754674239,2148.092267961933
55.94268404284976,-3.1905289473467393,NW,55.94289617488412,-3.190741079381095,2646.171754674239,2146.842267961933
55.94289617488412,-3.190741079381095,SE,55.94268404284976,-3.1905289473467393,2646.171754674239,2145.592267961933
55.94268404284976,-3.1905289473467393,NW,55.94289617488412,-3.190741079381095,2646.171754674239,2144.342267961933
55.94289617488412,-3.190741079381095,SE,55.94268404284976,-3.1905289473467393,2646.171754674239,2143.092267961933
55.94268404284976,-3.1905289473467393,NW,55.94289617488412,-3.190741079381095,2646.171754674239,2141.842267961933
55.94289617488412,-3.190741079381095,SE,55.94268404284976,-3.1905289473467393,2646.171754674239,2140.592267961933
55.94268404284976,-3.1905289473467393,NW,55.94289617488412,-3.190741079381095,2646.171754674239,2139.342267961933
55.94289617488412,-3.190741079381095,SE,55.94268404284976,-3.1905289473467393,2646.171754674239,2138.092267961933
55.94268404284976,-3.1905289473467393,NW,55.94289617488412,-3.190741079381095,2646.171754674239,2136.842267961933
55.94289617488412,-3.190741079381095,SE,55.94268404284976,-3.1905289473467393,2646.171754674239,2135.592267961933
55.94268404284976,-3.1905289473467393,NW,55.94289617488412,-3.190741079381095,2646.171754674239,2134.342267961933
55.94289617488412,-3.190741079381095,SE,55.94268404284976,-3.1905289473467393,2646.171754674239,2133.092267961933
55.94268404284976,-3.1905289473467393,NW,55.94289617488412,-3.190741079381095,2646.171754674239,2131.842267961933
55.94289617488412,-3.190741079381095,SE,55.94268404284976,-3.1905289473467393,2646.171754674239,2130.592267961933
55.94268404284976,-3.1905289473467393,NW,55.94289617488412,-3.190741079381095,2646.171754674239,2129.342267961933
55.94289617488412,-3.190741079381095,SE,55.94268404284976,-3.1905289473467393,2646.171754674239,2128.092267961933
55.94268404284976,-3.1905289473467393,NW,55.94289617488412,-3.190741079381095,2646.171754674239,2126.842267961933
55.94289617488412,-3.190741079381095,SE,55.94268404284976,-3.1905289473467393,2646.171754674239,2125.592267961933
55.94268404284976,-3.1905289473467393,NW,55.94289617488412,-3.190741079381095,2646.171754674239,2124.342267961933
55.94289617488412,-3.190741079381095,SE,55.94268404284976,-3.1905289473467393,2646.171754674239,2123.092267961933
55.94268404284976,-3.1905289473467393,NW,55.94289617488412,-3.190741079381095,2646.171754674239,2121.842267961933
55.94289617488412,-3.190741079381095,SE,55.94268404284976,-3.1905289473467393,2646.171754674239,2120.592267961933
55.94268404284976,-3.1905289473467393,NW,55.94289617488412,-3.190741079381095,2646.171754674239,2119.342267961933
55.94289617488412,-3.190741079381095,SE,55.94268404284976,-3.1905289473467393,2646.171754674239,2118.092267961933
55.94268404284976,-3.1905289473467393,NW,55.94289617488412,-3.190741079381095,2646.171754674239,2116.842267961933
55.94289617488412,-3.190741079381095,SE,55.94268404284976,-3.1905289473467393,2646.171754674239,2115.592267961933
55.94268404284976,-3.1905289473467393,NW,55.94289617488412,-3.190741079381095,2646.171754674239,2114.342267961933
55.94289617488412,-3.190741079381095,SE,55.94268404284976,-3.1905289473467393,2646.171754674239,2113.092267961933
55.94268404284976,-3.1905289473467393,NW,55.94289617488412,-3.190741079381095,2646.171754674239,2111.842267961933
55.94289617488412,-3.190741079381095,SE,55.94268404284976,-3.1905289473467393,2646.171754674239,2110.592267961933
55.94268404284976,-3.1905289473467393,NW,55.94289617488412,-3.190741079381095,2646.171754674239,2109.342267961933
55.94289617488412,-3.190741079381095,SE,55.94268404284976,-3.1905289473467393,2646.171754674239,2108.092267961933
55.94268404284976,-3.1905289473467393,NW,55.94289617488412,-3.190741079381095,2646.171754674239,2106.842267961933
55.94289617488412,-3.190741079381095,SE,55.94268404284976,-3.1905289473467393,2646.171754674239,2105.592267961933
55.94268404284976,-3.1905289473467393,NW,55.94289617488412,-3.190741079381095,2646.171754674239,2104.342267961933
55.94289617488412,-3.190741079381095,SE,55.94268404284976,-3.1905289473467393,2646.171754674239,2103.092267961933
55.94268404284976,-3.1905289473467393,NW,55.94289617488412,-3.190741079381095,2646.171754674239,2101.842267961933
55.94289617488412,-3.190741079381095,SE,55.94268404284976,-3.1905289473467393,2646.171754674239,2100.592267961933
55.94268404284976,-3.1905289473467393,NW,55.94289617488412,-3.190741079381095,2646.171754674239,2099.342267961933
55.94289617488412,-3.190741079381095,SE,55.94268404284976,-3.1905289473467393,2646.171754674239,2098.092267961933
55.94268404284976,-3.1905289473467393,NW,55.94289617488412,-3.190741079381095,2646.171754674239,2096.842267961933
55.94289617488412,-3.190741079381095,SE,55.94268404284976,-3.1905289473467393,2646.171754674239,2095.592267961933
55.94268404284976,-3.1905289473467393,NW,55.94289617488412,-3.190741079381095,2646.171754674239,2094.342267961933
55.94289617488412,-3.190741079381095,SE,55.94268404284976,-3.1905289473467393,2646.171754674239,2093.092267961933
55.94268404284976,-3.1905289473467393,NW,55.94289617488412,-3.190741079381095,2646.171754674239,2091.842267961933
55.94289617488412,-3.190741079381095,SE,55.94268404284976,-3.1905289473467393,2646.171754674239,2090.592267961933
55.94268404284976,-3.1905289473467393,NW,55.94289617488412,-3.190741079381095,2646.171754674239,2089.342267961933
55.94289617488412,-3.190741079381095,SE,55.94268404284976,-3.1905289473467393,2646.171754674239,2088.092267961933
55.94268404284976,-3.1905289473467393,NW,55.94289617488412,-3.190741079381095,2646.171754674239,2086.842267961933
55.94289617488412,-3.190741079381095,SE,55.94268404284976,-3.1905289473467393,2646.171754674239,2085.592267961933
55.94268404284976,-3.1905289473467393,NW,55.94289617488412,-3.190741079381095,2646.171754674239,2084.342267961933
55.94289617488412,-3.190741079381095,SE,55.94268404284976,-3.1905289473467393,2646.171754674239,2083.092267961933
55.94268404284976,-3.1905289473467393,NW,55.94289617488412,-3.190741079381095,2646.171754674239,2081.842267961933
55.94289617488412,-3.190741079381095,SE,55.94268404284976,-3.1905289473467393,2646.171754674239,2080.592267961933
