55.944425,-3.188396,NNE,55.94470216385976,-3.1882811949702905,55.47917180307134,254.61456395160783
55.94470216385976,-3.1882811949702905,NNE,55.944979327719516,-3.188166389940581,55.47917180307134,253.36456395160783
55.944979327719516,-3.188166389940581,N,55.94527932771952,-3.188166389940581,142.2192208882376,261.7754496621475
55.94527932771952,-3.188166389940581,NE,55.945491459753875,-3.187954257906225,142.2192208882376,260.5254496621475
55.945491459753875,-3.187954257906225,NE,55.94570359178823,-3.1877421258718694,142.2192208882376,259.2754496621475
55.94570359178823,-3.1877421258718694,NE,55.94591572382259,-3.1875299938375137,214.3157226429949,308.3002253134089
55.94591572382259,-3.1875299938375137,SSE,55.94563855996283,-3.187415188807804,214.3157226429949,307.0502253134089
55.94563855996283,-3.187415188807804,ESE,55.94552375493312,-3.1871380249480508,214.3157226429949,305.8002253134089
55.94552375493312,-3.1871380249480508,SE,55.945311622898764,-3.186925892913695,334.927807697217,327.21701011147866
55.945311622898764,-3.186925892913695,E,55.945311622898764,-3.186625892913695,439.2204765080704,421.078912099245
55.945311622898764,-3.186625892913695,SSE,55.94503445903901,-3.1865110878839853,439.2204765080704,419.828912099245
55.94503445903901,-3.1865110878839853,S,55.944734459039005,-3.1865110878839853,518.6712418054826,523.7545962561001
55.944734459039005,-3.1865110878839853,SW,55.94452232700465,-3.186723219918341,637.6661683164923,592.2698542303727
55.94452232700465,-3.186723219918341,SE,55.94431019497029,-3.1865110878839853,637.6661683164923,591.0198542303727
55.94431019497029,-3.1865110878839853,ESE,55.94419538994058,-3.186233924024232,733.7418492147144,665.5051649510867
55.94419538994058,-3.186233924024232,ESE,55.94408058491087,-3.1859567601644785,743.1372715175646,769.1847799826047
55.94408058491087,-3.1859567601644785,E,55.94408058491087,-3.1856567601644783,743.1372715175646,767.9347799826047
55.94408058491087,-3.1856567601644783,ENE,55.94419538994058,-3.185379596304725,863.288736533112,839.435889007138
55.94419538994058,-3.185379596304725,SE,55.943983257906226,-3.185167464270369,880.3475411941696,914.1823962459415
55.943983257906226,-3.185167464270369,WNW,55.944098062935936,-3.1854446281301225,880.3475411941696,912.9323962459415
55.944098062935936,-3.1854446281301225,WNW,55.944212867965646,-3.185721791989876,880.3475411941696,911.6823962459415
55.944212867965646,-3.185721791989876,NNW,55.9444900318254,-3.1858365970195854,880.3475411941696,910.4323962459415
55.9444900318254,-3.1858365970195854,N,55.944790031825406,-3.1858365970195854,942.4018303851828,994.7603628430238
55.944790031825406,-3.1858365970195854,N,55.94509003182541,-3.1858365970195854,1010.8542478968166,1049.7842509005252
55.94509003182541,-3.1858365970195854,ENE,55.94520483685512,-3.185559433159832,1010.8542478968166,1048.5342509005252
55.94520483685512,-3.185559433159832,ENE,55.94531964188483,-3.1852822693000786,1112.5005730297783,1127.0656477532436
55.94531964188483,-3.1852822693000786,NW,55.945531773919186,-3.1854944013344344,1112.5005730297783,1125.8156477532436
55.945531773919186,-3.1854944013344344,NW,55.94574390595354,-3.18570653336879,1159.1446336403487,1135.2906455757238
55.94574390595354,-3.18570653336879,SW,55.945531773919186,-3.185918665403146,1159.1446336403487,1134.0406455757238
55.945531773919186,-3.185918665403146,SW,55.94531964188483,-3.1861307974375017,1159.1446336403487,1132.7906455757238
55.94531964188483,-3.1861307974375017,SW,55.94510750985047,-3.1863429294718575,1159.1446336403487,1131.5406455757238
55.94510750985047,-3.1863429294718575,SW,55.94489537781612,-3.1865550615062133,1159.1446336403487,1130.2906455757238
55.94489537781612,-3.1865550615062133,SW,55.94468324578176,-3.186767193540569,1159.1446336403487,1129.0406455757238
55.94468324578176,-3.186767193540569,SW,55.944471113747404,-3.186979325574925,1159.1446336403487,1127.7906455757238
55.944471113747404,-3.186979325574925,WSW,55.944356308717694,-3.187256489434678,1159.1446336403487,1126.5406455757238
55.944356308717694,-3.187256489434678,SW,55.94414417668334,-3.187468621469034,1159.1446336403487,1125.2906455757238
55.94414417668334,-3.187468621469034,SW,55.94393204464898,-3.1876807535033898,1168.0550185317818,1174.2586242803945
55.94393204464898,-3.1876807535033898,SSW,55.943654880789225,-3.1877955585330993,1168.0550185317818,1173.0086242803945
55.943654880789225,-3.1877955585330993,SW,55.94344274875487,-3.188007690567455,1200.2641582812907,1266.6911393658631
55.94344274875487,-3.188007690567455,WSW,55.94332794372516,-3.1882848544272084,1200.2641582812907,1265.4411393658631
55.94332794372516,-3.1882848544272084,WNW,55.94344274875487,-3.188562018286962,1208.353113032911,1363.4309555154664
55.94344274875487,-3.188562018286962,N,55.94374274875487,-3.188562018286962,1301.5371551428002,1380.634598034
55.94374274875487,-3.188562018286962,SSW,55.943465584895115,-3.1886768233166713,1301.5371551428002,1379.384598034
55.943465584895115,-3.1886768233166713,S,55.94316558489511,-3.1886768233166713,1301.5371551428002,1378.134598034
55.94316558489511,-3.1886768233166713,SSW,55.942888421035356,-3.188791628346381,1414.9817779586829,1447.5176358395381
55.942888421035356,-3.188791628346381,WSW,55.942773616005645,-3.1890687922061343,1414.9817779586829,1446.2676358395381
55.942773616005645,-3.1890687922061343,W,55.942773616005645,-3.1893687922061345,1448.2482181661494,1474.6171594920015
55.942773616005645,-3.1893687922061345,WNW,55.942888421035356,-3.189645956065888,1499.684627937912,1519.746192662197
55.942888421035356,-3.189645956065888,NW,55.94310055306971,-3.1898580881002436,1502.914590650544,1613.5941703964897
55.94310055306971,-3.1898580881002436,WSW,55.94298574804,-3.190135251959997,1502.914590650544,1612.3441703964897
55.94298574804,-3.190135251959997,WSW,55.94287094301029,-3.1904124158197504,1555.5161870495062,1708.6519607939035
55.94287094301029,-3.1904124158197504,SW,55.942658810975935,-3.190624547854106,1661.2387161104748,1715.942290789795
55.942658810975935,-3.190624547854106,NW,55.94287094301029,-3.190836679888462,1661.2387161104748,1714.692290789795
55.94287094301029,-3.190836679888462,NW,55.94308307504465,-3.1910488119228178,1661.2387161104748,1713.442290789795
55.94308307504465,-3.1910488119228178,NW,55.943295207079004,-3.1912609439571735,1710.1428893602772,1795.9514239822536
55.943295207079004,-3.1912609439571735,WSW,55.94318040204929,-3.191538107816927,1710.1428893602772,1794.7014239822536
55.94318040204929,-3.191538107816927,WSW,55.94306559701958,-3.1918152716766803,1710.1428893602772,1793.4514239822536
55.94306559701958,-3.1918152716766803,SW,55.94285346498523,-3.192027403711036,1816.1659077150114,1857.447044636072
55.94285346498523,-3.192027403711036,SW,55.94264133295087,-3.192239535745392,1881.4444437457744,1925.0325987182237
55.94264133295087,-3.192239535745392,N,55.94294133295087,-3.192239535745392,1881.4444437457744,1923.7825987182237
55.94294133295087,-3.192239535745392,N,55.943241332950876,-3.192239535745392,1881.4444437457744,1922.5325987182237
55.943241332950876,-3.192239535745392,N,55.94354133295088,-3.192239535745392,1881.4444437457744,1921.2825987182237
55.94354133295088,-3.192239535745392,N,55.94384133295088,-3.192239535745392,1881.4444437457744,1920.0325987182237
55.94384133295088,-3.192239535745392,N,55.944141332950885,-3.192239535745392,1881.4444437457744,1918.7825987182237
55.944141332950885,-3.192239535745392,ENE,55.944256137980595,-3.1919623718856385,1881.4444437457744,1917.5325987182237
55.944256137980595,-3.1919623718856385,NNE,55.94453330184035,-3.191847566855929,1881.4444437457744,1916.2825987182237
55.94453330184035,-3.191847566855929,NW,55.94474543387471,-3.1920596988902847,1918.6544046216425,1976.5523468511187
55.94474543387471,-3.1920596988902847,NE,55.944957565909064,-3.191847566855929,2016.3314010747808,2080.4470289562623
55.944957565909064,-3.191847566855929,E,55.944957565909064,-3.1915475668559288,2016.3314010747808,2079.1970289562623
55.944957565909064,-3.1915475668559288,ENE,55.945072370938774,-3.1912704029961754,2016.3314010747808,2077.9470289562623
55.945072370938774,-3.1912704029961754,E,55.945072370938774,-3.190970402996175,2036.1384130507224,2157.8814362416992
55.945072370938774,-3.190970402996175,ESE,55.944957565909064,-3.1906932391364218,2036.1384130507224,2156.6314362416992
55.944957565909064,-3.1906932391364218,SE,55.94474543387471,-3.190481107102066,2036.1384130507224,2155.3814362416992
55.94474543387471,-3.190481107102066,ESE,55.944630628845,-3.1902039432423126,2036.1384130507224,2154.1314362416992
55.944630628845,-3.1902039432423126,SE,55.94441849681064,-3.189991811207957,2119.769952723327,2223.553028524929
55.94441849681064,-3.189991811207957,NW,55.944630628845,-3.1902039432423126,2119.769952723327,2222.303028524929
55.944630628845,-3.1902039432423126,SE,55.94441849681064,-3.189991811207957,2119.769952723327,2221.053028524929
55.94441849681064,-3.189991811207957,NW,55.944630628845,-3.1902039432423126,2119.769952723327,2219.803028524929
55.944630628845,-3.1902039432423126,SE,55.94441849681064,-3.189991811207957,2119.769952723327,2218.553028524929
55.94441849681064,-3.189991811207957,NW,55.944630628845,-3.1902039432423126,2119.769952723327,2217.303028524929
55.944630628845,-3.1902039432423126,SE,55.94441849681064,-3.189991811207957,2119.769952723327,2216.053028524929
55.94441849681064,-3.189991811207957,NW,55.944630628845,-3.1902039432423126,2119.769952723327,2214.803028524929
55.944630628845,-3.1902039432423126,SE,55.94441849681064,-3.189991811207957,2119.769952723327,2213.553028524929
55.94441849681064,-3.189991811207957,NW,55.944630628845,-3.1902039432423126,2119.769952723327,2212.303028524929
55.944630628845,-3.1902039432423126,SE,55.94441849681064,-3.189991811207957,2119.769952723327,2211.053028524929
55.94441849681064,-3.189991811207957,NW,55.944630628845,-3.1902039432423126,2119.769952723327,2209.803028524929
55.944630628845,-3.1902039432423126,SE,55.94441849681064,-3.189991811207957,2119.769952723327,2208.553028524929
55.94441849681064,-3.189991811207957,NW,55.944630628845,-3.1902039432423126,2119.769952723327,2207.303028524929
55.944630628845,-3.1902039432423126,SE,55.94441849681064,-3.189991811207957,2119.769952723327,2206.053028524929
55.94441849681064,-3.189991811207957,NW,55.944630628845,-3.1902039432423126,2119.769952723327,2204.803028524929
55.944630628845,-3.1902039432423126,SE,55.94441849681064,-3.189991811207957,2119.769952723327,2203.553028524929
55.94441849681064,-3.189991811207957,NW,55.944630628845,-3.1902039432423126,2119.769952723327,2202.303028524929
55.944630628845,-3.1902039432423126,SE,55.94441849681064,-3.189991811207957,2119.769952723327,2201.053028524929
55.94441849681064,-3.189991811207957,NW,55.944630628845,-3.1902039432423126,2119.769952723327,2199.803028524929
55.944630628845,-3.1902039432423126,SE,55.94441849681064,-3.189991811207957,2119.769952723327,2198.553028524929
55.94441849681064,-3.189991811207957,NW,55.944630628845,-3.1902039432423126,2119.769952723327,2197.303028524929
55.944630628845,-3.1902039432423126,SE,55.94441849681064,-3.189991811207957,2119.769952723327,2196.053028524929
55.94441849681064,-3.189991811207957,NW,55.944630628845,-3.1902039432423126,2119.769952723327,2194.803028524929
55.944630628845,-3.1902039432423126,SE,55.94441849681064,-3.189991811207957,2119.769952723327,2193.553028524929
55.94441849681064,-3.189991811207957,NW,55.944630628845,-3.1902039432423126,2119.769952723327,2192.303028524929
55.944630628845,-3.1902039432423126,SE,55.94441849681064,-3.189991811207957,2119.769952723327,2191.053028524929
55.94441849681064,-3.189991811207957,NW,55.944630628845,-3.1902039432423126,2119.769952723327,2189.803028524929
55.944630628845,-3.1902039432423126,SE,55.94441849681064,-3.189991811207957,2119.769952723327,2188.553028524929
55.94441849681064,-3.189991811207957,NW,55.944630628845,-3.1902039432423126,2119.769952723327,2187.303028524929
55.944630628845,-3.1902039432423126,SE,55.94441849681064,-3.189991811207957,2119.769952723327,2186.053028524929
55.94441849681064,-3.189991811207957,NW,55.944630628845,-3.1902039432423126,2119.769952723327,2184.803028524929
55.944630628845,-3.1902039432423126,SE,55.94441849681064,-3.189991811207957,2119.769952723327,2183.553028524929
55.94441849681064,-3.189991811207957,NW,55.944630628845,-3.1902039432423126,2119.769952723327,2182.303028524929
55.944630628845,-3.1902039432423126,SE,55.94441849681064,-3.189991811207957,2119.769952723327,2181.053028524929
55.94441849681064,-3.189991811207957,NW,55.944630628845,-3.1902039432423126,2119.769952723327,2179.803028524929
55.944630628845,-3.1902039432423126,SE,55.94441849681064,-3.189991811207957,2119.769952723327,2178.553028524929
55.94441849681064,-3.189991811207957,NW,55.944630628845,-3.1902039432423126,2119.769952723327,2177.303028524929
55.944630628845,-3.1902039432423126,SE,55.94441849681064,-3.189991811207957,2119.769952723327,2176.053028524929
55.94441849681064,-3.189991811207957,NW,55.944630628845,-3.1902039432423126,2119.769952723327,2174.803028524929
55.944630628845,-3.1902039432423126,SE,55.94441849681064,-3.189991811207957,2119.769952723327,2173.553028524929
55.94441849681064,-3.189991811207957,NW,55.944630628845,-3.1902039432423126,2119.769952723327,2172.303028524929
55.944630628845,-3.1902039432423126,SE,55.94441849681064,-3.189991811207957,2119.769952723327,2171.053028524929
55.94441849681064,-3.189991811207957,NW,55.944630628845,-3.1902039432423126,2119.769952723327,2169.803028524929
55.944630628845,-3.1902039432423126,SE,55.94441849681064,-3.189991811207957,2119.769952723327,2168.553028524929
55.94441849681064,-3.189991811207957,NW,55.944630628845,-3.1902039432423126,2119.769952723327,2167.303028524929
55.944630628845,-3.1902039432423126,SE,55.94441849681064,-3.189991811207957,2119.769952723327,2166.053028524929
55.94441849681064,-3.189991811207957,NW,55.944630628845,-3.1902039432423126,2119.769952723327,2164.803028524929
55.944630628845,-3.1902039432423126,SE,55.94441849681064,-3.189991811207957,2119.769952723327,2163.553028524929
55.94441849681064,-3.189991811207957,NW,55.944630628845,-3.1902039432423126,2119.769952723327,2162.303028524929
55.944630628845,-3.1902039432423126,SE,55.94441849681064,-3.189991811207957,2119.769952723327,2161.053028524929
55.94441849681064,-3.189991811207957,NW,55.944630628845,-3.1902039432423126,2119.769952723327,2159.803028524929
55.944630628845,-3.1902039432423126,SE,55.94441849681064,-3.189991811207957,2119.769952723327,2158.553028524929
55.94441849681064,-3.189991811207957,NW,55.944630628845,-3.1902039432423126,2119.769952723327,2157.303028524929
55.944630628845,-3.1902039432423126,SE,55.94441849681064,-3.189991811207957,2119.769952723327,2156.053028524929
55.94441849681064,-3.189991811207957,NW,55.944630628845,-3.1902039432423126,2119.769952723327,2154.803028524929
55.944630628845,-3.1902039432423126,SE,55.94441849681064,-3.189991811207957,2119.769952723327,2153.553028524929
55.94441849681064,-3.189991811207957,NW,55.944630628845,-3.1902039432423126,2119.769952723327,2152.303028524929
55.944630628845,-3.1902039432423126,SE,55.94441849681064,-3.189991811207957,2119.769952723327,2151.053028524929
55.94441849681064,-3.189991811207957,NW,55.944630628845,-3.1902039432423126,2119.769952723327,2149.803028524929
55.944630628845,-3.1902039432423126,SE,55.94441849681064,-3.189991811207957,2119.769952723327,2148.553028524929
55.94441849681064,-3.189991811207957,NW,55.944630628845,-3.1902039432423126,2119.769952723327,2147.303028524929
55.944630628845,-3.1902039432423126,SE,55.94441849681064,-3.189991811207957,2119.769952723327,2146.053028524929
55.94441849681064,-3.189991811207957,NW,55.944630628845,-3.1902039432423126,2119.769952723327,2144.803028524929
55.944630628845,-3.1902039432423126,SE,55.94441849681064,-3.189991811207957,2119.769952723327,2143.553028524929
55.94441849681064,-3.189991811207957,NW,55.944630628845,-3.1902039432423126,2119.769952723327,2142.303028524929
55.944630628845,-3.1902039432423126,SE,55.94441849681064,-3.189991811207957,2119.769952723327,2141.053028524929
55.94441849681064,-3.189991811207957,NW,55.944630628845,-3.1902039432423126,2119.769952723327,2139.803028524929
55.944630628845,-3.1902039432423126,SE,55.94441849681064,-3.189991811207957,2119.769952723327,2138.553028524929
55.94441849681064,-3.189991811207957,NW,55.944630628845,-3.1902039432423126,2119.769952723327,2137.303028524929
55.944630628845,-3.1902039432423126,SE,55.94441849681064,-3.189991811207957,2119.769952723327,2136.053028524929
55.94441849681064,-3.189991811207957,NW,55.944630628845,-3.1902039432423126,2119.769952723327,2134.803028524929
55.944630628845,-3.1902039432423126,SE,55.94441849681064,-3.189991811207957,2119.769952723327,2133.553028524929
55.94441849681064,-3.189991811207957,NW,55.944630628845,-3.1902039432423126,2119.769952723327,2132.303028524929
55.944630628845,-3.1902039432423126,SE,55.94441849681064,-3.189991811207957,2119.769952723327,2131.053028524929
55.94441849681064,-3.189991811207957,NW,55.944630628845,-3.1902039432423126,2119.769952723327,2129.803028524929
55.944630628845,-3.1902039432423126,SE,55.94441849681064,-3.189991811207957,2119.769952723327,2128.553028524929
55.94441849681064,-3.189991811207957,NW,55.944630628845,-3.1902039432423126,2119.769952723327,2127.303028524929
55.944630628845,-3.1902039432423126,SE,55.94441849681064,-3.189991811207957,2119.769952723327,2126.053028524929
55.94441849681064,-3.189991811207957,NW,55.944630628845,-3.1902039432423126,2119.769952723327,2124.803028524929
55.944630628845,-3.1902039432423126,SE,55.94441849681064,-3.189991811207957,2119.769952723327,2123.553028524929
55.94441849681064,-3.189991811207957,NW,55.944630628845,-3.1902039432423126,2119.769952723327,2122.303028524929
55.944630628845,-3.1902039432423126,SE,55.94441849681064,-3.189991811207957,2119.769952723327,2121.053028524929
55.94441849681064,-3.189991811207957,NW,55.944630628845,-3.1902039432423126,2119.769952723327,2119.803028524929
55.944630628845,-3.1902039432423126,SE,55.94441849681064,-3.189991811207957,2119.769952723327,2118.553028524929
55.94441849681064,-3.189991811207957,NW,55.944630628845,-3.1902039432423126,2119.769952723327,2117.303028524929
55.944630628845,-3.1902039432423126,SE,55.94441849681064,-3.189991811207957,2119.769952723327,2116.053028524929
55.94441849681064,-3.189991811207957,NW,55.944630628845,-3.1902039432423126,2119.769952723327,2114.803028524929
55.944630628845,-3.1902039432423126,SE,55.94441849681064,-3.189991811207957,2119.769952723327,2113.553028524929
55.94441849681064,-3.189991811207957,NW,55.944630628845,-3.1902039432423126,2119.769952723327,2112.303028524929
55.944630628845,-3.1902039432423126,SE,55.94441849681064,-3.189991811207957,2119.769952723327,2111.053028524929
55.94441849681064,-3.189991811207957,NW,55.944630628845,-3.1902039432423126,2119.769952723327,2109.803028524929
55.944630628845,-3.1902039432423126,SE,55.94441849681064,-3.189991811207957,2119.769952723327,2108.553028524929
55.94441849681064,-3.189991811207957,NW,55.944630628845,-3.1902039432423126,2119.769952723327,2107.303028524929
55.944630628845,-3.1902039432423126,SE,55.94441849681064,-3.189991811207957,2119.769952723327,2106.053028524929
55.94441849681064,-3.189991811207957,NW,55.944630628845,-3.1902039432423126,2119.769952723327,2104.803028524929
55.944630628845,-3.1902039432423126,SE,55.94441849681064,-3.189991811207957,2119.769952723327,2103.553028524929
55.94441849681064,-3.189991811207957,NW,55.944630628845,-3.1902039432423126,2119.769952723327,2102.303028524929
55.944630628845,-3.1902039432423126,SE,55.94441849681064,-3.189991811207957,2119.769952723327,2101.053028524929
55.94441849681064,-3.189991811207957,NW,55.944630628845,-3.1902039432423126,2119.769952723327,2099.803028524929
55.944630628845,-3.1902039432423126,SE,55.94441849681064,-3.189991811207957,2119.769952723327,2098.553028524929
55.94441849681064,-3.189991811207957,NW,55.944630628845,-3.1902039432423126,2119.769952723327,2097.303028524929
55.944630628845,-3.1902039432423126,SE,55.94441849681064,-3.189991811207957,2119.769952723327,2096.053028524929
55.94441849681064,-3.189991811207957,NW,55.944630628845,-3.1902039432423126,2119.769952723327,2094.803028524929
55.944630628845,-3.1902039432423126,SE,55.94441849681064,-3.189991811207957,2119.769952723327,2093.553028524929
55.94441849681064,-3.189991811207957,NW,55.944630628845,-3.1902039432423126,2119.769952723327,2092.303028524929
55.944630628845,-3.1902039432423126,SE,55.94441849681064,-3.189991811207957,2119.769952723327,2091.053028524929
55.94441849681064,-3.189991811207957,NW,55.944630628845,-3.1902039432423126,2119.769952723327,2089.803028524929
55.944630628845,-3.1902039432423126,SE,55.94441849681064,-3.189991811207957,2119.769952723327,2088.553028524929
55.94441849681064,-3.189991811207957,NW,55.944630628845,-3.1902039432423126,2119.769952723327,2087.303028524929
55.944630628845,-3.1902039432423126,SE,55.94441849681064,-3.189991811207957,2119.769952723327,2086.053028524929
55.94441849681064,-3.189991811207957,NW,55.944630628845,-3.1902039432423126,2119.769952723327,2084.803028524929
55.944630628845,-3.1902039432423126,SE,55.94441849681064,-3.189991811207957,2119.769952723327,2083.553028524929
55.94441849681064,-3.189991811207957,NW,55.944630628845,-3.1902039432423126,2119.769952723327,2082.303028524929
55.944630628845,-3.1902039432423126,SE,55.94441849681064,-3.189991811207957,2119.769952723327,2081.053028524929
55.94441849681064,-3.189991811207957,NW,55.944630628845,-3.1902039432423126,2119.769952723327,2079.803028524929
55.944630628845,-3.1902039432423126,SE,55.94441849681064,-3.189991811207957,2119.769952723327,2078.553028524929
55.94441849681064,-3.189991811207957,NW,55.944630628845,-3.1902039432423126,2119.769952723327,2077.303028524929
55.944630628845,-3.1902039432423126,SE,55.94441849681064,-3.189991811207957,2119.769952723327,2076.053028524929
55.94441849681064,-3.189991811207957,NW,55.944630628845,-3.1902039432423126,2119.769952723327,2074.803028524929
55.944630628845,-3.1902039432423126,SE,55.94441849681064,-3.189991811207957,2119.769952723327,2073.553028524929
55.94441849681064,-3.189991811207957,NW,55.944630628845,-3.1902039432423126,2119.769952723327,2072.303028524929
55.944630628845,-3.1902039432423126,SE,55.94441849681064,-3.189991811207957,2119.769952723327,2071.053028524929
55.94441849681064,-3.189991811207957,NW,55.944630628845,-3.1902039432423126,2119.769952723327,2069.803028524929
55.944630628845,-3.1902039432423126,SE,55.94441849681064,-3.189991811207957,2119.769952723327,2068.553028524929
55.94441849681064,-3.189991811207957,NW,55.944630628845,-3.1902039432423126,2119.769952723327,2067.303028524929
55.944630628845,-3.1902039432423126,SE,55.94441849681064,-3.189991811207957,2119.769952723327,2066.053028524929
55.94441849681064,-3.189991811207957,NW,55.944630628845,-3.1902039432423126,2119.769952723327,2064.803028524929
55.944630628845,-3.1902039432423126,SE,55.94441849681064,-3.189991811207957,2119.769952723327,2063.553028524929
55.94441849681064,-3.189991811207957,NW,55.944630628845,-3.1902039432423126,2119.769952723327,2062.303028524929
55.944630628845,-3.1902039432423126,SE,55.94441849681064,-3.189991811207957,2119.769952723327,2061.053028524929
55.94441849681064,-3.189991811207957,NW,55.944630628845,-3.1902039432423126,2119.769952723327,2059.803028524929
55.944630628845,-3.1902039432423126,SE,55.94441849681064,-3.189991811207957,2119.769952723327,2058.553028524929
55.94441849681064,-3.189991811207957,NW,55.944630628845,-3.1902039432423126,2119.769952723327,2057.303028524929
55.944630628845,-3.1902039432423126,SE,55.94441849681064,-3.189991811207957,2119.769952723327,2056.053028524929
55.94441849681064,-3.189991811207957,NW,55.944630628845,-3.1902039432423126,2119.769952723327,2054.803028524929
55.944630628845,-3.1902039432423126,SE,55.94441849681064,-3.189991811207957,2119.769952723327,2053.553028524929
55.94441849681064,-3.189991811207957,NW,55.944630628845,-3.1902039432423126,2119.769952723327,2052.303028524929
55.944630628845,-3.1902039432423126,SE,55.94441849681064,-3.189991811207957,2119.769952723327,2051.053028524929
55.94441849681064,-3.189991811207957,NW,55.944630628845,-3.1902039432423126,2119.769952723327,2049.803028524929
55.944630628845,-3.1902039432423126,SE,55.94441849681064,-3.189991811207957,2119.769952723327,2048.553028524929
55.94441849681064,-3.189991811207957,NW,55.944630628845,-3.1902039432423126,2119.769952723327,2047.3030285249288
55.944630628845,-3.1902039432423126,SE,55.94441849681064,-3.189991811207957,2119.769952723327,2046.0530285249288
55.94441849681064,-3.189991811207957,NW,55.944630628845,-3.1902039432423126,2119.769952723327,2044.8030285249288
55.944630628845,-3.1902039432423126,SE,55.94441849681064,-3.189991811207957,2119.769952723327,2043.5530285249288
55.94441849681064,-3.189991811207957,NW,55.944630628845,-3.1902039432423126,2119.769952723327,2042.3030285249288
55.944630628845,-3.1902039432423126,SE,55.94441849681064,-3.189991811207957,2119.769952723327,2041.0530285249288
55.94441849681064,-3.189991811207957,NW,55.944630628845,-3.1902039432423126,2119.769952723327,2039.8030285249288
55.944630628845,-3.1902039432423126,SE,55.94441849681064,-3.189991811207957,2119.769952723327,2038.5530285249288
55.94441849681064,-3.189991811207957,NW,55.944630628845,-3.1902039432423126,2119.769952723327,2037.3030285249288
55.944630628845,-3.1902039432423126,SE,55.94441849681064,-3.189991811207957,2119.769952723327,2036.0530285249288
55.94441849681064,-3.189991811207957,NW,55.944630628845,-3.1902039432423126,2119.769952723327,2034.8030285249288
55.944630628845,-3.1902039432423126,SE,55.94441849681064,-3.189991811207957,2119.769952723327,2033.5530285249288
55.94441849681064,-3.189991811207957,NW,55.944630628845,-3.1902039432423126,2119.769952723327,2032.3030285249288
55.944630628845,-3.1902039432423126,SE,55.94441849681064,-3.189991811207957,2119.769952723327,2031.0530285249288
55.94441849681064,-3.189991811207957,NW,55.944630628845,-3.1902039432423126,2119.769952723327,2029.8030285249288
55.944630628845,-3.1902039432423126,SE,55.94441849681064,-3.189991811207957,2119.769952723327,2028.5530285249288
55.94441849681064,-3.189991811207957,NW,55.944630628845,-3.1902039432423126,2119.769952723327,2027.3030285249288
55.944630628845,-3.1902039432423126,SE,55.94441849681064,-3.189991811207957,2119.769952723327,2026.0530285249288
55.94441849681064,-3.189991811207957,NW,55.944630628845,-3.1902039432423126,2119.769952723327,2024.8030285249288
55.944630628845,-3.1902039432423126,SE,55.94441849681064,-3.189991811207957,2119.769952723327,2023.5530285249288
55.94441849681064,-3.189991811207957,NW,55.944630628845,-3.1902039432423126,2119.769952723327,2022.3030285249288
55.944630628845,-3.1902039432423126,SE,55.94441849681064,-3.189991811207957,2119.769952723327,2021.0530285249288
55.94441849681064,-3.189991811207957,NW,55.944630628845,-3.1902039432423126,2119.769952723327,2019.8030285249288
55.944630628845,-3.1902039432423126,SE,55.94441849681064,-3.189991811207957,2119.769952723327,2018.5530285249288
55.94441849681064,-3.189991811207957,NW,55.944630628845,-3.1902039432423126,2119.769952723327,2017.3030285249288
55.944630628845,-3.1902039432423126,SE,55.94441849681064,-3.189991811207957,2119.769952723327,2016.0530285249288
55.94441849681064,-3.189991811207957,NW,55.944630628845,-3.1902039432423126,2119.769952723327,2014.8030285249288
55.944630628845,-3.1902039432423126,SE,55.94441849681064,-3.189991811207957,2119.769952723327,2013.5530285249288
55.94441849681064,-3.189991811207957,NW,55.944630628845,-3.1902039432423126,2119.769952723327,2012.3030285249288
55.944630628845,-3.1902039432423126,SE,55.94441849681064,-3.189991811207957,2119.769952723327,2011.0530285249288
55.94441849681064,-3.189991811207957,NW,55.944630628845,-3.1902039432423126,2119.769952723327,2009.8030285249288
55.944630628845,-3.1902039432423126,SE,55.94441849681064,-3.189991811207957,2119.769952723327,2008.5530285249288
55.94441849681064,-3.189991811207957,NW,55.944630628845,-3.1902039432423126,2119.769952723327,2007.3030285249288
55.944630628845,-3.1902039432423126,SE,55.94441849681064,-3.189991811207957,2119.769952723327,2006.0530285249288
55.94441849681064,-3.189991811207957,NW,55.944630628845,-3.1902039432423126,2119.769952723327,2004.8030285249288
