55.944425,-3.188396,WSW,55.94431019497029,-3.1886731638597534,36.20763333485888,358.95904029088007
55.94431019497029,-3.1886731638597534,SE,55.944098062935936,-3.1884610318253976,130.1836739534644,429.02697713927506
55.944098062935936,-3.1884610318253976,SSE,55.94382089907618,-3.188346226795688,130.1836739534644,427.77697713927506
55.94382089907618,-3.188346226795688,SSE,55.94354373521642,-3.1882314217659786,162.59319569246492,548.2148878374105
55.94354373521642,-3.1882314217659786,SSW,55.943266571356666,-3.188346226795688,165.77645265578917,567.3350673905368
55.943266571356666,-3.188346226795688,SSW,55.94298940749691,-3.1884610318253976,165.77645265578917,566.0850673905368
55.94298940749691,-3.1884610318253976,S,55.94268940749691,-3.1884610318253976,234.47698676147715,633.8985564861375
55.94268940749691,-3.1884610318253976,NNW,55.94296657135666,-3.188575836855107,234.47698676147715,632.6485564861375
55.94296657135666,-3.188575836855107,NNW,55.94324373521642,-3.1886906418848167,234.47698676147715,631.3985564861375
55.94324373521642,-3.1886906418848167,NW,55.943455867250776,-3.1889027739191724,265.4960838545022,666.2429177790644
55.943455867250776,-3.1889027739191724,WNW,55.94357067228049,-3.189179937778926,346.7976372291315,720.156359783897
55.94357067228049,-3.189179937778926,SW,55.94335854024613,-3.1893920698132816,350.52279803955764,836.0290299284113
55.94335854024613,-3.1893920698132816,NNW,55.94363570410589,-3.189506874842991,389.89290356402114,840.9620886844149
55.94363570410589,-3.189506874842991,NE,55.94384783614024,-3.1892947428086353,502.19205899076826,876.8792980490438
55.94384783614024,-3.1892947428086353,NNE,55.944125,-3.189179937778926,510.6022225447422,898.4892330529509
55.944125,-3.189179937778926,WNW,55.94423980502971,-3.1894571016386792,557.1807475616683,971.4241795703828
55.94423980502971,-3.1894571016386792,NNE,55.94451696888947,-3.1893422966089697,557.1807475616683,970.1741795703828
55.94451696888947,-3.1893422966089697,NNE,55.94479413274922,-3.18922749157926,676.9008472246317,1048.4430599545044
55.94479413274922,-3.18922749157926,WNW,55.94490893777893,-3.1895046554390136,733.3155400954952,1082.8684493879555
55.94490893777893,-3.1895046554390136,NNW,55.94518610163869,-3.189619460468723,733.3155400954952,1081.6184493879555
55.94518610163869,-3.189619460468723,NW,55.945398233673046,-3.189831592503079,733.3155400954952,1080.3684493879555
55.945398233673046,-3.189831592503079,NNW,55.9456753975328,-3.1899463975327884,762.39299360189,1125.5713945853827
55.9456753975328,-3.1899463975327884,NE,55.94588752956716,-3.1897342654984326,762.39299360189,1124.3213945853827
55.94588752956716,-3.1897342654984326,NNE,55.946164693426915,-3.189619460468723,851.1984915959555,1246.529850175821
55.946164693426915,-3.189619460468723,SW,55.94595256139256,-3.189831592503079,851.1984915959555,1245.279850175821
55.94595256139256,-3.189831592503079,SW,55.9457404293582,-3.1900437245374347,851.1984915959555,1244.029850175821
55.9457404293582,-3.1900437245374347,SW,55.94552829732385,-3.1902558565717904,851.1984915959555,1242.779850175821
55.94552829732385,-3.1902558565717904,WSW,55.945413492294136,-3.190533020431544,872.7130723684876,1242.9568614945995
55.945413492294136,-3.190533020431544,WSW,55.945298687264426,-3.1908101842912973,872.7130723684876,1241.7068614945995
55.945298687264426,-3.1908101842912973,WSW,55.945183882234716,-3.1910873481510507,974.9880329617579,1282.2115938340025
55.945183882234716,-3.1910873481510507,SSW,55.94490671837496,-3.19120215318076,974.9880329617579,1280.9615938340025
55.94490671837496,-3.19120215318076,SSW,55.9446295545152,-3.1913169582104697,974.9880329617579,1279.7115938340025
55.9446295545152,-3.1913169582104697,SW,55.944417422480846,-3.1915290902448255,974.9880329617579,1278.4615938340025
55.944417422480846,-3.1915290902448255,SSW,55.94414025862109,-3.191643895274535,1036.3670526820183,1282.0273587041172
55.94414025862109,-3.191643895274535,SE,55.943928126586734,-3.191431763240179,1111.8750311707504,1293.3425293811792
55.943928126586734,-3.191431763240179,SSW,55.94365096272698,-3.1915465682698887,1111.8750311707504,1292.0925293811792
55.94365096272698,-3.1915465682698887,W,55.94365096272698,-3.191846568269889,1146.9927114039215,1392.184777424504
55.94365096272698,-3.191846568269889,ESE,55.94353615769727,-3.1915694044101355,1146.9927114039215,1390.934777424504
55.94353615769727,-3.1915694044101355,SE,55.94332402566291,-3.1913572723757797,1189.7300134053676,1477.9134482735826
55.94332402566291,-3.1913572723757797,WSW,55.9432092206332,-3.191634436235533,1189.7300134053676,1476.6634482735826
55.9432092206332,-3.191634436235533,W,55.9432092206332,-3.1919344362355333,1189.7300134053676,1475.4134482735826
55.9432092206332,-3.1919344362355333,SSW,55.942932056773444,-3.192049241265243,1239.665710579264,1503.8186035143888
55.942932056773444,-3.192049241265243,NE,55.9431441888078,-3.191837109230887,1239.665710579264,1502.5686035143888
55.9431441888078,-3.191837109230887,ENE,55.94325899383751,-3.1915599453711336,1239.665710579264,1501.3186035143888
55.94325899383751,-3.1915599453711336,ENE,55.94337379886722,-3.1912827815113802,1239.665710579264,1500.0686035143888
55.94337379886722,-3.1912827815113802,ENE,55.94348860389693,-3.191005617651627,1239.665710579264,1498.8186035143888
55.94348860389693,-3.191005617651627,ENE,55.94360340892664,-3.1907284537918734,1239.665710579264,1497.5686035143888
55.94360340892664,-3.1907284537918734,ENE,55.94371821395635,-3.19045128993212,1279.3294676263733,1590.2101234143927
55.94371821395635,-3.19045128993212,SE,55.943506081921996,-3.1902391578977642,1279.3294676263733,1588.9601234143927
55.943506081921996,-3.1902391578977642,SSE,55.94322891806224,-3.1901243528680547,1279.3294676263733,1587.7101234143927
55.94322891806224,-3.1901243528680547,SE,55.94301678602788,-3.189912220833699,1279.3294676263733,1586.4601234143927
55.94301678602788,-3.189912220833699,SSE,55.942739622168126,-3.1897974158039895,1331.642139697351,1661.925488435001
55.942739622168126,-3.1897974158039895,E,55.942739622168126,-3.1894974158039893,1331.642139697351,1660.675488435001
55.942739622168126,-3.1894974158039893,E,55.942739622168126,-3.189197415803989,1331.642139697351,1659.425488435001
55.942739622168126,-3.189197415803989,E,55.942739622168126,-3.188897415803989,1331.642139697351,1658.175488435001
55.942739622168126,-3.188897415803989,E,55.942739622168126,-3.1885974158039887,1331.642139697351,1656.925488435001
55.942739622168126,-3.1885974158039887,ENE,55.94285442719784,-3.1883202519442353,1331.642139697351,1655.675488435001
55.94285442719784,-3.1883202519442353,E,55.94285442719784,-3.188020251944235,1331.642139697351,1654.425488435001
55.94285442719784,-3.188020251944235,ENE,55.94296923222755,-3.1877430880844817,1331.642139697351,1653.175488435001
55.94296923222755,-3.1877430880844817,E,55.94296923222755,-3.1874430880844815,1331.642139697351,1651.925488435001
55.94296923222755,-3.1874430880844815,SW,55.94275710019319,-3.1876552201188373,1331.642139697351,1650.675488435001
55.94275710019319,-3.1876552201188373,ENE,55.9428719052229,-3.187378056259084,1331.642139697351,1649.425488435001
55.9428719052229,-3.187378056259084,NE,55.94308403725726,-3.187165924224728,1392.1358766540518,1700.8768368261037
55.94308403725726,-3.187165924224728,E,55.94308403725726,-3.186865924224728,1392.1358766540518,1699.6268368261037
55.94308403725726,-3.186865924224728,ENE,55.94319884228697,-3.1865887603649745,1406.4300449298025,1749.0991098683046
55.94319884228697,-3.1865887603649745,E,55.94319884228697,-3.1862887603649743,1406.4300449298025,1747.8491098683046
55.94319884228697,-3.1862887603649743,E,55.94319884228697,-3.185988760364974,1421.915799867797,1806.440601966313
55.94319884228697,-3.185988760364974,N,55.94349884228697,-3.185988760364974,1473.240392217832,1911.9200158884933
55.94349884228697,-3.185988760364974,N,55.943798842286974,-3.185988760364974,1587.4813495870453,1974.8735991186543
55.943798842286974,-3.185988760364974,NE,55.94401097432133,-3.1857766283306184,1668.1420854429414,2004.2050362278273
55.94401097432133,-3.1857766283306184,SE,55.943798842286974,-3.1855644962962626,1694.0930696461724,2110.9563328003405
55.943798842286974,-3.1855644962962626,ESE,55.94368403725726,-3.185287332436509,1694.0930696461724,2109.7063328003405
55.94368403725726,-3.185287332436509,E,55.94368403725726,-3.184987332436509,1694.0930696461724,2108.4563328003405
55.94368403725726,-3.184987332436509,ESE,55.94356923222755,-3.1847101685767556,1807.4650490517276,2125.6847969465593
55.94356923222755,-3.1847101685767556,SSE,55.943292068367796,-3.184595363547046,1833.6030800825993,2234.5587927091888
55.943292068367796,-3.184595363547046,NW,55.94350420040215,-3.184807495581402,1833.6030800825993,2233.3087927091888
55.94350420040215,-3.184807495581402,NW,55.94371633243651,-3.1850196276157576,1833.6030800825993,2232.0587927091888
55.94371633243651,-3.1850196276157576,NW,55.943928464470865,-3.1852317596501134,1833.6030800825993,2230.8087927091888
55.943928464470865,-3.1852317596501134,NW,55.94414059650522,-3.185443891684469,1833.6030800825993,2229.5587927091888
55.94414059650522,-3.185443891684469,NW,55.94435272853958,-3.185656023718825,1833.6030800825993,2228.3087927091888
55.94435272853958,-3.185656023718825,NW,55.944564860573934,-3.1858681557531807,1833.6030800825993,2227.0587927091888
55.944564860573934,-3.1858681557531807,NNW,55.94484202443369,-3.1859829607828902,1836.6753464891885,2316.4526532440063
55.94484202443369,-3.1859829607828902,NE,55.945054156468046,-3.1857708287485345,1836.6753464891885,2315.2026532440063
55.945054156468046,-3.1857708287485345,ENE,55.94516896149776,-3.185493664888781,1836.6753464891885,2313.9526532440063
55.94516896149776,-3.185493664888781,NE,55.94538109353211,-3.1852815328544253,1907.062871059161,2388.306159661551
55.94538109353211,-3.1852815328544253,N,55.945681093532116,-3.1852815328544253,2030.0607084326464,2422.7551823535705
55.945681093532116,-3.1852815328544253,N,55.94598109353212,-3.1852815328544253,2064.3636754159597,2492.2527158200687
55.94598109353212,-3.1852815328544253,SW,55.94576896149776,-3.185493664888781,2064.3636754159597,2491.0027158200687
55.94576896149776,-3.185493664888781,SW,55.945556829463406,-3.185705796923137,2064.3636754159597,2489.7527158200687
55.945556829463406,-3.185705796923137,SW,55.94534469742905,-3.1859179289574926,2064.3636754159597,2488.5027158200687
55.94534469742905,-3.1859179289574926,WSW,55.94522989239934,-3.186195092817246,2064.3636754159597,2487.2527158200687
55.94522989239934,-3.186195092817246,SW,55.94501776036498,-3.1864072248516018,2064.3636754159597,2486.0027158200687
55.94501776036498,-3.1864072248516018,WSW,55.94490295533527,-3.186684388711355,2064.3636754159597,2484.7527158200687
55.94490295533527,-3.186684388711355,SW,55.94469082330092,-3.186896520745711,2142.4158221019757,2531.455493887181
55.94469082330092,-3.186896520745711,SW,55.94447869126656,-3.1871086527800667,2216.5583420245603,2556.5316489141533
55.94447869126656,-3.1871086527800667,NE,55.94469082330092,-3.186896520745711,2216.5583420245603,2555.2816489141533
55.94469082330092,-3.186896520745711,SW,55.94447869126656,-3.1871086527800667,2216.5583420245603,2554.0316489141533
55.94447869126656,-3.1871086527800667,NE,55.94469082330092,-3.186896520745711,2216.5583420245603,2552.7816489141533
55.94469082330092,-3.186896520745711,SW,55.94447869126656,-3.1871086527800667,2216.5583420245603,2551.5316489141533
55.94447869126656,-3.1871086527800667,NE,55.94469082330092,-3.186896520745711,2216.5583420245603,2550.2816489141533
55.94469082330092,-3.186896520745711,SW,55.94447869126656,-3.1871086527800667,2216.5583420245603,2549.0316489141533
55.94447869126656,-3.1871086527800667,NE,55.94469082330092,-3.186896520745711,2216.5583420245603,2547.7816489141533
55.94469082330092,-3.186896520745711,SW,55.94447869126656,-3.1871086527800667,2216.5583420245603,2546.5316489141533
55.94447869126656,-3.1871086527800667,NE,55.94469082330092,-3.186896520745711,2216.5583420245603,2545.2816489141533
55.94469082330092,-3.186896520745711,SW,55.94447869126656,-3.1871086527800667,2216.5583420245603,2544.0316489141533
55.94447869126656,-3.1871086527800667,NE,55.94469082330092,-3.186896520745711,2216.5583420245603,2542.7816489141533
55.94469082330092,-3.186896520745711,SW,55.94447869126656,-3.1871086527800667,2216.5583420245603,2541.5316489141533
55.94447869126656,-3.1871086527800667,NE,55.94469082330092,-3.186896520745711,2216.5583420245603,2540.2816489141533
55.94469082330092,-3.186896520745711,SW,55.94447869126656,-3.1871086527800667,2216.5583420245603,2539.0316489141533
55.94447869126656,-3.1871086527800667,NE,55.94469082330092,-3.186896520745711,2216.5583420245603,2537.7816489141533
55.94469082330092,-3.186896520745711,SW,55.94447869126656,-3.1871086527800667,2216.5583420245603,2536.5316489141533
55.94447869126656,-3.1871086527800667,NE,55.94469082330092,-3.186896520745711,2216.5583420245603,2535.2816489141533
55.94469082330092,-3.186896520745711,SW,55.94447869126656,-3.1871086527800667,2216.5583420245603,2534.0316489141533
55.94447869126656,-3.1871086527800667,NE,55.94469082330092,-3.186896520745711,2216.5583420245603,2532.7816489141533
55.94469082330092,-3.186896520745711,SW,55.94447869126656,-3.1871086527800667,2216.5583420245603,2531.5316489141533
55.94447869126656,-3.1871086527800667,NE,55.94469082330092,-3.186896520745711,2216.5583420245603,2530.2816489141533
55.94469082330092,-3.186896520745711,SW,55.94447869126656,-3.1871086527800667,2216.5583420245603,2529.0316489141533
55.94447869126656,-3.1871086527800667,NE,55.94469082330092,-3.186896520745711,2216.5583420245603,2527.7816489141533
55.94469082330092,-3.186896520745711,SW,55.94447869126656,-3.1871086527800667,2216.5583420245603,2526.5316489141533
55.94447869126656,-3.1871086527800667,NE,55.94469082330092,-3.186896520745711,2216.5583420245603,2525.2816489141533
55.94469082330092,-3.186896520745711,SW,55.94447869126656,-3.1871086527800667,2216.5583420245603,2524.0316489141533
55.94447869126656,-3.1871086527800667,NE,55.94469082330092,-3.186896520745711,2216.5583420245603,2522.7816489141533
55.94469082330092,-3.186896520745711,SW,55.94447869126656,-3.1871086527800667,2216.5583420245603,2521.5316489141533
55.94447869126656,-3.1871086527800667,NE,55.94469082330092,-3.186896520745711,2216.5583420245603,2520.2816489141533
55.94469082330092,-3.186896520745711,SW,55.94447869126656,-3.1871086527800667,2216.5583420245603,2519.0316489141533
55.94447869126656,-3.1871086527800667,NE,55.94469082330092,-3.186896520745711,2216.5583420245603,2517.7816489141533
55.94469082330092,-3.186896520745711,SW,55.94447869126656,-3.1871086527800667,2216.5583420245603,2516.5316489141533
55.94447869126656,-3.1871086527800667,NE,55.94469082330092,-3.186896520745711,2216.5583420245603,2515.2816489141533
55.94469082330092,-3.186896520745711,SW,55.94447869126656,-3.1871086527800667,2216.5583420245603,2514.0316489141533
55.94447869126656,-3.1871086527800667,NE,55.94469082330092,-3.186896520745711,2216.5583420245603,2512.7816489141533
55.94469082330092,-3.186896520745711,SW,55.94447869126656,-3.1871086527800667,2216.5583420245603,2511.5316489141533
55.94447869126656,-3.1871086527800667,NE,55.94469082330092,-3.186896520745711,2216.5583420245603,2510.2816489141533
55.94469082330092,-3.186896520745711,SW,55.94447869126656,-3.1871086527800667,2216.5583420245603,2509.0316489141533
55.94447869126656,-3.1871086527800667,NE,55.94469082330092,-3.186896520745711,2216.5583420245603,2507.7816489141533
55.94469082330092,-3.186896520745711,SW,55.94447869126656,-3.1871086527800667,2216.5583420245603,2506.5316489141533
55.94447869126656,-3.1871086527800667,NE,55.94469082330092,-3.186896520745711,2216.5583420245603,2505.2816489141533
55.94469082330092,-3.186896520745711,SW,55.94447869126656,-3.1871086527800667,2216.5583420245603,2504.0316489141533
55.94447869126656,-3.1871086527800667,NE,55.94469082330092,-3.186896520745711,2216.5583420245603,2502.7816489141533
55.94469082330092,-3.186896520745711,SW,55.94447869126656,-3.1871086527800667,2216.5583420245603,2501.5316489141533
55.94447869126656,-3.1871086527800667,NE,55.94469082330092,-3.186896520745711,2216.5583420245603,2500.2816489141533
55.94469082330092,-3.186896520745711,SW,55.94447869126656,-3.1871086527800667,2216.5583420245603,2499.0316489141533
55.94447869126656,-3.1871086527800667,NE,55.94469082330092,-3.186896520745711,2216.5583420245603,2497.7816489141533
55.94469082330092,-3.186896520745711,SW,55.94447869126656,-3.1871086527800667,2216.5583420245603,2496.5316489141533
55.94447869126656,-3.1871086527800667,NE,55.94469082330092,-3.186896520745711,2216.5583420245603,2495.2816489141533
55.94469082330092,-3.186896520745711,SW,55.94447869126656,-3.1871086527800667,2216.5583420245603,2494.0316489141533
55.94447869126656,-3.1871086527800667,NE,55.94469082330092,-3.186896520745711,2216.5583420245603,2492.7816489141533
55.94469082330092,-3.186896520745711,SW,55.94447869126656,-3.1871086527800667,2216.5583420245603,2491.5316489141533
55.94447869126656,-3.1871086527800667,NE,55.94469082330092,-3.186896520745711,2216.5583420245603,2490.2816489141533
55.94469082330092,-3.186896520745711,SW,55.94447869126656,-3.1871086527800667,2216.5583420245603,2489.0316489141533
55.94447869126656,-3.1871086527800667,NE,55.94469082330092,-3.186896520745711,2216.5583420245603,2487.7816489141533
55.94469082330092,-3.186896520745711,SW,55.94447869126656,-3.1871086527800667,2216.5583420245603,2486.5316489141533
55.94447869126656,-3.1871086527800667,NE,55.94469082330092,-3.186896520745711,2216.5583420245603,2485.2816489141533
55.94469082330092,-3.186896520745711,SW,55.94447869126656,-3.1871086527800667,2216.5583420245603,2484.0316489141533
55.94447869126656,-3.1871086527800667,NE,55.94469082330092,-3.186896520745711,2216.5583420245603,2482.7816489141533
55.94469082330092,-3.186896520745711,SW,55.94447869126656,-3.1871086527800667,2216.5583420245603,2481.5316489141533
55.94447869126656,-3.1871086527800667,NE,55.94469082330092,-3.186896520745711,2216.5583420245603,2480.2816489141533
55.94469082330092,-3.186896520745711,SW,55.94447869126656,-3.1871086527800667,2216.5583420245603,2479.0316489141533
55.94447869126656,-3.1871086527800667,NE,55.94469082330092,-3.186896520745711,2216.5583420245603,2477.7816489141533
55.94469082330092,-3.186896520745711,SW,55.94447869126656,-3.1871086527800667,2216.5583420245603,2476.5316489141533
55.94447869126656,-3.1871086527800667,NE,55.94469082330092,-3.186896520745711,2216.5583420245603,2475.2816489141533
55.94469082330092,-3.186896520745711,SW,55.94447869126656,-3.1871086527800667,2216.5583420245603,2474.0316489141533
55.94447869126656,-3.1871086527800667,NE,55.94469082330092,-3.186896520745711,2216.5583420245603,2472.7816489141533
55.94469082330092,-3.186896520745711,SW,55.94447869126656,-3.1871086527800667,2216.5583420245603,2471.5316489141533
55.94447869126656,-3.1871086527800667,NE,55.94469082330092,-3.186896520745711,2216.5583420245603,2470.2816489141533
55.94469082330092,-3.186896520745711,SW,55.94447869126656,-3.1871086527800667,2216.5583420245603,2469.0316489141533
55.94447869126656,-3.1871086527800667,NE,55.94469082330092,-3.186896520745711,2216.5583420245603,2467.7816489141533
55.94469082330092,-3.186896520745711,SW,55.94447869126656,-3.1871086527800667,2216.5583420245603,2466.5316489141533
55.94447869126656,-3.1871086527800667,NE,55.94469082330092,-3.186896520745711,2216.5583420245603,2465.2816489141533
55.94469082330092,-3.186896520745711,SW,55.94447869126656,-3.1871086527800667,2216.5583420245603,2464.0316489141533
55.94447869126656,-3.1871086527800667,NE,55.94469082330092,-3.186896520745711,2216.5583420245603,2462.7816489141533
55.94469082330092,-3.186896520745711,SW,55.94447869126656,-3.1871086527800667,2216.5583420245603,2461.5316489141533
55.94447869126656,-3.1871086527800667,NE,55.94469082330092,-3.186896520745711,2216.5583420245603,2460.2816489141533
55.94469082330092,-3.186896520745711,SW,55.94447869126656,-3.1871086527800667,2216.5583420245603,2459.0316489141533
55.94447869126656,-3.1871086527800667,NE,55.94469082330092,-3.186896520745711,2216.5583420245603,2457.7816489141533
55.94469082330092,-3.186896520745711,SW,55.94447869126656,-3.1871086527800667,2216.5583420245603,2456.5316489141533
55.94447869126656,-3.1871086527800667,NE,55.94469082330092,-3.186896520745711,2216.5583420245603,2455.2816489141533
55.94469082330092,-3.186896520745711,SW,55.94447869126656,-3.1871086527800667,2216.5583420245603,2454.0316489141533
55.94447869126656,-3.1871086527800667,NE,55.94469082330092,-3.186896520745711,2216.5583420245603,2452.7816489141533
55.94469082330092,-3.186896520745711,SW,55.94447869126656,-3.1871086527800667,2216.5583420245603,2451.5316489141533
55.94447869126656,-3.1871086527800667,NE,55.94469082330092,-3.186896520745711,2216.5583420245603,2450.2816489141533
55.94469082330092,-3.186896520745711,SW,55.94447869126656,-3.1871086527800667,2216.5583420245603,2449.0316489141533
55.94447869126656,-3.1871086527800667,NE,55.94469082330092,-3.186896520745711,2216.5583420245603,2447.7816489141533
55.94469082330092,-3.186896520745711,SW,55.94447869126656,-3.1871086527800667,2216.5583420245603,2446.5316489141533
55.94447869126656,-3.1871086527800667,NE,55.94469082330092,-3.186896520745711,2216.5583420245603,2445.2816489141533
55.94469082330092,-3.186896520745711,SW,55.94447869126656,-3.1871086527800667,2216.5583420245603,2444.0316489141533
55.94447869126656,-3.1871086527800667,NE,55.94469082330092,-3.186896520745711,2216.5583420245603,2442.7816489141533
55.94469082330092,-3.186896520745711,SW,55.94447869126656,-3.1871086527800667,2216.5583420245603,2441.5316489141533
55.94447869126656,-3.1871086527800667,NE,55.94469082330092,-3.186896520745711,2216.5583420245603,2440.2816489141533
55.94469082330092,-3.186896520745711,SW,55.94447869126656,-3.1871086527800667,2216.5583420245603,2439.0316489141533
55.94447869126656,-3.1871086527800667,NE,55.94469082330092,-3.186896520745711,2216.5583420245603,2437.7816489141533
55.94469082330092,-3.186896520745711,SW,55.94447869126656,-3.1871086527800667,2216.5583420245603,2436.5316489141533
55.94447869126656,-3.1871086527800667,NE,55.94469082330092,-3.186896520745711,2216.5583420245603,2435.2816489141533
55.94469082330092,-3.186896520745711,SW,55.94447869126656,-3.1871086527800667,2216.5583420245603,2434.0316489141533
55.94447869126656,-3.1871086527800667,NE,55.94469082330092,-3.186896520745711,2216.5583420245603,2432.7816489141533
55.94469082330092,-3.186896520745711,SW,55.94447869126656,-3.1871086527800667,2216.5583420245603,2431.5316489141533
55.94447869126656,-3.1871086527800667,NE,55.94469082330092,-3.186896520745711,2216.5583420245603,2430.2816489141533
55.94469082330092,-3.186896520745711,SW,55.94447869126656,-3.1871086527800667,2216.5583420245603,2429.0316489141533
55.94447869126656,-3.1871086527800667,NE,55.94469082330092,-3.186896520745711,2216.5583420245603,2427.7816489141533
55.94469082330092,-3.186896520745711,SW,55.94447869126656,-3.1871086527800667,2216.5583420245603,2426.5316489141533
55.94447869126656,-3.1871086527800667,NE,55.94469082330092,-3.186896520745711,2216.5583420245603,2425.2816489141533
55.94469082330092,-3.186896520745711,SW,55.94447869126656,-3.1871086527800667,2216.5583420245603,2424.0316489141533
55.94447869126656,-3.1871086527800667,NE,55.94469082330092,-3.186896520745711,2216.5583420245603,2422.7816489141533
55.94469082330092,-3.186896520745711,SW,55.94447869126656,-3.1871086527800667,2216.5583420245603,2421.5316489141533
55.94447869126656,-3.1871086527800667,NE,55.94469082330092,-3.186896520745711,2216.5583420245603,2420.2816489141533
55.94469082330092,-3.186896520745711,SW,55.94447869126656,-3.1871086527800667,2216.5583420245603,2419.0316489141533
55.94447869126656,-3.1871086527800667,NE,55.94469082330092,-3.186896520745711,2216.5583420245603,2417.7816489141533
55.94469082330092,-3.186896520745711,SW,55.94447869126656,-3.1871086527800667,2216.5583420245603,2416.5316489141533
55.94447869126656,-3.1871086527800667,NE,55.94469082330092,-3.186896520745711,2216.5583420245603,2415.2816489141533
55.94469082330092,-3.186896520745711,SW,55.94447869126656,-3.1871086527800667,2216.5583420245603,2414.0316489141533
55.94447869126656,-3.1871086527800667,NE,55.94469082330092,-3.186896520745711,2216.5583420245603,2412.7816489141533
55.94469082330092,-3.186896520745711,SW,55.94447869126656,-3.1871086527800667,2216.5583420245603,2411.5316489141533
55.94447869126656,-3.1871086527800667,NE,55.94469082330092,-3.186896520745711,2216.5583420245603,2410.2816489141533
55.94469082330092,-3.186896520745711,SW,55.94447869126656,-3.1871086527800667,2216.5583420245603,2409.0316489141533
55.94447869126656,-3.1871086527800667,NE,55.94469082330092,-3.186896520745711,2216.5583420245603,2407.7816489141533
55.94469082330092,-3.186896520745711,SW,55.94447869126656,-3.1871086527800667,2216.5583420245603,2406.5316489141533
55.94447869126656,-3.1871086527800667,NE,55.94469082330092,-3.186896520745711,2216.5583420245603,2405.2816489141533
55.94469082330092,-3.186896520745711,SW,55.94447869126656,-3.1871086527800667,2216.5583420245603,2404.0316489141533
55.94447869126656,-3.1871086527800667,NE,55.94469082330092,-3.186896520745711,2216.5583420245603,2402.7816489141533
55.94469082330092,-3.186896520745711,SW,55.94447869126656,-3.1871086527800667,2216.5583420245603,2401.5316489141533
55.94447869126656,-3.1871086527800667,NE,55.94469082330092,-3.186896520745711,2216.5583420245603,2400.2816489141533
55.94469082330092,-3.186896520745711,SW,55.94447869126656,-3.1871086527800667,2216.5583420245603,2399.0316489141533
55.94447869126656,-3.1871086527800667,NE,55.94469082330092,-3.186896520745711,2216.5583420245603,2397.7816489141533
55.94469082330092,-3.186896520745711,SW,55.94447869126656,-3.1871086527800667,2216.5583420245603,2396.5316489141533
55.94447869126656,-3.1871086527800667,NE,55.94469082330092,-3.186896520745711,2216.5583420245603,2395.2816489141533
55.94469082330092,-3.186896520745711,SW,55.94447869126656,-3.1871086527800667,2216.5583420245603,2394.0316489141533
55.94447869126656,-3.1871086527800667,NE,55.94469082330092,-3.186896520745711,2216.5583420245603,2392.7816489141533
55.94469082330092,-3.186896520745711,SW,55.94447869126656,-3.1871086527800667,2216.5583420245603,2391.5316489141533
55.94447869126656,-3.1871086527800667,NE,55.94469082330092,-3.186896520745711,2216.5583420245603,2390.2816489141533
55.94469082330092,-3.186896520745711,SW,55.94447869126656,-3.1871086527800667,2216.5583420245603,2389.0316489141533
55.94447869126656,-3.1871086527800667,NE,55.94469082330092,-3.186896520745711,2216.5583420245603,2387.7816489141533
55.94469082330092,-3.186896520745711,SW,55.94447869126656,-3.1871086527800667,2216.5583420245603,2386.5316489141533
55.94447869126656,-3.1871086527800667,NE,55.94469082330092,-3.186896520745711,2216.5583420245603,2385.2816489141533
55.94469082330092,-3.186896520745711,SW,55.94447869126656,-3.1871086527800667,2216.5583420245603,2384.0316489141533
55.94447869126656,-3.1871086527800667,NE,55.94469082330092,-3.186896520745711,2216.5583420245603,2382.7816489141533
55.94469082330092,-3.186896520745711,SW,55.94447869126656,-3.1871086527800667,2216.5583420245603,2381.5316489141533
55.94447869126656,-3.1871086527800667,NE,55.94469082330092,-3.186896520745711,2216.5583420245603,2380.2816489141533
55.94469082330092,-3.186896520745711,SW,55.94447869126656,-3.1871086527800667,2216.5583420245603,2379.0316489141533
55.94447869126656,-3.1871086527800667,NE,55.94469082330092,-3.186896520745711,2216.5583420245603,2377.7816489141533
55.94469082330092,-3.186896520745711,SW,55.94447869126656,-3.1871086527800667,2216.5583420245603,2376.5316489141533
55.94447869126656,-3.1871086527800667,NE,55.94469082330092,-3.186896520745711,2216.5583420245603,2375.2816489141533
55.94469082330092,-3.186896520745711,SW,55.94447869126656,-3.1871086527800667,2216.5583420245603,2374.0316489141533
55.94447869126656,-3.1871086527800667,NE,55.94469082330092,-3.186896520745711,2216.5583420245603,2372.7816489141533
55.94469082330092,-3.186896520745711,SW,55.94447869126656,-3.1871086527800667,2216.5583420245603,2371.5316489141533
55.94447869126656,-3.1871086527800667,NE,55.94469082330092,-3.186896520745711,2216.5583420245603,2370.2816489141533
55.94469082330092,-3.186896520745711,SW,55.94447869126656,-3.1871086527800667,2216.5583420245603,2369.0316489141533
55.94447869126656,-3.1871086527800667,NE,55.94469082330092,-3.186896520745711,2216.5583420245603,2367.7816489141533
55.94469082330092,-3.186896520745711,SW,55.94447869126656,-3.1871086527800667,2216.5583420245603,2366.5316489141533
55.94447869126656,-3.1871086527800667,NE,55.94469082330092,-3.186896520745711,2216.5583420245603,2365.2816489141533
55.94469082330092,-3.186896520745711,SW,55.94447869126656,-3.1871086527800667,2216.5583420245603,2364.0316489141533
55.94447869126656,-3.1871086527800667,NE,55.94469082330092,-3.186896520745711,2216.5583420245603,2362.7816489141533
