55.944425,-3.188396,SSE,55.944147836140246,-3.1882811949702905,0.0,248.75
55.944147836140246,-3.1882811949702905,S,55.94384783614024,-3.1882811949702905,1.4577651419128284,281.51901189134486
55.94384783614024,-3.1882811949702905,SW,55.94363570410589,-3.1884933270046463,1.4577651419128284,280.26901189134486
55.94363570410589,-3.1884933270046463,WSW,55.94352089907618,-3.1887704908643997,81.12936448577963,391.8709879822221
55.94352089907618,-3.1887704908643997,WSW,55.943406094046466,-3.189047654724153,191.27002895444713,505.46729043166573
55.943406094046466,-3.189047654724153,S,55.94310609404646,-3.189047654724153,266.4846969259825,566.9613473462286
55.94310609404646,-3.189047654724153,WSW,55.94299128901675,-3.1893248185839065,353.4620856110407,633.69662029305
55.94299128901675,-3.1893248185839065,NNW,55.94326845287651,-3.189439623613616,353.4620856110407,632.44662029305
55.94326845287651,-3.189439623613616,NW,55.943480584910866,-3.1896517556479718,422.0540905556867,634.1364238857217
55.943480584910866,-3.1896517556479718,NE,55.94369271694522,-3.189439623613616,422.0540905556867,632.8864238857217
55.94369271694522,-3.189439623613616,NNW,55.94396988080498,-3.1895544286433255,422.0540905556867,631.6364238857217
55.94396988080498,-3.1895544286433255,NW,55.944182012839335,-3.1897665606776813,422.0540905556867,630.3864238857217
55.944182012839335,-3.1897665606776813,NW,55.94439414487369,-3.189978692712037,427.8163280811362,673.1394325165963
55.94439414487369,-3.189978692712037,NNE,55.94467130873345,-3.1898638876823275,495.8946654390755,714.980070225689
55.94467130873345,-3.1898638876823275,SW,55.94445917669909,-3.1900760197166833,495.8946654390755,713.730070225689
55.94445917669909,-3.1900760197166833,WNW,55.9445739817288,-3.1903531835764367,568.6357833200398,814.9240204657153
55.9445739817288,-3.1903531835764367,WSW,55.94445917669909,-3.19063034743619,568.6357833200398,813.6740204657153
55.94445917669909,-3.19063034743619,WSW,55.94434437166938,-3.1909075112959435,568.6357833200398,812.4240204657153
55.94434437166938,-3.1909075112959435,WSW,55.94422956663967,-3.191184675155697,602.2801643646899,892.9166692610678
55.94422956663967,-3.191184675155697,SW,55.944017434605314,-3.1913968071900527,602.2801643646899,891.6666692610678
55.944017434605314,-3.1913968071900527,SW,55.94380530257096,-3.1916089392244085,602.2801643646899,890.4166692610678
55.94380530257096,-3.1916089392244085,SSW,55.9435281387112,-3.191723744254118,674.0476753115448,1006.8974705830758
55.9435281387112,-3.191723744254118,NNW,55.94380530257096,-3.1918385492838275,674.0476753115448,1005.6474705830758
55.94380530257096,-3.1918385492838275,NW,55.944017434605314,-3.1920506813181833,674.0476753115448,1004.3974705830758
55.944017434605314,-3.1920506813181833,NNW,55.94429459846507,-3.1921654863478928,674.0476753115448,1003.1474705830758
55.94429459846507,-3.1921654863478928,NW,55.94450673049943,-3.1923776183822485,731.6480547129945,1067.1437713583578
55.94450673049943,-3.1923776183822485,NE,55.94471886253378,-3.1921654863478928,731.6480547129945,1065.8937713583578
55.94471886253378,-3.1921654863478928,NE,55.94493099456814,-3.191953354313537,731.6480547129945,1064.6437713583578
55.94493099456814,-3.191953354313537,NE,55.945143126602495,-3.1917412222791812,731.6480547129945,1063.3937713583578
55.945143126602495,-3.1917412222791812,ENE,55.945257931632206,-3.191464058419428,731.6480547129945,1062.1437713583578
55.945257931632206,-3.191464058419428,ESE,55.945143126602495,-3.1911868945596744,731.6480547129945,1060.8937713583578
55.945143126602495,-3.1911868945596744,ENE,55.945257931632206,-3.190909730699921,731.6480547129945,1059.6437713583578
55.945257931632206,-3.190909730699921,NNW,55.94553509549196,-3.1910245357296305,772.0377265663136,1182.9812582057743
55.94553509549196,-3.1910245357296305,ENE,55.94564990052167,-3.190747371869877,772.0377265663136,1181.7312582057743
55.94564990052167,-3.190747371869877,ENE,55.94576470555138,-3.1904702080101237,772.1649438040272,1255.907072326044
55.94576470555138,-3.1904702080101237,ENE,55.94587951058109,-3.1901930441503703,772.1649438040272,1254.657072326044
55.94587951058109,-3.1901930441503703,SE,55.94566737854674,-3.1899809121160145,772.1649438040272,1253.407072326044
55.94566737854674,-3.1899809121160145,E,55.94566737854674,-3.1896809121160143,772.1649438040272,1252.157072326044
55.94566737854674,-3.1896809121160143,NE,55.94587951058109,-3.1894687800816586,772.1649438040272,1250.907072326044
55.94587951058109,-3.1894687800816586,NNE,55.94615667444085,-3.189353975051949,877.7466637693649,1264.077970127889
55.94615667444085,-3.189353975051949,SE,55.945944542406494,-3.1891418430175933,929.6893632850139,1308.6331481302577
55.945944542406494,-3.1891418430175933,E,55.945944542406494,-3.188841843017593,1015.7280478622581,1401.5919075744255
55.945944542406494,-3.188841843017593,E,55.945944542406494,-3.188541843017593,1015.7280478622581,1400.3419075744255
55.945944542406494,-3.188541843017593,E,55.945944542406494,-3.1882418430175927,1015.7280478622581,1399.0919075744255
55.945944542406494,-3.1882418430175927,E,55.945944542406494,-3.1879418430175925,1015.7280478622581,1397.8419075744255
55.945944542406494,-3.1879418430175925,E,55.945944542406494,-3.1876418430175923,1037.9666673482593,1430.4550755698535
55.945944542406494,-3.1876418430175923,SE,55.94573241037214,-3.1874297109832366,1037.9666673482593,1429.2050755698535
55.94573241037214,-3.1874297109832366,SE,55.94552027833778,-3.187217578948881,1094.581794910287,1510.7478292808878
55.94552027833778,-3.187217578948881,ENE,55.94563508336749,-3.1869404150891274,1199.2930425844017,1583.1184429360026
55.94563508336749,-3.1869404150891274,NNW,55.94591224722725,-3.187055220118837,1199.2930425844017,1581.8684429360026
55.94591224722725,-3.187055220118837,N,55.94621224722725,-3.187055220118837,1206.820413572998,1628.1471481340548
55.94621224722725,-3.187055220118837,E,55.94621224722725,-3.1867552201188367,1206.820413572998,1626.8971481340548
55.94621224722725,-3.1867552201188367,SSE,55.945935083367495,-3.186640415089127,1206.820413572998,1625.6471481340548
55.945935083367495,-3.186640415089127,SE,55.94572295133314,-3.1864282830547714,1206.820413572998,1624.3971481340548
55.94572295133314,-3.1864282830547714,E,55.94572295133314,-3.1861282830547712,1314.0167938585928,1672.7467984620232
55.94572295133314,-3.1861282830547712,NNE,55.946000115192895,-3.1860134780250617,1400.1023249555683,1785.0771027451926
55.946000115192895,-3.1860134780250617,SSE,55.94572295133314,-3.1858986729953522,1400.1023249555683,1783.8271027451926
55.94572295133314,-3.1858986729953522,SSE,55.94544578747338,-3.1857838679656427,1462.571195088535,1803.787280462053
55.94544578747338,-3.1857838679656427,NE,55.94565791950774,-3.185571735931287,1462.571195088535,1802.537280462053
55.94565791950774,-3.185571735931287,NE,55.945870051542094,-3.185359603896931,1581.5563920888494,1849.1859057131799
55.945870051542094,-3.185359603896931,ESE,55.945755246512384,-3.1850824400371778,1581.5563920888494,1847.9359057131799
55.945755246512384,-3.1850824400371778,SE,55.94554311447803,-3.184870308002822,1687.0855370152801,1938.7659672881036
55.94554311447803,-3.184870308002822,SSE,55.94526595061827,-3.1847555029731125,1687.0855370152801,1937.5159672881036
55.94526595061827,-3.1847555029731125,SE,55.945053818583915,-3.1845433709387567,1711.1611437356719,2008.3500169066203
55.945053818583915,-3.1845433709387567,SSW,55.94477665472416,-3.1846581759684662,1711.1611437356719,2007.1000169066203
55.94477665472416,-3.1846581759684662,S,55.944476654724156,-3.1846581759684662,1711.1611437356719,2005.8500169066203
55.944476654724156,-3.1846581759684662,SSW,55.9441994908644,-3.1847729809981757,1711.1611437356719,2004.6000169066203
55.9441994908644,-3.1847729809981757,S,55.943899490864396,-3.1847729809981757,1806.9888292252108,2063.419551214608
55.943899490864396,-3.1847729809981757,E,55.943899490864396,-3.1844729809981756,1905.5189937072546,2134.5089011971218
55.943899490864396,-3.1844729809981756,SSW,55.94362232700464,-3.184587786027885,1905.5189937072546,2133.2589011971218
55.94362232700464,-3.184587786027885,SSW,55.94334516314488,-3.1847025910575946,1949.628686163679,2136.2234464088974
55.94334516314488,-3.1847025910575946,SW,55.94313303111053,-3.1849147230919503,1949.628686163679,2134.9734464088974
55.94313303111053,-3.1849147230919503,WSW,55.94301822608082,-3.1851918869517037,1949.628686163679,2133.7234464088974
55.94301822608082,-3.1851918869517037,SW,55.94280609404646,-3.1854040189860595,2032.468335300611,2155.8836769536993
55.94280609404646,-3.1854040189860595,NNW,55.94308325790622,-3.185518824015769,2032.468335300611,2154.6336769536993
55.94308325790622,-3.185518824015769,WNW,55.94319806293593,-3.1857959878755224,2032.468335300611,2153.3836769536993
55.94319806293593,-3.1857959878755224,NW,55.943410194970284,-3.186008119909878,2090.8806076019323,2264.4118344596304
55.943410194970284,-3.186008119909878,WNW,55.943524999999994,-3.1862852837696316,2090.8806076019323,2263.1618344596304
55.943524999999994,-3.1862852837696316,W,55.943524999999994,-3.186585283769632,2179.002392413178,2339.216458351265
55.943524999999994,-3.186585283769632,SW,55.94331286796564,-3.1867974158039876,2179.002392413178,2337.966458351265
55.94331286796564,-3.1867974158039876,SSW,55.94303570410588,-3.186912220833697,2294.259683724813,2344.8285870105674
55.94303570410588,-3.186912220833697,WNW,55.94315050913559,-3.1871893846934505,2340.976866324456,2358.75573933879
55.94315050913559,-3.1871893846934505,W,55.94315050913559,-3.1874893846934507,2340.976866324456,2357.50573933879
55.94315050913559,-3.1874893846934507,WSW,55.94303570410588,-3.187766548553204,2340.976866324456,2356.25573933879
55.94303570410588,-3.187766548553204,W,55.94303570410588,-3.1880665485532043,2416.9787774614897,2451.335236021135
55.94303570410588,-3.1880665485532043,NNE,55.94331286796564,-3.1879517435234948,2416.9787774614897,2450.085236021135
55.94331286796564,-3.1879517435234948,NNE,55.943590031825394,-3.1878369384937852,2416.9787774614897,2448.835236021135
55.943590031825394,-3.1878369384937852,NNE,55.94386719568515,-3.1877221334640757,2416.9787774614897,2447.585236021135
55.94386719568515,-3.1877221334640757,NE,55.94407932771951,-3.18751000142972,2416.9787774614897,2446.335236021135
55.94407932771951,-3.18751000142972,NNE,55.94435649157926,-3.1873951964000105,2422.7052593765247,2461.0558718009474
55.94435649157926,-3.1873951964000105,E,55.94435649157926,-3.1870951964000103,2422.7052593765247,2459.8058718009474
55.94435649157926,-3.1870951964000103,E,55.94435649157926,-3.18679519640001,2422.7052593765247,2458.5558718009474
55.94435649157926,-3.18679519640001,E,55.94435649157926,-3.18649519640001,2450.2668085150412,2545.47867315519
55.94435649157926,-3.18649519640001,E,55.94435649157926,-3.1861951964000097,2450.2668085150412,2544.22867315519
55.94435649157926,-3.1861951964000097,E,55.94435649157926,-3.1858951964000095,2450.2668085150412,2542.97867315519
55.94435649157926,-3.1858951964000095,E,55.94435649157926,-3.1855951964000093,2473.611835262086,2621.07692080878
55.94435649157926,-3.1855951964000093,W,55.94435649157926,-3.1858951964000095,2473.611835262086,2619.82692080878
55.94435649157926,-3.1858951964000095,E,55.94435649157926,-3.1855951964000093,2473.611835262086,2618.57692080878
55.94435649157926,-3.1855951964000093,W,55.94435649157926,-3.1858951964000095,2473.611835262086,2617.32692080878
55.94435649157926,-3.1858951964000095,E,55.94435649157926,-3.1855951964000093,2473.611835262086,2616.07692080878
55.94435649157926,-3.1855951964000093,W,55.94435649157926,-3.1858951964000095,2473.611835262086,2614.82692080878
55.94435649157926,-3.1858951964000095,E,55.94435649157926,-3.1855951964000093,2473.611835262086,2613.57692080878
55.94435649157926,-3.1855951964000093,W,55.94435649157926,-3.1858951964000095,2473.611835262086,2612.32692080878
55.94435649157926,-3.1858951964000095,E,55.94435649157926,-3.1855951964000093,2473.611835262086,2611.07692080878
55.94435649157926,-3.1855951964000093,W,55.94435649157926,-3.1858951964000095,2473.611835262086,2609.82692080878
55.94435649157926,-3.1858951964000095,E,55.94435649157926,-3.1855951964000093,2473.611835262086,2608.57692080878
55.94435649157926,-3.1855951964000093,W,55.94435649157926,-3.1858951964000095,2473.611835262086,2607.32692080878
55.94435649157926,-3.1858951964000095,E,55.94435649157926,-3.1855951964000093,2473.611835262086,2606.07692080878
55.94435649157926,-3.1855951964000093,W,55.94435649157926,-3.1858951964000095,2473.611835262086,2604.82692080878
55.94435649157926,-3.1858951964000095,E,55.94435649157926,-3.1855951964000093,2473.611835262086,2603.57692080878
55.94435649157926,-3.1855951964000093,W,55.94435649157926,-3.1858951964000095,2473.611835262086,2602.32692080878
55.94435649157926,-3.1858951964000095,E,55.94435649157926,-3.1855951964000093,2473.611835262086,2601.07692080878
55.94435649157926,-3.1855951964000093,W,55.94435649157926,-3.1858951964000095,2473.611835262086,2599.82692080878
55.94435649157926,-3.1858951964000095,E,55.94435649157926,-3.1855951964000093,2473.611835262086,2598.57692080878
55.94435649157926,-3.1855951964000093,W,55.94435649157926,-3.1858951964000095,2473.611835262086,2597.32692080878
55.94435649157926,-3.1858951964000095,E,55.94435649157926,-3.1855951964000093,2473.611835262086,2596.07692080878
55.94435649157926,-3.1855951964000093,W,55.94435649157926,-3.1858951964000095,2473.611835262086,2594.82692080878
55.94435649157926,-3.1858951964000095,E,55.94435649157926,-3.1855951964000093,2473.611835262086,2593.57692080878
55.94435649157926,-3.1855951964000093,W,55.94435649157926,-3.1858951964000095,2473.611835262086,2592.32692080878
55.94435649157926,-3.1858951964000095,E,55.94435649157926,-3.1855951964000093,2473.611835262086,2591.07692080878
55.94435649157926,-3.1855951964000093,W,55.94435649157926,-3.1858951964000095,2473.611835262086,2589.82692080878
55.94435649157926,-3.1858951964000095,E,55.94435649157926,-3.1855951964000093,2473.611835262086,2588.57692080878
55.94435649157926,-3.1855951964000093,W,55.94435649157926,-3.1858951964000095,2473.611835262086,2587.32692080878
55.94435649157926,-3.1858951964000095,E,55.94435649157926,-3.1855951964000093,2473.611835262086,2586.07692080878
55.94435649157926,-3.1855951964000093,W,55.94435649157926,-3.1858951964000095,2473.611835262086,2584.82692080878
55.94435649157926,-3.1858951964000095,E,55.94435649157926,-3.1855951964000093,2473.611835262086,2583.57692080878
55.94435649157926,-3.1855951964000093,W,55.94435649157926,-3.1858951964000095,2473.611835262086,2582.32692080878
55.94435649157926,-3.1858951964000095,E,55.94435649157926,-3.1855951964000093,2473.611835262086,2581.07692080878
55.94435649157926,-3.1855951964000093,W,55.94435649157926,-3.1858951964000095,2473.611835262086,2579.82692080878
55.94435649157926,-3.1858951964000095,E,55.94435649157926,-3.1855951964000093,2473.611835262086,2578.57692080878
55.94435649157926,-3.1855951964000093,W,55.94435649157926,-3.1858951964000095,2473.611835262086,2577.32692080878
55.94435649157926,-3.1858951964000095,E,55.94435649157926,-3.1855951964000093,2473.611835262086,2576.07692080878
55.94435649157926,-3.1855951964000093,W,55.94435649157926,-3.1858951964000095,2473.611835262086,2574.82692080878
55.94435649157926,-3.1858951964000095,E,55.94435649157926,-3.1855951964000093,2473.611835262086,2573.57692080878
55.94435649157926,-3.1855951964000093,W,55.94435649157926,-3.1858951964000095,2473.611835262086,2572.32692080878
55.94435649157926,-3.1858951964000095,E,55.94435649157926,-3.1855951964000093,2473.611835262086,2571.07692080878
55.94435649157926,-3.1855951964000093,W,55.94435649157926,-3.1858951964000095,2473.611835262086,2569.82692080878
55.94435649157926,-3.1858951964000095,E,55.94435649157926,-3.1855951964000093,2473.611835262086,2568.57692080878
55.94435649157926,-3.1855951964000093,W,55.94435649157926,-3.1858951964000095,2473.611835262086,2567.32692080878
55.94435649157926,-3.1858951964000095,E,55.94435649157926,-3.1855951964000093,2473.611835262086,2566.07692080878
55.94435649157926,-3.1855951964000093,W,55.94435649157926,-3.1858951964000095,2473.611835262086,2564.82692080878
55.94435649157926,-3.1858951964000095,E,55.94435649157926,-3.1855951964000093,2473.611835262086,2563.57692080878
55.94435649157926,-3.1855951964000093,W,55.94435649157926,-3.1858951964000095,2473.611835262086,2562.32692080878
55.94435649157926,-3.1858951964000095,E,55.94435649157926,-3.1855951964000093,2473.611835262086,2561.07692080878
55.94435649157926,-3.1855951964000093,W,55.94435649157926,-3.1858951964000095,2473.611835262086,2559.82692080878
55.94435649157926,-3.1858951964000095,E,55.94435649157926,-3.1855951964000093,2473.611835262086,2558.57692080878
55.94435649157926,-3.1855951964000093,W,55.94435649157926,-3.1858951964000095,2473.611835262086,2557.32692080878
55.94435649157926,-3.1858951964000095,E,55.94435649157926,-3.1855951964000093,2473.611835262086,2556.07692080878
55.94435649157926,-3.1855951964000093,W,55.94435649157926,-3.1858951964000095,2473.611835262086,2554.82692080878
55.94435649157926,-3.1858951964000095,E,55.94435649157926,-3.1855951964000093,2473.611835262086,2553.57692080878
55.94435649157926,-3.1855951964000093,W,55.94435649157926,-3.1858951964000095,2473.611835262086,2552.32692080878
55.94435649157926,-3.1858951964000095,E,55.94435649157926,-3.1855951964000093,2473.611835262086,2551.07692080878
55.94435649157926,-3.1855951964000093,W,55.94435649157926,-3.1858951964000095,2473.611835262086,2549.82692080878
55.94435649157926,-3.1858951964000095,E,55.94435649157926,-3.1855951964000093,2473.611835262086,2548.57692080878
55.94435649157926,-3.1855951964000093,W,55.94435649157926,-3.1858951964000095,2473.611835262086,2547.32692080878
55.94435649157926,-3.1858951964000095,E,55.94435649157926,-3.1855951964000093,2473.611835262086,2546.07692080878
55.94435649157926,-3.1855951964000093,W,55.94435649157926,-3.1858951964000095,2473.611835262086,2544.82692080878
55.94435649157926,-3.1858951964000095,E,55.94435649157926,-3.1855951964000093,2473.611835262086,2543.57692080878
55.94435649157926,-3.1855951964000093,W,55.94435649157926,-3.1858951964000095,2473.611835262086,2542.32692080878
55.94435649157926,-3.1858951964000095,E,55.94435649157926,-3.1855951964000093,2473.611835262086,2541.07692080878
55.94435649157926,-3.1855951964000093,W,55.94435649157926,-3.1858951964000095,2473.611835262086,2539.82692080878
55.94435649157926,-3.1858951964000095,E,55.94435649157926,-3.1855951964000093,2473.611835262086,2538.57692080878
55.94435649157926,-3.1855951964000093,W,55.94435649157926,-3.1858951964000095,2473.611835262086,2537.32692080878
55.94435649157926,-3.1858951964000095,E,55.94435649157926,-3.1855951964000093,2473.611835262086,2536.07692080878
55.94435649157926,-3.1855951964000093,W,55.94435649157926,-3.1858951964000095,2473.611835262086,2534.82692080878
55.94435649157926,-3.1858951964000095,E,55.94435649157926,-3.1855951964000093,2473.611835262086,2533.57692080878
55.94435649157926,-3.1855951964000093,W,55.94435649157926,-3.1858951964000095,2473.611835262086,2532.32692080878
55.94435649157926,-3.1858951964000095,E,55.94435649157926,-3.1855951964000093,2473.611835262086,2531.07692080878
55.94435649157926,-3.1855951964000093,W,55.94435649157926,-3.1858951964000095,2473.611835262086,2529.82692080878
55.94435649157926,-3.1858951964000095,E,55.94435649157926,-3.1855951964000093,2473.611835262086,2528.57692080878
55.94435649157926,-3.1855951964000093,W,55.94435649157926,-3.1858951964000095,2473.611835262086,2527.32692080878
55.94435649157926,-3.1858951964000095,E,55.94435649157926,-3.1855951964000093,2473.611835262086,2526.07692080878
55.94435649157926,-3.1855951964000093,W,55.94435649157926,-3.1858951964000095,2473.611835262086,2524.82692080878
55.94435649157926,-3.1858951964000095,E,55.94435649157926,-3.1855951964000093,2473.611835262086,2523.57692080878
55.94435649157926,-3.1855951964000093,W,55.94435649157926,-3.1858951964000095,2473.611835262086,2522.32692080878
55.94435649157926,-3.1858951964000095,E,55.94435649157926,-3.1855951964000093,2473.611835262086,2521.07692080878
55.94435649157926,-3.1855951964000093,W,55.94435649157926,-3.1858951964000095,2473.611835262086,2519.82692080878
55.94435649157926,-3.1858951964000095,E,55.94435649157926,-3.1855951964000093,2473.611835262086,2518.57692080878
55.94435649157926,-3.1855951964000093,W,55.94435649157926,-3.1858951964000095,2473.611835262086,2517.32692080878
55.94435649157926,-3.1858951964000095,E,55.94435649157926,-3.1855951964000093,2473.611835262086,2516.07692080878
55.94435649157926,-3.1855951964000093,W,55.94435649157926,-3.1858951964000095,2473.611835262086,2514.82692080878
55.94435649157926,-3.1858951964000095,E,55.94435649157926,-3.1855951964000093,2473.611835262086,2513.57692080878
55.94435649157926,-3.1855951964000093,W,55.94435649157926,-3.1858951964000095,2473.611835262086,2512.32692080878
55.94435649157926,-3.1858951964000095,E,55.94435649157926,-3.1855951964000093,2473.611835262086,2511.07692080878
55.94435649157926,-3.1855951964000093,W,55.94435649157926,-3.1858951964000095,2473.611835262086,2509.82692080878
55.94435649157926,-3.1858951964000095,E,55.94435649157926,-3.1855951964000093,2473.611835262086,2508.57692080878
55.94435649157926,-3.1855951964000093,W,55.94435649157926,-3.1858951964000095,2473.611835262086,2507.32692080878
55.94435649157926,-3.1858951964000095,E,55.94435649157926,-3.1855951964000093,2473.611835262086,2506.07692080878
55.94435649157926,-3.1855951964000093,W,55.94435649157926,-3.1858951964000095,2473.611835262086,2504.82692080878
55.94435649157926,-3.1858951964000095,E,55.94435649157926,-3.1855951964000093,2473.611835262086,2503.57692080878
55.94435649157926,-3.1855951964000093,W,55.94435649157926,-3.1858951964000095,2473.611835262086,2502.32692080878
55.94435649157926,-3.1858951964000095,E,55.94435649157926,-3.1855951964000093,2473.611835262086,2501.07692080878
55.94435649157926,-3.1855951964000093,W,55.94435649157926,-3.1858951964000095,2473.611835262086,2499.82692080878
55.94435649157926,-3.1858951964000095,E,55.94435649157926,-3.1855951964000093,2473.611835262086,2498.57692080878
55.94435649157926,-3.1855951964000093,W,55.94435649157926,-3.1858951964000095,2473.611835262086,2497.32692080878
55.94435649157926,-3.1858951964000095,E,55.94435649157926,-3.1855951964000093,2473.611835262086,2496.07692080878
55.94435649157926,-3.1855951964000093,W,55.94435649157926,-3.1858951964000095,2473.611835262086,2494.82692080878
55.94435649157926,-3.1858951964000095,E,55.94435649157926,-3.1855951964000093,2473.611835262086,2493.57692080878
55.94435649157926,-3.1855951964000093,W,55.94435649157926,-3.1858951964000095,2473.611835262086,2492.32692080878
55.94435649157926,-3.1858951964000095,E,55.94435649157926,-3.1855951964000093,2473.611835262086,2491.07692080878
55.94435649157926,-3.1855951964000093,W,55.94435649157926,-3.1858951964000095,2473.611835262086,2489.82692080878
55.94435649157926,-3.1858951964000095,E,55.94435649157926,-3.1855951964000093,2473.611835262086,2488.57692080878
55.94435649157926,-3.1855951964000093,W,55.94435649157926,-3.1858951964000095,2473.611835262086,2487.32692080878
55.94435649157926,-3.1858951964000095,E,55.94435649157926,-3.1855951964000093,2473.611835262086,2486.07692080878
55.94435649157926,-3.1855951964000093,W,55.94435649157926,-3.1858951964000095,2473.611835262086,2484.82692080878
55.94435649157926,-3.1858951964000095,E,55.94435649157926,-3.1855951964000093,2473.611835262086,2483.57692080878
55.94435649157926,-3.1855951964000093,W,55.94435649157926,-3.1858951964000095,2473.611835262086,2482.32692080878
55.94435649157926,-3.1858951964000095,E,55.94435649157926,-3.1855951964000093,2473.611835262086,2481.07692080878
55.94435649157926,-3.1855951964000093,W,55.94435649157926,-3.1858951964000095,2473.611835262086,2479.82692080878
55.94435649157926,-3.1858951964000095,E,55.94435649157926,-3.1855951964000093,2473.611835262086,2478.57692080878
55.94435649157926,-3.1855951964000093,W,55.94435649157926,-3.1858951964000095,2473.611835262086,2477.32692080878
55.94435649157926,-3.1858951964000095,E,55.94435649157926,-3.1855951964000093,2473.611835262086,2476.07692080878
55.94435649157926,-3.1855951964000093,W,55.94435649157926,-3.1858951964000095,2473.611835262086,2474.82692080878
55.94435649157926,-3.1858951964000095,E,55.94435649157926,-3.1855951964000093,2473.611835262086,2473.57692080878
55.94435649157926,-3.1855951964000093,W,55.94435649157926,-3.1858951964000095,2473.611835262086,2472.32692080878
55.94435649157926,-3.1858951964000095,E,55.94435649157926,-3.1855951964000093,2473.611835262086,2471.07692080878
55.94435649157926,-3.1855951964000093,W,55.94435649157926,-3.1858951964000095,2473.611835262086,2469.82692080878
55.94435649157926,-3.1858951964000095,E,55.94435649157926,-3.1855951964000093,2473.611835262086,2468.57692080878
55.94435649157926,-3.1855951964000093,W,55.94435649157926,-3.1858951964000095,2473.611835262086,2467.32692080878
55.94435649157926,-3.1858951964000095,E,55.94435649157926,-3.1855951964000093,2473.611835262086,2466.07692080878
55.94435649157926,-3.1855951964000093,W,55.94435649157926,-3.1858951964000095,2473.611835262086,2464.82692080878
55.94435649157926,-3.1858951964000095,E,55.94435649157926,-3.1855951964000093,2473.611835262086,2463.57692080878
55.94435649157926,-3.1855951964000093,W,55.94435649157926,-3.1858951964000095,2473.611835262086,2462.32692080878
55.94435649157926,-3.1858951964000095,E,55.94435649157926,-3.1855951964000093,2473.611835262086,2461.07692080878
55.94435649157926,-3.1855951964000093,W,55.94435649157926,-3.1858951964000095,2473.611835262086,2459.82692080878
55.94435649157926,-3.1858951964000095,E,55.94435649157926,-3.1855951964000093,2473.611835262086,2458.57692080878
55.94435649157926,-3.1855951964000093,W,55.94435649157926,-3.1858951964000095,2473.611835262086,2457.32692080878
55.94435649157926,-3.1858951964000095,E,55.94435649157926,-3.1855951964000093,2473.611835262086,2456.07692080878
55.94435649157926,-3.1855951964000093,W,55.94435649157926,-3.1858951964000095,2473.611835262086,2454.82692080878
55.94435649157926,-3.1858951964000095,E,55.94435649157926,-3.1855951964000093,2473.611835262086,2453.57692080878
55.94435649157926,-3.1855951964000093,W,55.94435649157926,-3.1858951964000095,2473.611835262086,2452.32692080878
55.94435649157926,-3.1858951964000095,E,55.94435649157926,-3.1855951964000093,2473.611835262086,2451.07692080878
55.94435649157926,-3.1855951964000093,W,55.94435649157926,-3.1858951964000095,2473.611835262086,2449.82692080878
55.94435649157926,-3.1858951964000095,E,55.94435649157926,-3.1855951964000093,2473.611835262086,2448.57692080878
55.94435649157926,-3.1855951964000093,W,55.94435649157926,-3.1858951964000095,2473.611835262086,2447.32692080878
55.94435649157926,-3.1858951964000095,E,55.94435649157926,-3.1855951964000093,2473.611835262086,2446.07692080878
55.94435649157926,-3.1855951964000093,W,55.94435649157926,-3.1858951964000095,2473.611835262086,2444.82692080878
55.94435649157926,-3.1858951964000095,E,55.94435649157926,-3.1855951964000093,2473.611835262086,2443.57692080878
55.94435649157926,-3.1855951964000093,W,55.94435649157926,-3.1858951964000095,2473.611835262086,2442.32692080878
55.94435649157926,-3.1858951964000095,E,55.94435649157926,-3.1855951964000093,2473.611835262086,2441.07692080878
55.94435649157926,-3.1855951964000093,W,55.94435649157926,-3.1858951964000095,2473.611835262086,2439.82692080878
55.94435649157926,-3.1858951964000095,E,55.94435649157926,-3.1855951964000093,2473.611835262086,2438.57692080878
55.94435649157926,-3.1855951964000093,W,55.94435649157926,-3.1858951964000095,2473.611835262086,2437.32692080878
55.94435649157926,-3.1858951964000095,E,55.94435649157926,-3.1855951964000093,2473.611835262086,2436.07692080878
55.94435649157926,-3.1855951964000093,W,55.94435649157926,-3.1858951964000095,2473.611835262086,2434.82692080878
55.94435649157926,-3.1858951964000095,E,55.94435649157926,-3.1855951964000093,2473.611835262086,2433.57692080878
55.94435649157926,-3.1855951964000093,W,55.94435649157926,-3.1858951964000095,2473.611835262086,2432.32692080878
55.94435649157926,-3.1858951964000095,E,55.94435649157926,-3.1855951964000093,2473.611835262086,2431.07692080878
55.94435649157926,-3.1855951964000093,W,55.94435649157926,-3.1858951964000095,2473.611835262086,2429.82692080878
55.94435649157926,-3.1858951964000095,E,55.94435649157926,-3.1855951964000093,2473.611835262086,2428.57692080878
