55.944425,-3.188396,WSW,55.94431019497029,-3.1886731638597534,0.0,248.75
55.94431019497029,-3.1886731638597534,WSW,55.94419538994058,-3.188950327719507,0.0,247.5
55.94419538994058,-3.188950327719507,WSW,55.94408058491087,-3.18922749157926,99.15971109958397,307.6268387318394
55.94408058491087,-3.18922749157926,SW,55.943868452876515,-3.189439623613616,99.15971109958397,306.3768387318394
55.943868452876515,-3.189439623613616,WSW,55.943753647846805,-3.1897167874733694,102.71714099777193,412.3354570587419
55.943753647846805,-3.1897167874733694,WNW,55.943868452876515,-3.189993951333123,102.71714099777193,411.0854570587419
55.943868452876515,-3.189993951333123,NW,55.94408058491087,-3.1902060833674786,202.2642254437443,427.8630088654797
55.94408058491087,-3.1902060833674786,NE,55.94429271694523,-3.189993951333123,283.0121525475164,447.82786507019824
55.94429271694523,-3.189993951333123,NNW,55.944569880804984,-3.1901087563628323,283.0121525475164,446.57786507019824
55.944569880804984,-3.1901087563628323,NNW,55.94484704466474,-3.190223561392542,406.43124946114034,472.972548880029
55.94484704466474,-3.190223561392542,NW,55.9450591766991,-3.1904356934268976,514.8144993088277,489.31173412622525
55.9450591766991,-3.1904356934268976,NW,55.94527130873345,-3.1906478254612534,514.8144993088277,488.06173412622525
55.94527130873345,-3.1906478254612534,NW,55.94548344076781,-3.190859957495609,514.8144993088277,486.81173412622525
55.94548344076781,-3.190859957495609,NW,55.945695572802165,-3.191072089529965,599.2558111948673,584.2340981493414
55.945695572802165,-3.191072089529965,SW,55.94548344076781,-3.1912842215643207,678.6520740023502,595.6893755391359
55.94548344076781,-3.1912842215643207,NW,55.945695572802165,-3.1914963535986764,678.6520740023502,594.4393755391359
55.945695572802165,-3.1914963535986764,WNW,55.945810377831876,-3.19177351745843,678.6520740023502,593.1893755391359
55.945810377831876,-3.19177351745843,NW,55.94602250986623,-3.1919856494927856,678.6520740023502,591.9393755391359
55.94602250986623,-3.1919856494927856,WNW,55.94613731489594,-3.192262813352539,723.7344588286098,670.8037671035229
55.94613731489594,-3.192262813352539,SSE,55.945860151036186,-3.1921480083228295,723.7344588286098,669.5537671035229
55.945860151036186,-3.1921480083228295,SSE,55.94558298717643,-3.19203320329312,723.7344588286098,668.3037671035229
55.94558298717643,-3.19203320329312,SSE,55.94530582331667,-3.1919183982634105,723.7344588286098,667.0537671035229
55.94530582331667,-3.1919183982634105,SSE,55.945028659456916,-3.191803593233701,723.7344588286098,665.8037671035229
55.945028659456916,-3.191803593233701,SSE,55.94475149559716,-3.1916887882039915,723.7344588286098,664.5537671035229
55.94475149559716,-3.1916887882039915,S,55.94445149559716,-3.1916887882039915,723.7344588286098,663.3037671035229
55.94445149559716,-3.1916887882039915,SSE,55.9441743317374,-3.191573983174282,735.2031621453274,690.5534937229949
55.9441743317374,-3.191573983174282,S,55.9438743317374,-3.191573983174282,735.2031621453274,689.3034937229949
55.9438743317374,-3.191573983174282,SSW,55.94359716787764,-3.1916887882039915,735.2031621453274,688.0534937229949
55.94359716787764,-3.1916887882039915,S,55.94329716787764,-3.1916887882039915,735.2031621453274,686.8034937229949
55.94329716787764,-3.1916887882039915,SSW,55.94302000401788,-3.191803593233701,824.1424302519163,783.174976777505
55.94302000401788,-3.191803593233701,SSW,55.942742840158125,-3.1919183982634105,896.2056602783815,897.8230522153162
55.942742840158125,-3.1919183982634105,WNW,55.942857645187836,-3.192195562123164,896.2056602783815,896.5730522153162
55.942857645187836,-3.192195562123164,NW,55.94306977722219,-3.1924076941575197,1007.3270337938322,932.9426305336085
55.94306977722219,-3.1924076941575197,E,55.94306977722219,-3.1921076941575195,1007.3270337938322,931.6926305336085
55.94306977722219,-3.1921076941575195,E,55.94306977722219,-3.1918076941575193,1007.3270337938322,930.4426305336085
55.94306977722219,-3.1918076941575193,E,55.94306977722219,-3.191507694157519,1007.3270337938322,929.1926305336085
55.94306977722219,-3.191507694157519,E,55.94306977722219,-3.191207694157519,1007.3270337938322,927.9426305336085
55.94306977722219,-3.191207694157519,E,55.94306977722219,-3.1909076941575187,1007.3270337938322,926.6926305336085
55.94306977722219,-3.1909076941575187,NE,55.94328190925655,-3.190695562123163,1007.3270337938322,925.4426305336085
55.94328190925655,-3.190695562123163,ESE,55.94316710422684,-3.1904183982634096,1007.3270337938322,924.1926305336085
55.94316710422684,-3.1904183982634096,ESE,55.94305229919713,-3.190141234403656,1007.3270337938322,922.9426305336085
55.94305229919713,-3.190141234403656,SW,55.94284016716277,-3.190353366438012,1007.3270337938322,921.6926305336085
55.94284016716277,-3.190353366438012,E,55.94284016716277,-3.1900533664380117,1007.3270337938322,920.4426305336085
55.94284016716277,-3.1900533664380117,E,55.94284016716277,-3.1897533664380116,1007.3270337938322,919.1926305336085
55.94284016716277,-3.1897533664380116,E,55.94284016716277,-3.1894533664380114,1007.3270337938322,917.9426305336085
55.94284016716277,-3.1894533664380114,NNE,55.94311733102253,-3.189338561408302,1007.3270337938322,916.6926305336085
55.94311733102253,-3.189338561408302,ENE,55.94323213605224,-3.1890613975485484,1007.3270337938322,915.4426305336085
55.94323213605224,-3.1890613975485484,SW,55.94302000401788,-3.189273529582904,1007.3270337938322,914.1926305336085
55.94302000401788,-3.189273529582904,SE,55.942807871983526,-3.1890613975485484,1122.403403088087,1025.441268366143
55.942807871983526,-3.1890613975485484,ENE,55.942922677013236,-3.188784233688795,1122.403403088087,1024.191268366143
55.942922677013236,-3.188784233688795,ENE,55.943037482042946,-3.1885070698290416,1122.403403088087,1022.941268366143
55.943037482042946,-3.1885070698290416,E,55.943037482042946,-3.1882070698290415,1122.403403088087,1021.691268366143
55.943037482042946,-3.1882070698290415,NNE,55.9433146459027,-3.188092264799332,1122.403403088087,1020.441268366143
55.9433146459027,-3.188092264799332,NE,55.94352677793706,-3.187880132764976,1122.403403088087,1019.191268366143
55.94352677793706,-3.187880132764976,WSW,55.94341197290735,-3.1881572966247296,1122.403403088087,1017.941268366143
55.94341197290735,-3.1881572966247296,S,55.943111972907346,-3.1881572966247296,1122.403403088087,1016.691268366143
55.943111972907346,-3.1881572966247296,NNE,55.9433891367671,-3.18804249159502,1122.403403088087,1015.441268366143
55.9433891367671,-3.18804249159502,ENE,55.94350394179681,-3.1877653277352667,1122.403403088087,1014.191268366143
55.94350394179681,-3.1877653277352667,S,55.94320394179681,-3.1877653277352667,1241.697679134012,1060.3564664897276
55.94320394179681,-3.1877653277352667,E,55.94320394179681,-3.1874653277352665,1302.6825379776076,1115.2434487073076
55.94320394179681,-3.1874653277352665,ENE,55.94331874682652,-3.187188163875513,1302.6825379776076,1113.9934487073076
55.94331874682652,-3.187188163875513,E,55.94331874682652,-3.186888163875513,1302.6825379776076,1112.7434487073076
55.94331874682652,-3.186888163875513,ENE,55.94343355185623,-3.1866110000157595,1316.2499887272356,1207.627573383008
55.94343355185623,-3.1866110000157595,NNE,55.94371071571599,-3.18649619498605,1316.2499887272356,1206.377573383008
55.94371071571599,-3.18649619498605,NNE,55.943987879575744,-3.1863813899563405,1319.4694263108315,1281.0727483385074
55.943987879575744,-3.1863813899563405,NW,55.9442000116101,-3.1865935219906962,1363.1243721459487,1286.6360743320718
55.9442000116101,-3.1865935219906962,NE,55.944412143644456,-3.1863813899563405,1363.1243721459487,1285.3860743320718
55.944412143644456,-3.1863813899563405,NNE,55.94468930750421,-3.186266584926631,1406.4854088014717,1343.3037257024405
55.94468930750421,-3.186266584926631,ESE,55.9445745024745,-3.1859894210668775,1406.4854088014717,1342.0537257024405
55.9445745024745,-3.1859894210668775,SE,55.944362370440146,-3.1857772890325218,1422.8139449520077,1404.1984048513366
55.944362370440146,-3.1857772890325218,SE,55.94415023840579,-3.185565156998166,1437.1547024485212,1489.3572939111245
55.94415023840579,-3.185565156998166,SE,55.943938106371434,-3.1853530249638102,1446.9463198279266,1604.3808520006137
55.943938106371434,-3.1853530249638102,NNW,55.94421527023119,-3.1854678299935197,1446.9463198279266,1603.1308520006137
55.94421527023119,-3.1854678299935197,N,55.94451527023119,-3.1854678299935197,1446.9463198279266,1601.8808520006137
55.94451527023119,-3.1854678299935197,NNW,55.94479243409095,-3.1855826350232292,1570.2733954515904,1623.907281793719
55.94479243409095,-3.1855826350232292,NE,55.945004566125306,-3.1853705029888735,1671.060921905614,1677.0206582589685
55.945004566125306,-3.1853705029888735,ESE,55.944889761095595,-3.18509333912912,1671.060921905614,1675.7706582589685
55.944889761095595,-3.18509333912912,ESE,55.944774956065885,-3.1848161752693667,1671.060921905614,1674.5206582589685
55.944774956065885,-3.1848161752693667,ESE,55.944660151036175,-3.1845390114096133,1715.8253443365484,1739.5565468700618
55.944660151036175,-3.1845390114096133,SW,55.94444801900182,-3.184751143443969,1715.8253443365484,1738.3065468700618
55.94444801900182,-3.184751143443969,SW,55.94423588696746,-3.184963275478325,1715.8253443365484,1737.0565468700618
55.94423588696746,-3.184963275478325,SW,55.944023754933106,-3.1851754075126806,1715.8253443365484,1735.8065468700618
55.944023754933106,-3.1851754075126806,SW,55.94381162289875,-3.1853875395470364,1715.8253443365484,1734.5565468700618
55.94381162289875,-3.1853875395470364,W,55.94381162289875,-3.1856875395470365,1715.8253443365484,1733.3065468700618
55.94381162289875,-3.1856875395470365,WSW,55.94369681786904,-3.18596470340679,1715.8253443365484,1732.0565468700618
55.94369681786904,-3.18596470340679,SSW,55.94341965400928,-3.1860795084364995,1715.8253443365484,1730.8065468700618
55.94341965400928,-3.1860795084364995,S,55.94311965400928,-3.1860795084364995,1784.5779411772667,1760.6597608877532
55.94311965400928,-3.1860795084364995,NNW,55.943396817869036,-3.186194313466209,1784.5779411772667,1759.4097608877532
55.943396817869036,-3.186194313466209,NW,55.94360894990339,-3.1864064455005647,1784.5779411772667,1758.1597608877532
55.94360894990339,-3.1864064455005647,NNW,55.94388611376315,-3.1865212505302742,1784.5779411772667,1756.9097608877532
55.94388611376315,-3.1865212505302742,NW,55.944098245797505,-3.18673338256463,1784.5779411772667,1755.6597608877532
55.944098245797505,-3.18673338256463,NNW,55.94437540965726,-3.1868481875943395,1784.5779411772667,1754.4097608877532
55.94437540965726,-3.1868481875943395,NW,55.94458754169162,-3.1870603196286953,1784.5779411772667,1753.1597608877532
55.94458754169162,-3.1870603196286953,NW,55.944799673725974,-3.187272451663051,1784.5779411772667,1751.9097608877532
55.944799673725974,-3.187272451663051,NW,55.94501180576033,-3.187484583697407,1784.5779411772667,1750.6597608877532
55.94501180576033,-3.187484583697407,N,55.94531180576033,-3.187484583697407,1784.5779411772667,1749.4097608877532
55.94531180576033,-3.187484583697407,NW,55.94552393779469,-3.1876967157317626,1887.61010545691,1780.1595328908768
55.94552393779469,-3.1876967157317626,NNW,55.945801101654446,-3.187811520761472,1887.61010545691,1778.9095328908768
55.945801101654446,-3.187811520761472,NNW,55.9460782655142,-3.1879263257911816,1977.9687982853625,1856.5800038714387
55.9460782655142,-3.1879263257911816,E,55.9460782655142,-3.1876263257911814,1977.9687982853625,1855.3300038714387
55.9460782655142,-3.1876263257911814,ENE,55.94619307054391,-3.187349161931428,2095.141701269683,1950.6882313967863
55.94619307054391,-3.187349161931428,W,55.94619307054391,-3.187649161931428,2095.141701269683,1949.4382313967863
55.94619307054391,-3.187649161931428,W,55.94619307054391,-3.1879491619314284,2095.141701269683,1948.1882313967863
55.94619307054391,-3.1879491619314284,W,55.94619307054391,-3.1882491619314286,2095.141701269683,1946.9382313967863
55.94619307054391,-3.1882491619314286,W,55.94619307054391,-3.188549161931429,2095.141701269683,1945.6882313967863
55.94619307054391,-3.188549161931429,W,55.94619307054391,-3.188849161931429,2095.141701269683,1944.4382313967863
55.94619307054391,-3.188849161931429,W,55.94619307054391,-3.189149161931429,2095.141701269683,1943.1882313967863
55.94619307054391,-3.189149161931429,W,55.94619307054391,-3.1894491619314294,2095.141701269683,1941.9382313967863
55.94619307054391,-3.1894491619314294,W,55.94619307054391,-3.1897491619314295,2118.2637369924782,1969.501417346639
55.94619307054391,-3.1897491619314295,E,55.94619307054391,-3.1894491619314294,2118.2637369924782,1968.251417346639
55.94619307054391,-3.1894491619314294,W,55.94619307054391,-3.1897491619314295,2118.2637369924782,1967.001417346639
55.94619307054391,-3.1897491619314295,E,55.94619307054391,-3.1894491619314294,2118.2637369924782,1965.751417346639
55.94619307054391,-3.1894491619314294,W,55.94619307054391,-3.1897491619314295,2118.2637369924782,1964.501417346639
55.94619307054391,-3.1897491619314295,E,55.94619307054391,-3.1894491619314294,2118.2637369924782,1963.251417346639
55.94619307054391,-3.1894491619314294,W,55.94619307054391,-3.1897491619314295,2118.2637369924782,1962.001417346639
55.94619307054391,-3.1897491619314295,E,55.94619307054391,-3.1894491619314294,2118.2637369924782,1960.751417346639
55.94619307054391,-3.1894491619314294,W,55.94619307054391,-3.1897491619314295,2118.2637369924782,1959.501417346639
55.94619307054391,-3.1897491619314295,E,55.94619307054391,-3.1894491619314294,2118.2637369924782,1958.251417346639
55.94619307054391,-3.1894491619314294,W,55.94619307054391,-3.1897491619314295,2118.2637369924782,1957.001417346639
55.94619307054391,-3.1897491619314295,E,55.94619307054391,-3.1894491619314294,2118.2637369924782,1955.751417346639
55.94619307054391,-3.1894491619314294,W,55.94619307054391,-3.1897491619314295,2118.2637369924782,1954.501417346639
55.94619307054391,-3.1897491619314295,E,55.94619307054391,-3.1894491619314294,2118.2637369924782,1953.251417346639
55.94619307054391,-3.1894491619314294,W,55.94619307054391,-3.1897491619314295,2118.2637369924782,1952.001417346639
55.94619307054391,-3.1897491619314295,E,55.94619307054391,-3.1894491619314294,2118.2637369924782,1950.751417346639
55.94619307054391,-3.1894491619314294,W,55.94619307054391,-3.1897491619314295,2118.2637369924782,1949.501417346639
55.94619307054391,-3.1897491619314295,E,55.94619307054391,-3.1894491619314294,2118.2637369924782,1948.251417346639
55.94619307054391,-3.1894491619314294,W,55.94619307054391,-3.1897491619314295,2118.2637369924782,1947.001417346639
55.94619307054391,-3.1897491619314295,E,55.94619307054391,-3.1894491619314294,2118.2637369924782,1945.751417346639
55.94619307054391,-3.1894491619314294,W,55.94619307054391,-3.1897491619314295,2118.2637369924782,1944.501417346639
55.94619307054391,-3.1897491619314295,E,55.94619307054391,-3.1894491619314294,2118.2637369924782,1943.251417346639
55.94619307054391,-3.1894491619314294,W,55.94619307054391,-3.1897491619314295,2118.2637369924782,1942.001417346639
55.94619307054391,-3.1897491619314295,E,55.94619307054391,-3.1894491619314294,2118.2637369924782,1940.751417346639
55.94619307054391,-3.1894491619314294,W,55.94619307054391,-3.1897491619314295,2118.2637369924782,1939.501417346639
55.94619307054391,-3.1897491619314295,E,55.94619307054391,-3.1894491619314294,2118.2637369924782,1938.251417346639
55.94619307054391,-3.1894491619314294,W,55.94619307054391,-3.1897491619314295,2118.2637369924782,1937.001417346639
55.94619307054391,-3.1897491619314295,E,55.94619307054391,-3.1894491619314294,2118.2637369924782,1935.751417346639
55.94619307054391,-3.1894491619314294,W,55.94619307054391,-3.1897491619314295,2118.2637369924782,1934.501417346639
55.94619307054391,-3.1897491619314295,E,55.94619307054391,-3.1894491619314294,2118.2637369924782,1933.251417346639
55.94619307054391,-3.1894491619314294,W,55.94619307054391,-3.1897491619314295,2118.2637369924782,1932.001417346639
55.94619307054391,-3.1897491619314295,E,55.94619307054391,-3.1894491619314294,2118.2637369924782,1930.751417346639
55.94619307054391,-3.1894491619314294,W,55.94619307054391,-3.1897491619314295,2118.2637369924782,1929.501417346639
55.94619307054391,-3.1897491619314295,E,55.94619307054391,-3.1894491619314294,2118.2637369924782,1928.251417346639
55.94619307054391,-3.1894491619314294,W,55.94619307054391,-3.1897491619314295,2118.2637369924782,1927.001417346639
55.94619307054391,-3.1897491619314295,E,55.94619307054391,-3.1894491619314294,2118.2637369924782,1925.751417346639
55.94619307054391,-3.1894491619314294,W,55.94619307054391,-3.1897491619314295,2118.2637369924782,1924.501417346639
55.94619307054391,-3.1897491619314295,E,55.94619307054391,-3.1894491619314294,2118.2637369924782,1923.251417346639
55.94619307054391,-3.1894491619314294,W,55.94619307054391,-3.1897491619314295,2118.2637369924782,1922.001417346639
55.94619307054391,-3.1897491619314295,E,55.94619307054391,-3.1894491619314294,2118.2637369924782,1920.751417346639
55.94619307054391,-3.1894491619314294,W,55.94619307054391,-3.1897491619314295,2118.2637369924782,1919.501417346639
55.94619307054391,-3.1897491619314295,E,55.94619307054391,-3.1894491619314294,2118.2637369924782,1918.251417346639
55.94619307054391,-3.1894491619314294,W,55.94619307054391,-3.1897491619314295,2118.2637369924782,1917.001417346639
55.94619307054391,-3.1897491619314295,E,55.94619307054391,-3.1894491619314294,2118.2637369924782,1915.751417346639
55.94619307054391,-3.1894491619314294,W,55.94619307054391,-3.1897491619314295,2118.2637369924782,1914.501417346639
55.94619307054391,-3.1897491619314295,E,55.94619307054391,-3.1894491619314294,2118.2637369924782,1913.251417346639
55.94619307054391,-3.1894491619314294,W,55.94619307054391,-3.1897491619314295,2118.2637369924782,1912.001417346639
55.94619307054391,-3.1897491619314295,E,55.94619307054391,-3.1894491619314294,2118.2637369924782,1910.751417346639
55.94619307054391,-3.1894491619314294,W,55.94619307054391,-3.1897491619314295,2118.2637369924782,1909.501417346639
55.94619307054391,-3.1897491619314295,E,55.94619307054391,-3.1894491619314294,2118.2637369924782,1908.251417346639
55.94619307054391,-3.1894491619314294,W,55.94619307054391,-3.1897491619314295,2118.2637369924782,1907.001417346639
55.94619307054391,-3.1897491619314295,E,55.94619307054391,-3.1894491619314294,2118.2637369924782,1905.751417346639
55.94619307054391,-3.1894491619314294,W,55.94619307054391,-3.1897491619314295,2118.2637369924782,1904.501417346639
55.94619307054391,-3.1897491619314295,E,55.94619307054391,-3.1894491619314294,2118.2637369924782,1903.251417346639
55.94619307054391,-3.1894491619314294,W,55.94619307054391,-3.1897491619314295,2118.2637369924782,1902.001417346639
55.94619307054391,-3.1897491619314295,E,55.94619307054391,-3.1894491619314294,2118.2637369924782,1900.751417346639
55.94619307054391,-3.1894491619314294,W,55.94619307054391,-3.1897491619314295,2118.2637369924782,1899.501417346639
55.94619307054391,-3.1897491619314295,E,55.94619307054391,-3.1894491619314294,2118.2637369924782,1898.251417346639
55.94619307054391,-3.1894491619314294,W,55.94619307054391,-3.1897491619314295,2118.2637369924782,1897.001417346639
55.94619307054391,-3.1897491619314295,E,55.94619307054391,-3.1894491619314294,2118.2637369924782,1895.751417346639
55.94619307054391,-3.1894491619314294,W,55.94619307054391,-3.1897491619314295,2118.2637369924782,1894.501417346639
55.94619307054391,-3.1897491619314295,E,55.94619307054391,-3.1894491619314294,2118.2637369924782,1893.251417346639
55.94619307054391,-3.1894491619314294,W,55.94619307054391,-3.1897491619314295,2118.2637369924782,1892.001417346639
55.94619307054391,-3.1897491619314295,E,55.94619307054391,-3.1894491619314294,2118.2637369924782,1890.751417346639
55.94619307054391,-3.1894491619314294,W,55.94619307054391,-3.1897491619314295,2118.2637369924782,1889.501417346639
55.94619307054391,-3.1897491619314295,E,55.94619307054391,-3.1894491619314294,2118.2637369924782,1888.251417346639
55.94619307054391,-3.1894491619314294,W,55.94619307054391,-3.1897491619314295,2118.2637369924782,1887.001417346639
55.94619307054391,-3.1897491619314295,E,55.94619307054391,-3.1894491619314294,2118.2637369924782,1885.751417346639
55.94619307054391,-3.1894491619314294,W,55.94619307054391,-3.1897491619314295,2118.2637369924782,1884.501417346639
55.94619307054391,-3.1897491619314295,E,55.94619307054391,-3.1894491619314294,2118.2637369924782,1883.251417346639
55.94619307054391,-3.1894491619314294,W,55.94619307054391,-3.1897491619314295,2118.2637369924782,1882.001417346639
55.94619307054391,-3.1897491619314295,E,55.94619307054391,-3.1894491619314294,2118.2637369924782,1880.751417346639
55.94619307054391,-3.1894491619314294,W,55.94619307054391,-3.1897491619314295,2118.2637369924782,1879.501417346639
55.94619307054391,-3.1897491619314295,E,55.94619307054391,-3.1894491619314294,2118.2637369924782,1878.251417346639
55.94619307054391,-3.1894491619314294,W,55.94619307054391,-3.1897491619314295,2118.2637369924782,1877.001417346639
55.94619307054391,-3.1897491619314295,E,55.94619307054391,-3.1894491619314294,2118.2637369924782,1875.751417346639
55.94619307054391,-3.1894491619314294,W,55.94619307054391,-3.1897491619314295,2118.2637369924782,1874.501417346639
55.94619307054391,-3.1897491619314295,E,55.94619307054391,-3.1894491619314294,2118.2637369924782,1873.251417346639
55.94619307054391,-3.1894491619314294,W,55.94619307054391,-3.1897491619314295,2118.2637369924782,1872.001417346639
55.94619307054391,-3.1897491619314295,E,55.94619307054391,-3.1894491619314294,2118.2637369924782,1870.751417346639
55.94619307054391,-3.1894491619314294,W,55.94619307054391,-3.1897491619314295,2118.2637369924782,1869.501417346639
55.94619307054391,-3.1897491619314295,E,55.94619307054391,-3.1894491619314294,2118.2637369924782,1868.251417346639
55.94619307054391,-3.1894491619314294,W,55.94619307054391,-3.1897491619314295,2118.2637369924782,1867.001417346639
55.94619307054391,-3.1897491619314295,E,55.94619307054391,-3.1894491619314294,2118.2637369924782,1865.751417346639
55.94619307054391,-3.1894491619314294,W,55.94619307054391,-3.1897491619314295,2118.2637369924782,1864.501417346639
55.94619307054391,-3.1897491619314295,E,55.94619307054391,-3.1894491619314294,2118.2637369924782,1863.251417346639
55.94619307054391,-3.1894491619314294,W,55.94619307054391,-3.1897491619314295,2118.2637369924782,1862.001417346639
55.94619307054391,-3.1897491619314295,E,55.94619307054391,-3.1894491619314294,2118.2637369924782,1860.751417346639
55.94619307054391,-3.1894491619314294,W,55.94619307054391,-3.1897491619314295,2118.2637369924782,1859.501417346639
55.94619307054391,-3.1897491619314295,E,55.94619307054391,-3.1894491619314294,2118.2637369924782,1858.251417346639
55.94619307054391,-3.1894491619314294,W,55.94619307054391,-3.1897491619314295,2118.2637369924782,1857.001417346639
55.94619307054391,-3.1897491619314295,E,55.94619307054391,-3.1894491619314294,2118.2637369924782,1855.751417346639
55.94619307054391,-3.1894491619314294,W,55.94619307054391,-3.1897491619314295,2118.2637369924782,1854.501417346639
55.94619307054391,-3.1897491619314295,E,55.94619307054391,-3.1894491619314294,2118.2637369924782,1853.251417346639
55.94619307054391,-3.1894491619314294,W,55.94619307054391,-3.1897491619314295,2118.2637369924782,1852.001417346639
55.94619307054391,-3.1897491619314295,E,55.94619307054391,-3.1894491619314294,2118.2637369924782,1850.751417346639
55.94619307054391,-3.1894491619314294,W,55.94619307054391,-3.1897491619314295,2118.2637369924782,1849.501417346639
55.94619307054391,-3.1897491619314295,E,55.94619307054391,-3.1894491619314294,2118.2637369924782,1848.251417346639
55.94619307054391,-3.1894491619314294,W,55.94619307054391,-3.1897491619314295,2118.2637369924782,1847.001417346639
55.94619307054391,-3.1897491619314295,E,55.94619307054391,-3.1894491619314294,2118.2637369924782,1845.751417346639
55.94619307054391,-3.1894491619314294,W,55.94619307054391,-3.1897491619314295,2118.2637369924782,1844.501417346639
55.94619307054391,-3.1897491619314295,E,55.94619307054391,-3.1894491619314294,2118.2637369924782,1843.251417346639
55.94619307054391,-3.1894491619314294,W,55.94619307054391,-3.1897491619314295,2118.2637369924782,1842.001417346639
55.94619307054391,-3.1897491619314295,E,55.94619307054391,-3.1894491619314294,2118.2637369924782,1840.751417346639
55.94619307054391,-3.1894491619314294,W,55.94619307054391,-3.1897491619314295,2118.2637369924782,1839.501417346639
55.94619307054391,-3.1897491619314295,E,55.94619307054391,-3.1894491619314294,2118.2637369924782,1838.251417346639
55.94619307054391,-3.1894491619314294,W,55.94619307054391,-3.1897491619314295,2118.2637369924782,1837.001417346639
55.94619307054391,-3.1897491619314295,E,55.94619307054391,-3.1894491619314294,2118.2637369924782,1835.751417346639
55.94619307054391,-3.1894491619314294,W,55.94619307054391,-3.1897491619314295,2118.2637369924782,1834.501417346639
55.94619307054391,-3.1897491619314295,E,55.94619307054391,-3.1894491619314294,2118.2637369924782,1833.251417346639
55.94619307054391,-3.1894491619314294,W,55.94619307054391,-3.1897491619314295,2118.2637369924782,1832.001417346639
55.94619307054391,-3.1897491619314295,E,55.94619307054391,-3.1894491619314294,2118.2637369924782,1830.751417346639
55.94619307054391,-3.1894491619314294,W,55.94619307054391,-3.1897491619314295,2118.2637369924782,1829.501417346639
55.94619307054391,-3.1897491619314295,E,55.94619307054391,-3.1894491619314294,2118.2637369924782,1828.251417346639
55.94619307054391,-3.1894491619314294,W,55.94619307054391,-3.1897491619314295,2118.2637369924782,1827.001417346639
55.94619307054391,-3.1897491619314295,E,55.94619307054391,-3.1894491619314294,2118.2637369924782,1825.751417346639
55.94619307054391,-3.1894491619314294,W,55.94619307054391,-3.1897491619314295,2118.2637369924782,1824.501417346639
55.94619307054391,-3.1897491619314295,E,55.94619307054391,-3.1894491619314294,2118.2637369924782,1823.251417346639
55.94619307054391,-3.1894491619314294,W,55.94619307054391,-3.1897491619314295,2118.2637369924782,1822.001417346639
55.94619307054391,-3.1897491619314295,E,55.94619307054391,-3.1894491619314294,2118.2637369924782,1820.751417346639
55.94619307054391,-3.1894491619314294,W,55.94619307054391,-3.1897491619314295,2118.2637369924782,1819.501417346639
55.94619307054391,-3.1897491619314295,E,55.94619307054391,-3.1894491619314294,2118.2637369924782,1818.251417346639
55.94619307054391,-3.1894491619314294,W,55.94619307054391,-3.1897491619314295,2118.2637369924782,1817.001417346639
55.94619307054391,-3.1897491619314295,E,55.94619307054391,-3.1894491619314294,2118.2637369924782,1815.751417346639
55.94619307054391,-3.1894491619314294,W,55.94619307054391,-3.1897491619314295,2118.2637369924782,1814.501417346639
55.94619307054391,-3.1897491619314295,E,55.94619307054391,-3.1894491619314294,2118.2637369924782,1813.251417346639
55.94619307054391,-3.1894491619314294,W,55.94619307054391,-3.1897491619314295,2118.2637369924782,1812.001417346639
55.94619307054391,-3.1897491619314295,E,55.94619307054391,-3.1894491619314294,2118.2637369924782,1810.751417346639
55.94619307054391,-3.1894491619314294,W,55.94619307054391,-3.1897491619314295,2118.2637369924782,1809.501417346639
55.94619307054391,-3.1897491619314295,E,55.94619307054391,-3.1894491619314294,2118.2637369924782,1808.251417346639
55.94619307054391,-3.1894491619314294,W,55.94619307054391,-3.1897491619314295,2118.2637369924782,1807.001417346639
55.94619307054391,-3.1897491619314295,E,55.94619307054391,-3.1894491619314294,2118.2637369924782,1805.751417346639
55.94619307054391,-3.1894491619314294,W,55.94619307054391,-3.1897491619314295,2118.2637369924782,1804.501417346639
55.94619307054391,-3.1897491619314295,E,55.94619307054391,-3.1894491619314294,2118.2637369924782,1803.251417346639
55.94619307054391,-3.1894491619314294,W,55.94619307054391,-3.1897491619314295,2118.2637369924782,1802.001417346639
55.94619307054391,-3.1897491619314295,E,55.94619307054391,-3.1894491619314294,2118.2637369924782,1800.751417346639
55.94619307054391,-3.1894491619314294,W,55.94619307054391,-3.1897491619314295,2118.2637369924782,1799.501417346639
55.94619307054391,-3.1897491619314295,E,55.94619307054391,-3.1894491619314294,2118.2637369924782,1798.251417346639
55.94619307054391,-3.1894491619314294,W,55.94619307054391,-3.1897491619314295,2118.2637369924782,1797.001417346639
55.94619307054391,-3.1897491619314295,E,55.94619307054391,-3.1894491619314294,2118.2637369924782,1795.751417346639
55.94619307054391,-3.1894491619314294,W,55.94619307054391,-3.1897491619314295,2118.2637369924782,1794.501417346639
55.94619307054391,-3.1897491619314295,E,55.94619307054391,-3.1894491619314294,2118.2637369924782,1793.251417346639
