55.944425,-3.188396,ENE,55.94453980502971,-3.1881188361402466,43.50033019086498,326.3749057381149
55.94453980502971,-3.1881188361402466,NE,55.94475193706407,-3.187906704105891,153.1760004387267,386.38744934957526
55.94475193706407,-3.187906704105891,WNW,55.94486674209378,-3.1881838679656442,153.1760004387267,385.13744934957526
55.94486674209378,-3.1881838679656442,WNW,55.94498154712349,-3.1884610318253976,267.7670083567627,473.95817183193384
55.94498154712349,-3.1884610318253976,SSW,55.94470438326373,-3.188575836855107,267.7670083567627,472.70817183193384
55.94470438326373,-3.188575836855107,SW,55.94449225122938,-3.188787968889463,301.42236772062836,593.5611674015697
55.94449225122938,-3.188787968889463,SE,55.94428011919502,-3.188575836855107,301.42236772062836,592.3111674015697
55.94428011919502,-3.188575836855107,SSE,55.944002955335264,-3.1884610318253976,382.8620023384491,595.4592965409176
55.944002955335264,-3.1884610318253976,ESE,55.943888150305554,-3.1881838679656442,382.8620023384491,594.2092965409176
55.943888150305554,-3.1881838679656442,SE,55.9436760182712,-3.1879717359312885,382.8620023384491,592.9592965409176
55.9436760182712,-3.1879717359312885,ESE,55.94356121324149,-3.187694572071535,468.2969086748925,664.8120822553591
55.94356121324149,-3.187694572071535,ENE,55.9436760182712,-3.1874174082117817,468.2969086748925,663.5620822553591
55.9436760182712,-3.1874174082117817,NE,55.943888150305554,-3.187205276177426,528.581888421785,787.0051178472904
55.943888150305554,-3.187205276177426,NE,55.94410028233991,-3.18699314414307,528.581888421785,785.7551178472904
55.94410028233991,-3.18699314414307,NE,55.94431241437427,-3.1867810121087143,563.081130628253,832.1360326214393
55.94431241437427,-3.1867810121087143,NNW,55.94458957823402,-3.186895817138424,640.9784287168386,883.5025727361259
55.94458957823402,-3.186895817138424,ENE,55.94470438326373,-3.1866186532786704,735.1966158190331,985.7514731207834
55.94470438326373,-3.1866186532786704,NNW,55.94498154712349,-3.18673345830838,735.1966158190331,984.5014731207834
55.94498154712349,-3.18673345830838,NNW,55.945258710983246,-3.1868482633380895,843.3150347516363,1105.0418666814267
55.945258710983246,-3.1868482633380895,WSW,55.945143905953536,-3.187125427197843,843.3150347516363,1103.7918666814267
55.945143905953536,-3.187125427197843,SW,55.94493177391918,-3.1873375592321986,958.7696607690266,1126.9689588810495
55.94493177391918,-3.1873375592321986,N,55.94523177391918,-3.1873375592321986,958.7696607690266,1125.7189588810495
55.94523177391918,-3.1873375592321986,N,55.945531773919186,-3.1873375592321986,958.7696607690266,1124.4689588810495
55.945531773919186,-3.1873375592321986,N,55.94583177391919,-3.1873375592321986,1048.977364457036,1158.9663987683025
55.94583177391919,-3.1873375592321986,NE,55.946043905953545,-3.187125427197843,1048.977364457036,1157.7163987683025
55.946043905953545,-3.187125427197843,ENE,55.946158710983255,-3.1868482633380895,1092.4214581920132,1171.955069211884
55.946158710983255,-3.1868482633380895,ESE,55.946043905953545,-3.186571099478336,1092.4214581920132,1170.705069211884
55.946043905953545,-3.186571099478336,ESE,55.945929100923834,-3.1862939356185827,1092.4214581920132,1169.455069211884
55.945929100923834,-3.1862939356185827,E,55.945929100923834,-3.1859939356185825,1092.4214581920132,1168.205069211884
55.945929100923834,-3.1859939356185825,ESE,55.945814295894124,-3.185716771758829,1179.6263436192085,1245.6900329837463
55.945814295894124,-3.185716771758829,E,55.945814295894124,-3.185416771758829,1179.6263436192085,1244.4400329837463
55.945814295894124,-3.185416771758829,ENE,55.945929100923834,-3.1851396078990755,1227.413154377932,1320.8378138487194
55.945929100923834,-3.1851396078990755,SE,55.94571696888948,-3.1849274758647197,1227.413154377932,1319.5878138487194
55.94571696888948,-3.1849274758647197,SE,55.94550483685512,-3.184715343830364,1227.413154377932,1318.3378138487194
55.94550483685512,-3.184715343830364,SE,55.945292704820766,-3.184503211796008,1342.6960289093788,1395.859862718632
55.945292704820766,-3.184503211796008,SW,55.94508057278641,-3.184715343830364,1342.6960289093788,1394.609862718632
55.94508057278641,-3.184715343830364,SW,55.94486844075205,-3.1849274758647197,1342.6960289093788,1393.359862718632
55.94486844075205,-3.1849274758647197,SW,55.9446563087177,-3.1851396078990755,1342.6960289093788,1392.109862718632
55.9446563087177,-3.1851396078990755,SW,55.94444417668334,-3.1853517399334312,1376.0132970347931,1398.6922402155542
55.94444417668334,-3.1853517399334312,WSW,55.94432937165363,-3.1856289037931846,1376.0132970347931,1397.4422402155542
55.94432937165363,-3.1856289037931846,WSW,55.94421456662392,-3.185906067652938,1449.8552093384183,1463.2837444110862
55.94421456662392,-3.185906067652938,SSW,55.94393740276416,-3.1860208726826476,1477.0351472545146,1562.025913803554
55.94393740276416,-3.1860208726826476,SE,55.94372527072981,-3.185808740648292,1477.0351472545146,1560.775913803554
55.94372527072981,-3.185808740648292,SE,55.94351313869545,-3.185596608613936,1479.9711512778254,1617.262982184522
55.94351313869545,-3.185596608613936,SSE,55.943235974835694,-3.1854818035842265,1520.969650178724,1729.4191165352197
55.943235974835694,-3.1854818035842265,NE,55.94344810687005,-3.1852696715498707,1596.2192010741987,1744.715829198054
55.94344810687005,-3.1852696715498707,SE,55.943235974835694,-3.185057539515515,1643.3318637761552,1811.3225431442127
55.943235974835694,-3.185057539515515,E,55.943235974835694,-3.1847575395155148,1747.759685637028,1906.1631706673845
55.943235974835694,-3.1847575395155148,WSW,55.943121169805984,-3.185034703375268,1747.759685637028,1904.9131706673845
55.943121169805984,-3.185034703375268,W,55.943121169805984,-3.1853347033752684,1747.759685637028,1903.6631706673845
55.943121169805984,-3.1853347033752684,W,55.943121169805984,-3.1856347033752686,1747.759685637028,1902.4131706673845
55.943121169805984,-3.1856347033752686,NNW,55.94339833366574,-3.185749508404978,1747.759685637028,1901.1631706673845
55.94339833366574,-3.185749508404978,WNW,55.94351313869545,-3.1860266722647315,1747.759685637028,1899.9131706673845
55.94351313869545,-3.1860266722647315,WSW,55.94339833366574,-3.186303836124485,1747.759685637028,1898.6631706673845
55.94339833366574,-3.186303836124485,WSW,55.94328352863603,-3.1865809999842383,1747.759685637028,1897.4131706673845
55.94328352863603,-3.1865809999842383,WSW,55.94316872360632,-3.1868581638439917,1747.759685637028,1896.1631706673845
55.94316872360632,-3.1868581638439917,SW,55.94295659157196,-3.1870702958783474,1747.759685637028,1894.9131706673845
55.94295659157196,-3.1870702958783474,WNW,55.943071396601674,-3.187347459738101,1747.759685637028,1893.6631706673845
55.943071396601674,-3.187347459738101,WSW,55.94295659157196,-3.1876246235978543,1747.759685637028,1892.4131706673845
55.94295659157196,-3.1876246235978543,WSW,55.94284178654225,-3.1879017874576077,1797.511872317662,1973.6272948737248
55.94284178654225,-3.1879017874576077,W,55.94284178654225,-3.188201787457608,1797.511872317662,1972.3772948737248
55.94284178654225,-3.188201787457608,WNW,55.94295659157196,-3.1884789513173613,1797.511872317662,1971.1272948737248
55.94295659157196,-3.1884789513173613,W,55.94295659157196,-3.1887789513173614,1870.638293460662,2027.0763627722258
55.94295659157196,-3.1887789513173614,WNW,55.943071396601674,-3.189056115177115,1870.638293460662,2025.8263627722258
55.943071396601674,-3.189056115177115,W,55.943071396601674,-3.189356115177115,1870.638293460662,2024.5763627722258
55.943071396601674,-3.189356115177115,WNW,55.943186201631384,-3.1896332790368684,1878.7258965735177,2063.047386348309
55.943186201631384,-3.1896332790368684,SW,55.94297406959703,-3.189845411071224,1968.8777959254935,2163.9382092781966
55.94297406959703,-3.189845411071224,NNE,55.943251233456785,-3.1897306060415147,1968.8777959254935,2162.6882092781966
55.943251233456785,-3.1897306060415147,NNE,55.94352839731654,-3.189615801011805,1968.8777959254935,2161.4382092781966
55.94352839731654,-3.189615801011805,N,55.943828397316544,-3.189615801011805,2071.2097315133315,2198.2146667492466
55.943828397316544,-3.189615801011805,WNW,55.943943202346254,-3.1898929648715586,2071.2097315133315,2196.9646667492466
55.943943202346254,-3.1898929648715586,WNW,55.944058007375965,-3.190170128731312,2071.2097315133315,2195.7146667492466
55.944058007375965,-3.190170128731312,NNW,55.94433517123572,-3.1902849337610215,2071.2097315133315,2194.4646667492466
55.94433517123572,-3.1902849337610215,W,55.94433517123572,-3.1905849337610217,2125.8840963751963,2197.8207495071847
55.94433517123572,-3.1905849337610217,NNW,55.94461233509548,-3.190699738790731,2223.2302520476837,2292.656873519167
55.94461233509548,-3.190699738790731,SW,55.94440020306112,-3.190911870825087,2299.3086314587167,2367.6436313598433
55.94440020306112,-3.190911870825087,ENE,55.94451500809083,-3.1906347069653336,2299.3086314587167,2366.3936313598433
55.94451500809083,-3.1906347069653336,NE,55.94472714012519,-3.190422574930978,2299.3086314587167,2365.1436313598433
55.94472714012519,-3.190422574930978,NE,55.944939272159544,-3.190210442896622,2299.3086314587167,2363.8936313598433
55.944939272159544,-3.190210442896622,NNE,55.9452164360193,-3.1900956378669125,2416.065219396088,2473.836412098096
55.9452164360193,-3.1900956378669125,ENE,55.94533124104901,-3.189818474007159,2416.065219396088,2472.586412098096
55.94533124104901,-3.189818474007159,E,55.94533124104901,-3.189518474007159,2439.7585794057263,2515.3757755099296
55.94533124104901,-3.189518474007159,NNW,55.94560840490877,-3.1896332790368684,2524.381528440433,2578.3389048418057
55.94560840490877,-3.1896332790368684,NW,55.945820536943124,-3.189845411071224,2524.381528440433,2577.0889048418057
55.945820536943124,-3.189845411071224,NNW,55.94609770080288,-3.1899602161009337,2627.450451931869,2614.148725985656
55.94609770080288,-3.1899602161009337,E,55.94609770080288,-3.1896602161009335,2627.450451931869,2612.898725985656
55.94609770080288,-3.1896602161009335,E,55.94609770080288,-3.1893602161009333,2627.450451931869,2611.648725985656
55.94609770080288,-3.1893602161009333,E,55.94609770080288,-3.189060216100933,2627.450451931869,2610.398725985656
55.94609770080288,-3.189060216100933,E,55.94609770080288,-3.188760216100933,2637.897660617393,2675.248843885541
55.94609770080288,-3.188760216100933,ESE,55.94598289577317,-3.1884830522411796,2637.897660617393,2673.998843885541
55.94598289577317,-3.1884830522411796,SE,55.945770763738814,-3.188270920206824,2718.9054312279277,2726.144108558901
55.945770763738814,-3.188270920206824,SW,55.94555863170446,-3.1884830522411796,2718.9054312279277,2724.894108558901
55.94555863170446,-3.1884830522411796,SW,55.9453464996701,-3.1886951842755353,2718.9054312279277,2723.644108558901
55.9453464996701,-3.1886951842755353,SW,55.945134367635745,-3.188907316309891,2718.9054312279277,2722.394108558901
55.945134367635745,-3.188907316309891,SW,55.94492223560139,-3.189119448344247,2718.9054312279277,2721.144108558901
55.94492223560139,-3.189119448344247,SSE,55.94464507174163,-3.1890046433145374,2718.9054312279277,2719.894108558901
55.94464507174163,-3.1890046433145374,S,55.94434507174163,-3.1890046433145374,2718.9054312279277,2718.644108558901
55.94434507174163,-3.1890046433145374,SW,55.94413293970727,-3.189216775348893,2718.9054312279277,2717.394108558901
55.94413293970727,-3.189216775348893,WSW,55.94401813467756,-3.1894939392086465,2718.9054312279277,2716.144108558901
55.94401813467756,-3.1894939392086465,SE,55.94380600264321,-3.1892818071742908,2718.9054312279277,2714.894108558901
55.94380600264321,-3.1892818071742908,WSW,55.9436911976135,-3.189558971034044,2718.9054312279277,2713.644108558901
55.9436911976135,-3.189558971034044,WSW,55.943576392583786,-3.1898361348937976,2718.9054312279277,2712.394108558901
55.943576392583786,-3.1898361348937976,WSW,55.943461587554076,-3.190113298753551,2718.9054312279277,2711.144108558901
55.943461587554076,-3.190113298753551,WSW,55.943346782524365,-3.1903904626133044,2718.9054312279277,2709.894108558901
55.943346782524365,-3.1903904626133044,WSW,55.943231977494655,-3.190667626473058,2718.9054312279277,2708.644108558901
55.943231977494655,-3.190667626473058,SW,55.9430198454603,-3.1908797585074136,2832.105193847138,2736.430716995152
55.9430198454603,-3.1908797585074136,NW,55.943231977494655,-3.1910918905417693,2832.105193847138,2735.180716995152
55.943231977494655,-3.1910918905417693,NW,55.94344410952901,-3.191304022576125,2832.105193847138,2733.930716995152
55.94344410952901,-3.191304022576125,WNW,55.94355891455872,-3.1915811864358785,2832.105193847138,2732.680716995152
55.94355891455872,-3.1915811864358785,NW,55.94377104659308,-3.1917933184702343,2832.105193847138,2731.430716995152
55.94377104659308,-3.1917933184702343,WNW,55.94388585162279,-3.1920704823299877,2832.105193847138,2730.180716995152
55.94388585162279,-3.1920704823299877,NW,55.944097983657144,-3.1922826143643435,2861.045605850447,2822.3947037470957
55.944097983657144,-3.1922826143643435,SSW,55.94382081979739,-3.192397419394053,2934.460993068632,2906.824086593272
55.94382081979739,-3.192397419394053,NE,55.944032951831744,-3.192185287359697,2934.460993068632,2905.574086593272
55.944032951831744,-3.192185287359697,N,55.94433295183175,-3.192185287359697,2934.460993068632,2904.324086593272
55.94433295183175,-3.192185287359697,N,55.94463295183175,-3.192185287359697,3050.793778149115,2904.126359014197
55.94463295183175,-3.192185287359697,S,55.94433295183175,-3.192185287359697,3050.793778149115,2902.876359014197
55.94433295183175,-3.192185287359697,N,55.94463295183175,-3.192185287359697,3050.793778149115,2901.626359014197
55.94463295183175,-3.192185287359697,S,55.94433295183175,-3.192185287359697,3050.793778149115,2900.376359014197
55.94433295183175,-3.192185287359697,N,55.94463295183175,-3.192185287359697,3050.793778149115,2899.126359014197
55.94463295183175,-3.192185287359697,S,55.94433295183175,-3.192185287359697,3050.793778149115,2897.876359014197
55.94433295183175,-3.192185287359697,N,55.94463295183175,-3.192185287359697,3050.793778149115,2896.626359014197
55.94463295183175,-3.192185287359697,S,55.94433295183175,-3.192185287359697,3050.793778149115,2895.376359014197
55.94433295183175,-3.192185287359697,N,55.94463295183175,-3.192185287359697,3050.793778149115,2894.126359014197
55.94463295183175,-3.192185287359697,S,55.94433295183175,-3.192185287359697,3050.793778149115,2892.876359014197
55.94433295183175,-3.192185287359697,N,55.94463295183175,-3.192185287359697,3050.793778149115,2891.626359014197
55.94463295183175,-3.192185287359697,S,55.94433295183175,-3.192185287359697,3050.793778149115,2890.376359014197
55.94433295183175,-3.192185287359697,N,55.94463295183175,-3.192185287359697,3050.793778149115,2889.126359014197
55.94463295183175,-3.192185287359697,S,55.94433295183175,-3.192185287359697,3050.793778149115,2887.876359014197
55.94433295183175,-3.192185287359697,N,55.94463295183175,-3.192185287359697,3050.793778149115,2886.626359014197
55.94463295183175,-3.192185287359697,S,55.94433295183175,-3.192185287359697,3050.793778149115,2885.376359014197
55.94433295183175,-3.192185287359697,N,55.94463295183175,-3.192185287359697,3050.793778149115,2884.126359014197
55.94463295183175,-3.192185287359697,S,55.94433295183175,-3.192185287359697,3050.793778149115,2882.876359014197
55.94433295183175,-3.192185287359697,N,55.94463295183175,-3.192185287359697,3050.793778149115,2881.626359014197
55.94463295183175,-3.192185287359697,S,55.94433295183175,-3.192185287359697,3050.793778149115,2880.376359014197
55.94433295183175,-3.192185287359697,N,55.94463295183175,-3.192185287359697,3050.793778149115,2879.126359014197
55.94463295183175,-3.192185287359697,S,55.94433295183175,-3.192185287359697,3050.793778149115,2877.876359014197
55.94433295183175,-3.192185287359697,N,55.94463295183175,-3.192185287359697,3050.793778149115,2876.626359014197
55.94463295183175,-3.192185287359697,S,55.94433295183175,-3.192185287359697,3050.793778149115,2875.376359014197
55.94433295183175,-3.192185287359697,N,55.94463295183175,-3.192185287359697,3050.793778149115,2874.126359014197
55.94463295183175,-3.192185287359697,S,55.94433295183175,-3.192185287359697,3050.793778149115,2872.876359014197
55.94433295183175,-3.192185287359697,N,55.94463295183175,-3.192185287359697,3050.793778149115,2871.626359014197
55.94463295183175,-3.192185287359697,S,55.94433295183175,-3.192185287359697,3050.793778149115,2870.376359014197
55.94433295183175,-3.192185287359697,N,55.94463295183175,-3.192185287359697,3050.793778149115,2869.126359014197
55.94463295183175,-3.192185287359697,S,55.94433295183175,-3.192185287359697,3050.793778149115,2867.876359014197
55.94433295183175,-3.192185287359697,N,55.94463295183175,-3.192185287359697,3050.793778149115,2866.626359014197
55.94463295183175,-3.192185287359697,S,55.94433295183175,-3.192185287359697,3050.793778149115,2865.376359014197
55.94433295183175,-3.192185287359697,N,55.94463295183175,-3.192185287359697,3050.793778149115,2864.126359014197
55.94463295183175,-3.192185287359697,S,55.94433295183175,-3.192185287359697,3050.793778149115,2862.876359014197
55.94433295183175,-3.192185287359697,N,55.94463295183175,-3.192185287359697,3050.793778149115,2861.626359014197
55.94463295183175,-3.192185287359697,S,55.94433295183175,-3.192185287359697,3050.793778149115,2860.376359014197
55.94433295183175,-3.192185287359697,N,55.94463295183175,-3.192185287359697,3050.793778149115,2859.126359014197
55.94463295183175,-3.192185287359697,S,55.94433295183175,-3.192185287359697,3050.793778149115,2857.876359014197
55.94433295183175,-3.192185287359697,N,55.94463295183175,-3.192185287359697,3050.793778149115,2856.626359014197
55.94463295183175,-3.192185287359697,S,55.94433295183175,-3.192185287359697,3050.793778149115,2855.376359014197
55.94433295183175,-3.192185287359697,N,55.94463295183175,-3.192185287359697,3050.793778149115,2854.126359014197
55.94463295183175,-3.192185287359697,S,55.94433295183175,-3.192185287359697,3050.793778149115,2852.876359014197
55.94433295183175,-3.192185287359697,N,55.94463295183175,-3.192185287359697,3050.793778149115,2851.626359014197
55.94463295183175,-3.192185287359697,S,55.94433295183175,-3.192185287359697,3050.793778149115,2850.376359014197
55.94433295183175,-3.192185287359697,N,55.94463295183175,-3.192185287359697,3050.793778149115,2849.126359014197
55.94463295183175,-3.192185287359697,S,55.94433295183175,-3.192185287359697,3050.793778149115,2847.876359014197
55.94433295183175,-3.192185287359697,N,55.94463295183175,-3.192185287359697,3050.793778149115,2846.626359014197
55.94463295183175,-3.192185287359697,S,55.94433295183175,-3.192185287359697,3050.793778149115,2845.376359014197
55.94433295183175,-3.192185287359697,N,55.94463295183175,-3.192185287359697,3050.793778149115,2844.126359014197
55.94463295183175,-3.192185287359697,S,55.94433295183175,-3.192185287359697,3050.793778149115,2842.876359014197
55.94433295183175,-3.192185287359697,N,55.94463295183175,-3.192185287359697,3050.793778149115,2841.626359014197
55.94463295183175,-3.192185287359697,S,55.94433295183175,-3.192185287359697,3050.793778149115,2840.376359014197
55.94433295183175,-3.192185287359697,N,55.94463295183175,-3.192185287359697,3050.793778149115,2839.126359014197
55.94463295183175,-3.192185287359697,S,55.94433295183175,-3.192185287359697,3050.793778149115,2837.876359014197
55.94433295183175,-3.192185287359697,N,55.94463295183175,-3.192185287359697,3050.793778149115,2836.626359014197
55.94463295183175,-3.192185287359697,S,55.94433295183175,-3.192185287359697,3050.793778149115,2835.376359014197
55.94433295183175,-3.192185287359697,N,55.94463295183175,-3.192185287359697,3050.793778149115,2834.126359014197
55.94463295183175,-3.192185287359697,S,55.94433295183175,-3.192185287359697,3050.793778149115,2832.876359014197
55.94433295183175,-3.192185287359697,N,55.94463295183175,-3.192185287359697,3050.793778149115,2831.626359014197
55.94463295183175,-3.192185287359697,S,55.94433295183175,-3.192185287359697,3050.793778149115,2830.376359014197
55.94433295183175,-3.192185287359697,N,55.94463295183175,-3.192185287359697,3050.793778149115,2829.126359014197
55.94463295183175,-3.192185287359697,S,55.94433295183175,-3.192185287359697,3050.793778149115,2827.876359014197
55.94433295183175,-3.192185287359697,N,55.94463295183175,-3.192185287359697,3050.793778149115,2826.626359014197
55.94463295183175,-3.192185287359697,S,55.94433295183175,-3.192185287359697,3050.793778149115,2825.376359014197
55.94433295183175,-3.192185287359697,N,55.94463295183175,-3.192185287359697,3050.793778149115,2824.126359014197
55.94463295183175,-3.192185287359697,S,55.94433295183175,-3.192185287359697,3050.793778149115,2822.876359014197
55.94433295183175,-3.192185287359697,N,55.94463295183175,-3.192185287359697,3050.793778149115,2821.626359014197
55.94463295183175,-3.192185287359697,S,55.94433295183175,-3.192185287359697,3050.793778149115,2820.376359014197
55.94433295183175,-3.192185287359697,N,55.94463295183175,-3.192185287359697,3050.793778149115,2819.126359014197
55.94463295183175,-3.192185287359697,S,55.94433295183175,-3.192185287359697,3050.793778149115,2817.876359014197
55.94433295183175,-3.192185287359697,N,55.94463295183175,-3.192185287359697,3050.793778149115,2816.626359014197
55.94463295183175,-3.192185287359697,S,55.94433295183175,-3.192185287359697,3050.793778149115,2815.376359014197
55.94433295183175,-3.192185287359697,N,55.94463295183175,-3.192185287359697,3050.793778149115,2814.126359014197
55.94463295183175,-3.192185287359697,S,55.94433295183175,-3.192185287359697,3050.793778149115,2812.876359014197
55.94433295183175,-3.192185287359697,N,55.94463295183175,-3.192185287359697,3050.793778149115,2811.626359014197
55.94463295183175,-3.192185287359697,S,55.94433295183175,-3.192185287359697,3050.793778149115,2810.376359014197
55.94433295183175,-3.192185287359697,N,55.94463295183175,-3.192185287359697,3050.793778149115,2809.126359014197
55.94463295183175,-3.192185287359697,S,55.94433295183175,-3.192185287359697,3050.793778149115,2807.876359014197
55.94433295183175,-3.192185287359697,N,55.94463295183175,-3.192185287359697,3050.793778149115,2806.626359014197
55.94463295183175,-3.192185287359697,S,55.94433295183175,-3.192185287359697,3050.793778149115,2805.376359014197
55.94433295183175,-3.192185287359697,N,55.94463295183175,-3.192185287359697,3050.793778149115,2804.126359014197
55.94463295183175,-3.192185287359697,S,55.94433295183175,-3.192185287359697,3050.793778149115,2802.876359014197
55.94433295183175,-3.192185287359697,N,55.94463295183175,-3.192185287359697,3050.793778149115,2801.626359014197
55.94463295183175,-3.192185287359697,S,55.94433295183175,-3.192185287359697,3050.793778149115,2800.376359014197
55.94433295183175,-3.192185287359697,N,55.94463295183175,-3.192185287359697,3050.793778149115,2799.126359014197
55.94463295183175,-3.192185287359697,S,55.94433295183175,-3.192185287359697,3050.793778149115,2797.876359014197
55.94433295183175,-3.192185287359697,N,55.94463295183175,-3.192185287359697,3050.793778149115,2796.626359014197
55.94463295183175,-3.192185287359697,S,55.94433295183175,-3.192185287359697,3050.793778149115,2795.376359014197
55.94433295183175,-3.192185287359697,N,55.94463295183175,-3.192185287359697,3050.793778149115,2794.126359014197
55.94463295183175,-3.192185287359697,S,55.94433295183175,-3.192185287359697,3050.793778149115,2792.876359014197
55.94433295183175,-3.192185287359697,N,55.94463295183175,-3.192185287359697,3050.793778149115,2791.626359014197
55.94463295183175,-3.192185287359697,S,55.94433295183175,-3.192185287359697,3050.793778149115,2790.376359014197
55.94433295183175,-3.192185287359697,N,55.94463295183175,-3.192185287359697,3050.793778149115,2789.126359014197
55.94463295183175,-3.192185287359697,S,55.94433295183175,-3.192185287359697,3050.793778149115,2787.876359014197
55.94433295183175,-3.192185287359697,N,55.94463295183175,-3.192185287359697,3050.793778149115,2786.626359014197
55.94463295183175,-3.192185287359697,S,55.94433295183175,-3.192185287359697,3050.793778149115,2785.376359014197
55.94433295183175,-3.192185287359697,N,55.94463295183175,-3.192185287359697,3050.793778149115,2784.126359014197
55.94463295183175,-3.192185287359697,S,55.94433295183175,-3.192185287359697,3050.793778149115,2782.876359014197
55.94433295183175,-3.192185287359697,N,55.94463295183175,-3.192185287359697,3050.793778149115,2781.626359014197
55.94463295183175,-3.192185287359697,S,55.94433295183175,-3.192185287359697,3050.793778149115,2780.376359014197
55.94433295183175,-3.192185287359697,N,55.94463295183175,-3.192185287359697,3050.793778149115,2779.126359014197
55.94463295183175,-3.192185287359697,S,55.94433295183175,-3.192185287359697,3050.793778149115,2777.876359014197
55.94433295183175,-3.192185287359697,N,55.94463295183175,-3.192185287359697,3050.793778149115,2776.626359014197
55.94463295183175,-3.192185287359697,S,55.94433295183175,-3.192185287359697,3050.793778149115,2775.376359014197
55.94433295183175,-3.192185287359697,N,55.94463295183175,-3.192185287359697,3050.793778149115,2774.126359014197
55.94463295183175,-3.192185287359697,S,55.94433295183175,-3.192185287359697,3050.793778149115,2772.876359014197
55.94433295183175,-3.192185287359697,N,55.94463295183175,-3.192185287359697,3050.793778149115,2771.626359014197
55.94463295183175,-3.192185287359697,S,55.94433295183175,-3.192185287359697,3050.793778149115,2770.376359014197
55.94433295183175,-3.192185287359697,N,55.94463295183175,-3.192185287359697,3050.793778149115,2769.126359014197
55.94463295183175,-3.192185287359697,S,55.94433295183175,-3.192185287359697,3050.793778149115,2767.876359014197
55.94433295183175,-3.192185287359697,N,55.94463295183175,-3.192185287359697,3050.793778149115,2766.626359014197
55.94463295183175,-3.192185287359697,S,55.94433295183175,-3.192185287359697,3050.793778149115,2765.376359014197
55.94433295183175,-3.192185287359697,N,55.94463295183175,-3.192185287359697,3050.793778149115,2764.126359014197
55.94463295183175,-3.192185287359697,S,55.94433295183175,-3.192185287359697,3050.793778149115,2762.876359014197
55.94433295183175,-3.192185287359697,N,55.94463295183175,-3.192185287359697,3050.793778149115,2761.626359014197
55.94463295183175,-3.192185287359697,S,55.94433295183175,-3.192185287359697,3050.793778149115,2760.376359014197
55.94433295183175,-3.192185287359697,N,55.94463295183175,-3.192185287359697,3050.793778149115,2759.126359014197
55.94463295183175,-3.192185287359697,S,55.94433295183175,-3.192185287359697,3050.793778149115,2757.876359014197
55.94433295183175,-3.192185287359697,N,55.94463295183175,-3.192185287359697,3050.793778149115,2756.626359014197
55.94463295183175,-3.192185287359697,S,55.94433295183175,-3.192185287359697,3050.793778149115,2755.376359014197
55.94433295183175,-3.192185287359697,N,55.94463295183175,-3.192185287359697,3050.793778149115,2754.126359014197
55.94463295183175,-3.192185287359697,S,55.94433295183175,-3.192185287359697,3050.793778149115,2752.876359014197
55.94433295183175,-3.192185287359697,N,55.94463295183175,-3.192185287359697,3050.793778149115,2751.626359014197
55.94463295183175,-3.192185287359697,S,55.94433295183175,-3.192185287359697,3050.793778149115,2750.376359014197
55.94433295183175,-3.192185287359697,N,55.94463295183175,-3.192185287359697,3050.793778149115,2749.126359014197
55.94463295183175,-3.192185287359697,S,55.94433295183175,-3.192185287359697,3050.793778149115,2747.876359014197
55.94433295183175,-3.192185287359697,N,55.94463295183175,-3.192185287359697,3050.793778149115,2746.626359014197
55.94463295183175,-3.192185287359697,S,55.94433295183175,-3.192185287359697,3050.793778149115,2745.376359014197
55.94433295183175,-3.192185287359697,N,55.94463295183175,-3.192185287359697,3050.793778149115,2744.126359014197
55.94463295183175,-3.192185287359697,S,55.94433295183175,-3.192185287359697,3050.793778149115,2742.876359014197
55.94433295183175,-3.192185287359697,N,55.94463295183175,-3.192185287359697,3050.793778149115,2741.626359014197
55.94463295183175,-3.192185287359697,S,55.94433295183175,-3.192185287359697,3050.793778149115,2740.376359014197
55.94433295183175,-3.192185287359697,N,55.94463295183175,-3.192185287359697,3050.793778149115,2739.126359014197
55.94463295183175,-3.192185287359697,S,55.94433295183175,-3.192185287359697,3050.793778149115,2737.876359014197
55.94433295183175,-3.192185287359697,N,55.94463295183175,-3.192185287359697,3050.793778149115,2736.626359014197
