55.944425,-3.188396,E,55.944425,-3.188096,33.452454555937486,282.33671507725074
55.944425,-3.188096,ENE,55.94453980502971,-3.1878188361402464,33.452454555937486,281.08671507725074
55.94453980502971,-3.1878188361402464,ENE,55.94465461005942,-3.187541672280493,33.452454555937486,279.83671507725074
55.94465461005942,-3.187541672280493,ENE,55.944769415089134,-3.1872645084207396,75.49625291536705,347.87173619411493
55.944769415089134,-3.1872645084207396,E,55.944769415089134,-3.1869645084207394,75.49625291536705,346.62173619411493
55.944769415089134,-3.1869645084207394,E,55.944769415089134,-3.1866645084207392,116.73703340415159,389.07745774158684
55.944769415089134,-3.1866645084207392,ESE,55.94465461005942,-3.186387344560986,116.73703340415159,387.82745774158684
55.94465461005942,-3.186387344560986,SE,55.94444247802507,-3.18617521252663,188.42100481016104,478.88178663178076
55.94444247802507,-3.18617521252663,E,55.94444247802507,-3.18587521252663,188.42100481016104,477.63178663178076
55.94444247802507,-3.18587521252663,E,55.94444247802507,-3.1855752125266297,297.17015477859684,527.4261924462655
55.94444247802507,-3.1855752125266297,NNW,55.944719641884824,-3.185690017556339,297.17015477859684,526.1761924462655
55.944719641884824,-3.185690017556339,NNW,55.94499680574458,-3.1858048225860487,367.37774183351087,570.9214477228494
55.94499680574458,-3.1858048225860487,N,55.94529680574458,-3.1858048225860487,367.37774183351087,569.6714477228494
55.94529680574458,-3.1858048225860487,N,55.945596805744586,-3.1858048225860487,367.37774183351087,568.4214477228494
55.945596805744586,-3.1858048225860487,N,55.94589680574459,-3.1858048225860487,394.71699973858523,642.7580516030964
55.94589680574459,-3.1858048225860487,W,55.94589680574459,-3.186104822586049,394.71699973858523,641.5080516030964
55.94589680574459,-3.186104822586049,W,55.94589680574459,-3.186404822586049,394.71699973858523,640.2580516030964
55.94589680574459,-3.186404822586049,WNW,55.9460116107743,-3.1866819864458025,394.71699973858523,639.0080516030964
55.9460116107743,-3.1866819864458025,W,55.9460116107743,-3.1869819864458027,399.70489161063574,687.9177594351951
55.9460116107743,-3.1869819864458027,WSW,55.94589680574459,-3.187259150305556,417.2454978915485,727.2400679943673
55.94589680574459,-3.187259150305556,W,55.94589680574459,-3.1875591503055563,458.67222141582795,832.4302201885172
55.94589680574459,-3.1875591503055563,SW,55.94568467371023,-3.187771282339912,525.5099214449015,941.4961831619695
55.94568467371023,-3.187771282339912,W,55.94568467371023,-3.188071282339912,525.5099214449015,940.2461831619695
55.94568467371023,-3.188071282339912,W,55.94568467371023,-3.1883712823399124,525.5099214449015,938.9961831619695
55.94568467371023,-3.1883712823399124,WNW,55.94579947873994,-3.188648446199666,525.5099214449015,937.7461831619695
55.94579947873994,-3.188648446199666,W,55.94579947873994,-3.188948446199666,621.365355424593,1055.593092710858
55.94579947873994,-3.188948446199666,SSW,55.945522314880186,-3.1890632512293755,621.365355424593,1054.343092710858
55.945522314880186,-3.1890632512293755,S,55.94522231488018,-3.1890632512293755,669.3555852888769,1105.705463198975
55.94522231488018,-3.1890632512293755,NW,55.94543444691454,-3.1892753832637313,669.3555852888769,1104.455463198975
55.94543444691454,-3.1892753832637313,WNW,55.94554925194425,-3.1895525471234847,669.3555852888769,1103.205463198975
55.94554925194425,-3.1895525471234847,NW,55.945761383978606,-3.1897646791578405,688.5110023911185,1148.5520265798402
55.945761383978606,-3.1897646791578405,WSW,55.945646578948896,-3.190041843017594,702.7245144807005,1264.7475669402243
55.945646578948896,-3.190041843017594,WSW,55.945531773919186,-3.1903190068773473,818.112793778971,1278.2183895162862
55.945531773919186,-3.1903190068773473,WNW,55.945646578948896,-3.1905961707371007,818.112793778971,1276.9683895162862
55.945646578948896,-3.1905961707371007,WNW,55.945761383978606,-3.190873334596854,879.3643845996671,1293.8192632801251
55.945761383978606,-3.190873334596854,SSW,55.94548422011885,-3.1909881396265636,954.5634556130841,1333.7278026601207
55.94548422011885,-3.1909881396265636,S,55.94518422011885,-3.1909881396265636,1054.489380704607,1450.6848912559874
55.94518422011885,-3.1909881396265636,NW,55.9453963521532,-3.1912002716609194,1054.489380704607,1449.4348912559874
55.9453963521532,-3.1912002716609194,NW,55.94560848418756,-3.191412403695275,1054.489380704607,1448.1848912559874
55.94560848418756,-3.191412403695275,NNW,55.945885648047316,-3.1915272087249846,1070.5590697578484,1537.9647605547657
55.945885648047316,-3.1915272087249846,S,55.94558564804731,-3.1915272087249846,1070.5590697578484,1536.7147605547657
55.94558564804731,-3.1915272087249846,S,55.94528564804731,-3.1915272087249846,1070.5590697578484,1535.4647605547657
55.94528564804731,-3.1915272087249846,S,55.94498564804731,-3.1915272087249846,1070.5590697578484,1534.2147605547657
55.94498564804731,-3.1915272087249846,S,55.944685648047304,-3.1915272087249846,1070.5590697578484,1532.9647605547657
55.944685648047304,-3.1915272087249846,SSW,55.94440848418755,-3.191642013754694,1070.5590697578484,1531.7147605547657
55.94440848418755,-3.191642013754694,S,55.944108484187545,-3.191642013754694,1165.2305962374678,1621.5114755837885
55.944108484187545,-3.191642013754694,ESE,55.943993679157835,-3.1913648498949407,1165.2305962374678,1620.2614755837885
55.943993679157835,-3.1913648498949407,SSE,55.94371651529808,-3.1912500448652312,1165.2305962374678,1619.0114755837885
55.94371651529808,-3.1912500448652312,SW,55.94350438326372,-3.191462176899587,1227.836412336631,1686.2736157210265
55.94350438326372,-3.191462176899587,SE,55.943292251229366,-3.1912500448652312,1227.836412336631,1685.0236157210265
55.943292251229366,-3.1912500448652312,SE,55.94308011919501,-3.1910379128308755,1292.2214148240103,1790.7577745313074
55.94308011919501,-3.1910379128308755,E,55.94308011919501,-3.1907379128308753,1292.2214148240103,1789.5077745313074
55.94308011919501,-3.1907379128308753,E,55.94308011919501,-3.190437912830875,1410.1839947809929,1866.6705737682519
55.94308011919501,-3.190437912830875,E,55.94308011919501,-3.190137912830875,1410.1839947809929,1865.4205737682519
55.94308011919501,-3.190137912830875,E,55.94308011919501,-3.1898379128308747,1487.3737938249951,1934.974854768349
55.94308011919501,-3.1898379128308747,N,55.94338011919501,-3.1898379128308747,1487.3737938249951,1933.724854768349
55.94338011919501,-3.1898379128308747,SSW,55.943102955335256,-3.189952717860584,1510.4782218307957,2042.8122214165821
55.943102955335256,-3.189952717860584,NE,55.94331508736961,-3.1897405858262284,1510.4782218307957,2041.5622214165821
55.94331508736961,-3.1897405858262284,NW,55.94352721940397,-3.189952717860584,1510.4782218307957,2040.3122214165821
55.94352721940397,-3.189952717860584,WNW,55.94364202443368,-3.1902298817203376,1516.252924115428,2096.785927669918
55.94364202443368,-3.1902298817203376,NW,55.943854156468035,-3.1904420137546934,1602.4352066556544,2177.353059167193
55.943854156468035,-3.1904420137546934,NNE,55.94413132032779,-3.190327208724984,1602.4352066556544,2176.103059167193
55.94413132032779,-3.190327208724984,NE,55.94434345236215,-3.190115076690628,1685.283634274656,2231.4268500308667
55.94434345236215,-3.190115076690628,NE,55.944555584396504,-3.1899029446562723,1691.1289066996694,2258.8988567120978
55.944555584396504,-3.1899029446562723,SE,55.94434345236215,-3.1896908126219166,1691.1289066996694,2257.6488567120978
55.94434345236215,-3.1896908126219166,SE,55.94413132032779,-3.189478680587561,1691.1289066996694,2256.3988567120978
55.94413132032779,-3.189478680587561,SE,55.943919188293435,-3.189266548553205,1691.950289872715,2330.8813408539936
55.943919188293435,-3.189266548553205,ESE,55.943804383263725,-3.1889893846934516,1745.2404554229502,2351.1867498162496
55.943804383263725,-3.1889893846934516,ENE,55.943919188293435,-3.188712220833698,1813.2694409929322,2444.42635493578
55.943919188293435,-3.188712220833698,SSW,55.94364202443368,-3.1888270258634077,1813.2694409929322,2443.17635493578
55.94364202443368,-3.1888270258634077,SSW,55.94336486057392,-3.1889418308931172,1813.2694409929322,2441.92635493578
55.94336486057392,-3.1889418308931172,SSW,55.943087696714166,-3.1890566359228267,1813.2694409929322,2440.67635493578
55.943087696714166,-3.1890566359228267,S,55.94278769671416,-3.1890566359228267,1840.086477359284,2553.85298892851
55.94278769671416,-3.1890566359228267,E,55.94278769671416,-3.1887566359228265,1840.086477359284,2552.60298892851
55.94278769671416,-3.1887566359228265,ENE,55.94290250174387,-3.188479472063073,1840.086477359284,2551.35298892851
55.94290250174387,-3.188479472063073,E,55.94290250174387,-3.188179472063073,1939.409941099508,2627.146291804032
55.94290250174387,-3.188179472063073,ENE,55.943017306773584,-3.1879023082033195,1939.409941099508,2625.896291804032
55.943017306773584,-3.1879023082033195,ENE,55.943132111803294,-3.187625144343566,1939.409941099508,2624.646291804032
55.943132111803294,-3.187625144343566,E,55.943132111803294,-3.187325144343566,1939.409941099508,2623.396291804032
55.943132111803294,-3.187325144343566,ENE,55.943246916833004,-3.1870479804838125,2063.483283139108,2701.6541675679196
55.943246916833004,-3.1870479804838125,E,55.943246916833004,-3.1867479804838124,2063.483283139108,2700.4041675679196
55.943246916833004,-3.1867479804838124,E,55.943246916833004,-3.186447980483812,2063.483283139108,2699.1541675679196
55.943246916833004,-3.186447980483812,E,55.943246916833004,-3.186147980483812,2063.483283139108,2697.9041675679196
55.943246916833004,-3.186147980483812,ENE,55.943361721862715,-3.1858708166240586,2065.0633992745456,2718.7310510551747
55.943361721862715,-3.1858708166240586,SE,55.94314958982836,-3.185658684589703,2065.0633992745456,2717.4810510551747
55.94314958982836,-3.185658684589703,ESE,55.94303478479865,-3.1853815207299494,2065.0633992745456,2716.2310510551747
55.94303478479865,-3.1853815207299494,SE,55.94282265276429,-3.1851693886955936,2065.0633992745456,2714.9810510551747
55.94282265276429,-3.1851693886955936,ESE,55.94270784773458,-3.1848922248358402,2099.7863233869425,2749.6254458838157
55.94270784773458,-3.1848922248358402,WNW,55.94282265276429,-3.1851693886955936,2099.7863233869425,2748.3754458838157
55.94282265276429,-3.1851693886955936,ESE,55.94270784773458,-3.1848922248358402,2099.7863233869425,2747.1254458838157
55.94270784773458,-3.1848922248358402,WNW,55.94282265276429,-3.1851693886955936,2099.7863233869425,2745.8754458838157
55.94282265276429,-3.1851693886955936,ESE,55.94270784773458,-3.1848922248358402,2099.7863233869425,2744.6254458838157
55.94270784773458,-3.1848922248358402,WNW,55.94282265276429,-3.1851693886955936,2099.7863233869425,2743.3754458838157
55.94282265276429,-3.1851693886955936,ESE,55.94270784773458,-3.1848922248358402,2099.7863233869425,2742.1254458838157
55.94270784773458,-3.1848922248358402,WNW,55.94282265276429,-3.1851693886955936,2099.7863233869425,2740.8754458838157
55.94282265276429,-3.1851693886955936,ESE,55.94270784773458,-3.1848922248358402,2099.7863233869425,2739.6254458838157
55.94270784773458,-3.1848922248358402,WNW,55.94282265276429,-3.1851693886955936,2099.7863233869425,2738.3754458838157
55.94282265276429,-3.1851693886955936,ESE,55.94270784773458,-3.1848922248358402,2099.7863233869425,2737.1254458838157
55.94270784773458,-3.1848922248358402,WNW,55.94282265276429,-3.1851693886955936,2099.7863233869425,2735.8754458838157
55.94282265276429,-3.1851693886955936,ESE,55.94270784773458,-3.1848922248358402,2099.7863233869425,2734.6254458838157
55.94270784773458,-3.1848922248358402,WNW,55.94282265276429,-3.1851693886955936,2099.7863233869425,2733.3754458838157
55.94282265276429,-3.1851693886955936,ESE,55.94270784773458,-3.1848922248358402,2099.7863233869425,2732.1254458838157
55.94270784773458,-3.1848922248358402,WNW,55.94282265276429,-3.1851693886955936,2099.7863233869425,2730.8754458838157
55.94282265276429,-3.1851693886955936,ESE,55.94270784773458,-3.1848922248358402,2099.7863233869425,2729.6254458838157
55.94270784773458,-3.1848922248358402,WNW,55.94282265276429,-3.1851693886955936,2099.7863233869425,2728.3754458838157
55.94282265276429,-3.1851693886955936,ESE,55.94270784773458,-3.1848922248358402,2099.7863233869425,2727.1254458838157
55.94270784773458,-3.1848922248358402,WNW,55.94282265276429,-3.1851693886955936,2099.7863233869425,2725.8754458838157
55.94282265276429,-3.1851693886955936,ESE,55.94270784773458,-3.1848922248358402,2099.7863233869425,2724.6254458838157
55.94270784773458,-3.1848922248358402,WNW,55.94282265276429,-3.1851693886955936,2099.7863233869425,2723.3754458838157
55.94282265276429,-3.1851693886955936,ESE,55.94270784773458,-3.1848922248358402,2099.7863233869425,2722.1254458838157
55.94270784773458,-3.1848922248358402,WNW,55.94282265276429,-3.1851693886955936,2099.7863233869425,2720.8754458838157
55.94282265276429,-3.1851693886955936,ESE,55.94270784773458,-3.1848922248358402,2099.7863233869425,2719.6254458838157
55.94270784773458,-3.1848922248358402,WNW,55.94282265276429,-3.1851693886955936,2099.7863233869425,2718.3754458838157
55.94282265276429,-3.1851693886955936,ESE,55.94270784773458,-3.1848922248358402,2099.7863233869425,2717.1254458838157
55.94270784773458,-3.1848922248358402,WNW,55.94282265276429,-3.1851693886955936,2099.7863233869425,2715.8754458838157
55.94282265276429,-3.1851693886955936,ESE,55.94270784773458,-3.1848922248358402,2099.7863233869425,2714.6254458838157
55.94270784773458,-3.1848922248358402,WNW,55.94282265276429,-3.1851693886955936,2099.7863233869425,2713.3754458838157
55.94282265276429,-3.1851693886955936,ESE,55.94270784773458,-3.1848922248358402,2099.7863233869425,2712.1254458838157
55.94270784773458,-3.1848922248358402,WNW,55.94282265276429,-3.1851693886955936,2099.7863233869425,2710.8754458838157
55.94282265276429,-3.1851693886955936,ESE,55.94270784773458,-3.1848922248358402,2099.7863233869425,2709.6254458838157
55.94270784773458,-3.1848922248358402,WNW,55.94282265276429,-3.1851693886955936,2099.7863233869425,2708.3754458838157
55.94282265276429,-3.1851693886955936,ESE,55.94270784773458,-3.1848922248358402,2099.7863233869425,2707.1254458838157
55.94270784773458,-3.1848922248358402,WNW,55.94282265276429,-3.1851693886955936,2099.7863233869425,2705.8754458838157
55.94282265276429,-3.1851693886955936,ESE,55.94270784773458,-3.1848922248358402,2099.7863233869425,2704.6254458838157
55.94270784773458,-3.1848922248358402,WNW,55.94282265276429,-3.1851693886955936,2099.7863233869425,2703.3754458838157
55.94282265276429,-3.1851693886955936,ESE,55.94270784773458,-3.1848922248358402,2099.7863233869425,2702.1254458838157
55.94270784773458,-3.1848922248358402,WNW,55.94282265276429,-3.1851693886955936,2099.7863233869425,2700.8754458838157
55.94282265276429,-3.1851693886955936,ESE,55.94270784773458,-3.1848922248358402,2099.7863233869425,2699.6254458838157
55.94270784773458,-3.1848922248358402,WNW,55.94282265276429,-3.1851693886955936,2099.7863233869425,2698.3754458838157
55.94282265276429,-3.1851693886955936,ESE,55.94270784773458,-3.1848922248358402,2099.7863233869425,2697.1254458838157
55.94270784773458,-3.1848922248358402,WNW,55.94282265276429,-3.1851693886955936,2099.7863233869425,2695.8754458838157
55.94282265276429,-3.1851693886955936,ESE,55.94270784773458,-3.1848922248358402,2099.7863233869425,2694.6254458838157
55.94270784773458,-3.1848922248358402,WNW,55.94282265276429,-3.1851693886955936,2099.7863233869425,2693.3754458838157
55.94282265276429,-3.1851693886955936,ESE,55.94270784773458,-3.1848922248358402,2099.7863233869425,2692.1254458838157
55.94270784773458,-3.1848922248358402,WNW,55.94282265276429,-3.1851693886955936,2099.7863233869425,2690.8754458838157
55.94282265276429,-3.1851693886955936,ESE,55.94270784773458,-3.1848922248358402,2099.7863233869425,2689.6254458838157
55.94270784773458,-3.1848922248358402,WNW,55.94282265276429,-3.1851693886955936,2099.7863233869425,2688.3754458838157
55.94282265276429,-3.1851693886955936,ESE,55.94270784773458,-3.1848922248358402,2099.7863233869425,2687.1254458838157
55.94270784773458,-3.1848922248358402,WNW,55.94282265276429,-3.1851693886955936,2099.7863233869425,2685.8754458838157
55.94282265276429,-3.1851693886955936,ESE,55.94270784773458,-3.1848922248358402,2099.7863233869425,2684.6254458838157
55.94270784773458,-3.1848922248358402,WNW,55.94282265276429,-3.1851693886955936,2099.7863233869425,2683.3754458838157
55.94282265276429,-3.1851693886955936,ESE,55.94270784773458,-3.1848922248358402,2099.7863233869425,2682.1254458838157
55.94270784773458,-3.1848922248358402,WNW,55.94282265276429,-3.1851693886955936,2099.7863233869425,2680.8754458838157
55.94282265276429,-3.1851693886955936,ESE,55.94270784773458,-3.1848922248358402,2099.7863233869425,2679.6254458838157
55.94270784773458,-3.1848922248358402,WNW,55.94282265276429,-3.1851693886955936,2099.7863233869425,2678.3754458838157
55.94282265276429,-3.1851693886955936,ESE,55.94270784773458,-3.1848922248358402,2099.7863233869425,2677.1254458838157
55.94270784773458,-3.1848922248358402,WNW,55.94282265276429,-3.1851693886955936,2099.7863233869425,2675.8754458838157
55.94282265276429,-3.1851693886955936,ESE,55.94270784773458,-3.1848922248358402,2099.7863233869425,2674.6254458838157
55.94270784773458,-3.1848922248358402,WNW,55.94282265276429,-3.1851693886955936,2099.7863233869425,2673.3754458838157
55.94282265276429,-3.1851693886955936,ESE,55.94270784773458,-3.1848922248358402,2099.7863233869425,2672.1254458838157
55.94270784773458,-3.1848922248358402,WNW,55.94282265276429,-3.1851693886955936,2099.7863233869425,2670.8754458838157
55.94282265276429,-3.1851693886955936,ESE,55.94270784773458,-3.1848922248358402,2099.7863233869425,2669.6254458838157
55.94270784773458,-3.1848922248358402,WNW,55.94282265276429,-3.1851693886955936,2099.7863233869425,2668.3754458838157
55.94282265276429,-3.1851693886955936,ESE,55.94270784773458,-3.1848922248358402,2099.7863233869425,2667.1254458838157
55.94270784773458,-3.1848922248358402,WNW,55.94282265276429,-3.1851693886955936,2099.7863233869425,2665.8754458838157
55.94282265276429,-3.1851693886955936,ESE,55.94270784773458,-3.1848922248358402,2099.7863233869425,2664.6254458838157
55.94270784773458,-3.1848922248358402,WNW,55.94282265276429,-3.1851693886955936,2099.7863233869425,2663.3754458838157
55.94282265276429,-3.1851693886955936,ESE,55.94270784773458,-3.1848922248358402,2099.7863233869425,2662.1254458838157
55.94270784773458,-3.1848922248358402,WNW,55.94282265276429,-3.1851693886955936,2099.7863233869425,2660.8754458838157
55.94282265276429,-3.1851693886955936,ESE,55.94270784773458,-3.1848922248358402,2099.7863233869425,2659.6254458838157
55.94270784773458,-3.1848922248358402,WNW,55.94282265276429,-3.1851693886955936,2099.7863233869425,2658.3754458838157
55.94282265276429,-3.1851693886955936,ESE,55.94270784773458,-3.1848922248358402,2099.7863233869425,2657.1254458838157
55.94270784773458,-3.1848922248358402,WNW,55.94282265276429,-3.1851693886955936,2099.7863233869425,2655.8754458838157
55.94282265276429,-3.1851693886955936,ESE,55.94270784773458,-3.1848922248358402,2099.7863233869425,2654.6254458838157
55.94270784773458,-3.1848922248358402,WNW,55.94282265276429,-3.1851693886955936,2099.7863233869425,2653.3754458838157
55.94282265276429,-3.1851693886955936,ESE,55.94270784773458,-3.1848922248358402,2099.7863233869425,2652.1254458838157
55.94270784773458,-3.1848922248358402,WNW,55.94282265276429,-3.1851693886955936,2099.7863233869425,2650.8754458838157
55.94282265276429,-3.1851693886955936,ESE,55.94270784773458,-3.1848922248358402,2099.7863233869425,2649.6254458838157
55.94270784773458,-3.1848922248358402,WNW,55.94282265276429,-3.1851693886955936,2099.7863233869425,2648.3754458838157
55.94282265276429,-3.1851693886955936,ESE,55.94270784773458,-3.1848922248358402,2099.7863233869425,2647.1254458838157
55.94270784773458,-3.1848922248358402,WNW,55.94282265276429,-3.1851693886955936,2099.7863233869425,2645.8754458838157
55.94282265276429,-3.1851693886955936,ESE,55.94270784773458,-3.1848922248358402,2099.7863233869425,2644.6254458838157
55.94270784773458,-3.1848922248358402,WNW,55.94282265276429,-3.1851693886955936,2099.7863233869425,2643.3754458838157
55.94282265276429,-3.1851693886955936,ESE,55.94270784773458,-3.1848922248358402,2099.7863233869425,2642.1254458838157
55.94270784773458,-3.1848922248358402,WNW,55.94282265276429,-3.1851693886955936,2099.7863233869425,2640.8754458838157
55.94282265276429,-3.1851693886955936,ESE,55.94270784773458,-3.1848922248358402,2099.7863233869425,2639.6254458838157
55.94270784773458,-3.1848922248358402,WNW,55.94282265276429,-3.1851693886955936,2099.7863233869425,2638.3754458838157
55.94282265276429,-3.1851693886955936,ESE,55.94270784773458,-3.1848922248358402,2099.7863233869425,2637.1254458838157
55.94270784773458,-3.1848922248358402,WNW,55.94282265276429,-3.1851693886955936,2099.7863233869425,2635.8754458838157
55.94282265276429,-3.1851693886955936,ESE,55.94270784773458,-3.1848922248358402,2099.7863233869425,2634.6254458838157
55.94270784773458,-3.1848922248358402,WNW,55.94282265276429,-3.1851693886955936,2099.7863233869425,2633.3754458838157
55.94282265276429,-3.1851693886955936,ESE,55.94270784773458,-3.1848922248358402,2099.7863233869425,2632.1254458838157
55.94270784773458,-3.1848922248358402,WNW,55.94282265276429,-3.1851693886955936,2099.7863233869425,2630.8754458838157
55.94282265276429,-3.1851693886955936,ESE,55.94270784773458,-3.1848922248358402,2099.7863233869425,2629.6254458838157
55.94270784773458,-3.1848922248358402,WNW,55.94282265276429,-3.1851693886955936,2099.7863233869425,2628.3754458838157
55.94282265276429,-3.1851693886955936,ESE,55.94270784773458,-3.1848922248358402,2099.7863233869425,2627.1254458838157
55.94270784773458,-3.1848922248358402,WNW,55.94282265276429,-3.1851693886955936,2099.7863233869425,2625.8754458838157
55.94282265276429,-3.1851693886955936,ESE,55.94270784773458,-3.1848922248358402,2099.7863233869425,2624.6254458838157
55.94270784773458,-3.1848922248358402,WNW,55.94282265276429,-3.1851693886955936,2099.7863233869425,2623.3754458838157
55.94282265276429,-3.1851693886955936,ESE,55.94270784773458,-3.1848922248358402,2099.7863233869425,2622.1254458838157
55.94270784773458,-3.1848922248358402,WNW,55.94282265276429,-3.1851693886955936,2099.7863233869425,2620.8754458838157
55.94282265276429,-3.1851693886955936,ESE,55.94270784773458,-3.1848922248358402,2099.7863233869425,2619.6254458838157
55.94270784773458,-3.1848922248358402,WNW,55.94282265276429,-3.1851693886955936,2099.7863233869425,2618.3754458838157
55.94282265276429,-3.1851693886955936,ESE,55.94270784773458,-3.1848922248358402,2099.7863233869425,2617.1254458838157
55.94270784773458,-3.1848922248358402,WNW,55.94282265276429,-3.1851693886955936,2099.7863233869425,2615.8754458838157
55.94282265276429,-3.1851693886955936,ESE,55.94270784773458,-3.1848922248358402,2099.7863233869425,2614.6254458838157
55.94270784773458,-3.1848922248358402,WNW,55.94282265276429,-3.1851693886955936,2099.7863233869425,2613.3754458838157
55.94282265276429,-3.1851693886955936,ESE,55.94270784773458,-3.1848922248358402,2099.7863233869425,2612.1254458838157
55.94270784773458,-3.1848922248358402,WNW,55.94282265276429,-3.1851693886955936,2099.7863233869425,2610.8754458838157
55.94282265276429,-3.1851693886955936,ESE,55.94270784773458,-3.1848922248358402,2099.7863233869425,2609.6254458838157
55.94270784773458,-3.1848922248358402,WNW,55.94282265276429,-3.1851693886955936,2099.7863233869425,2608.3754458838157
55.94282265276429,-3.1851693886955936,ESE,55.94270784773458,-3.1848922248358402,2099.7863233869425,2607.1254458838157
55.94270784773458,-3.1848922248358402,WNW,55.94282265276429,-3.1851693886955936,2099.7863233869425,2605.8754458838157
55.94282265276429,-3.1851693886955936,ESE,55.94270784773458,-3.1848922248358402,2099.7863233869425,2604.6254458838157
55.94270784773458,-3.1848922248358402,WNW,55.94282265276429,-3.1851693886955936,2099.7863233869425,2603.3754458838157
55.94282265276429,-3.1851693886955936,ESE,55.94270784773458,-3.1848922248358402,2099.7863233869425,2602.1254458838157
55.94270784773458,-3.1848922248358402,WNW,55.94282265276429,-3.1851693886955936,2099.7863233869425,2600.8754458838157
55.94282265276429,-3.1851693886955936,ESE,55.94270784773458,-3.1848922248358402,2099.7863233869425,2599.6254458838157
55.94270784773458,-3.1848922248358402,WNW,55.94282265276429,-3.1851693886955936,2099.7863233869425,2598.3754458838157
55.94282265276429,-3.1851693886955936,ESE,55.94270784773458,-3.1848922248358402,2099.7863233869425,2597.1254458838157
55.94270784773458,-3.1848922248358402,WNW,55.94282265276429,-3.1851693886955936,2099.7863233869425,2595.8754458838157
55.94282265276429,-3.1851693886955936,ESE,55.94270784773458,-3.1848922248358402,2099.7863233869425,2594.6254458838157
55.94270784773458,-3.1848922248358402,WNW,55.94282265276429,-3.1851693886955936,2099.7863233869425,2593.3754458838157
55.94282265276429,-3.1851693886955936,ESE,55.94270784773458,-3.1848922248358402,2099.7863233869425,2592.1254458838157
55.94270784773458,-3.1848922248358402,WNW,55.94282265276429,-3.1851693886955936,2099.7863233869425,2590.8754458838157
55.94282265276429,-3.1851693886955936,ESE,55.94270784773458,-3.1848922248358402,2099.7863233869425,2589.6254458838157
55.94270784773458,-3.1848922248358402,WNW,55.94282265276429,-3.1851693886955936,2099.7863233869425,2588.3754458838157
55.94282265276429,-3.1851693886955936,ESE,55.94270784773458,-3.1848922248358402,2099.7863233869425,2587.1254458838157
55.94270784773458,-3.1848922248358402,WNW,55.94282265276429,-3.1851693886955936,2099.7863233869425,2585.8754458838157
55.94282265276429,-3.1851693886955936,ESE,55.94270784773458,-3.1848922248358402,2099.7863233869425,2584.6254458838157
55.94270784773458,-3.1848922248358402,WNW,55.94282265276429,-3.1851693886955936,2099.7863233869425,2583.3754458838157
55.94282265276429,-3.1851693886955936,ESE,55.94270784773458,-3.1848922248358402,2099.7863233869425,2582.1254458838157
55.94270784773458,-3.1848922248358402,WNW,55.94282265276429,-3.1851693886955936,2099.7863233869425,2580.8754458838157
55.94282265276429,-3.1851693886955936,ESE,55.94270784773458,-3.1848922248358402,2099.7863233869425,2579.6254458838157
55.94270784773458,-3.1848922248358402,WNW,55.94282265276429,-3.1851693886955936,2099.7863233869425,2578.3754458838157
55.94282265276429,-3.1851693886955936,ESE,55.94270784773458,-3.1848922248358402,2099.7863233869425,2577.1254458838157
55.94270784773458,-3.1848922248358402,WNW,55.94282265276429,-3.1851693886955936,2099.7863233869425,2575.8754458838157
55.94282265276429,-3.1851693886955936,ESE,55.94270784773458,-3.1848922248358402,2099.7863233869425,2574.6254458838157
55.94270784773458,-3.1848922248358402,WNW,55.94282265276429,-3.1851693886955936,2099.7863233869425,2573.3754458838157
55.94282265276429,-3.1851693886955936,ESE,55.94270784773458,-3.1848922248358402,2099.7863233869425,2572.1254458838157
55.94270784773458,-3.1848922248358402,WNW,55.94282265276429,-3.1851693886955936,2099.7863233869425,2570.8754458838157
55.94282265276429,-3.1851693886955936,ESE,55.94270784773458,-3.1848922248358402,2099.7863233869425,2569.6254458838157
55.94270784773458,-3.1848922248358402,WNW,55.94282265276429,-3.1851693886955936,2099.7863233869425,2568.3754458838157
55.94282265276429,-3.1851693886955936,ESE,55.94270784773458,-3.1848922248358402,2099.7863233869425,2567.1254458838157
55.94270784773458,-3.1848922248358402,WNW,55.94282265276429,-3.1851693886955936,2099.7863233869425,2565.8754458838157
55.94282265276429,-3.1851693886955936,ESE,55.94270784773458,-3.1848922248358402,2099.7863233869425,2564.6254458838157
55.94270784773458,-3.1848922248358402,WNW,55.94282265276429,-3.1851693886955936,2099.7863233869425,2563.3754458838157
55.94282265276429,-3.1851693886955936,ESE,55.94270784773458,-3.1848922248358402,2099.7863233869425,2562.1254458838157
55.94270784773458,-3.1848922248358402,WNW,55.94282265276429,-3.1851693886955936,2099.7863233869425,2560.8754458838157
55.94282265276429,-3.1851693886955936,ESE,55.94270784773458,-3.1848922248358402,2099.7863233869425,2559.6254458838157
55.94270784773458,-3.1848922248358402,WNW,55.94282265276429,-3.1851693886955936,2099.7863233869425,2558.3754458838157
55.94282265276429,-3.1851693886955936,ESE,55.94270784773458,-3.1848922248358402,2099.7863233869425,2557.1254458838157
55.94270784773458,-3.1848922248358402,WNW,55.94282265276429,-3.1851693886955936,2099.7863233869425,2555.8754458838157
55.94282265276429,-3.1851693886955936,ESE,55.94270784773458,-3.1848922248358402,2099.7863233869425,2554.6254458838157
55.94270784773458,-3.1848922248358402,WNW,55.94282265276429,-3.1851693886955936,2099.7863233869425,2553.3754458838157
55.94282265276429,-3.1851693886955936,ESE,55.94270784773458,-3.1848922248358402,2099.7863233869425,2552.1254458838157
55.94270784773458,-3.1848922248358402,WNW,55.94282265276429,-3.1851693886955936,2099.7863233869425,2550.8754458838157
55.94282265276429,-3.1851693886955936,ESE,55.94270784773458,-3.1848922248358402,2099.7863233869425,2549.6254458838157
55.94270784773458,-3.1848922248358402,WNW,55.94282265276429,-3.1851693886955936,2099.7863233869425,2548.3754458838157
55.94282265276429,-3.1851693886955936,ESE,55.94270784773458,-3.1848922248358402,2099.7863233869425,2547.1254458838157
