55.944425,-3.188396,WNW,55.94453980502971,-3.1886731638597534,55.607984279121155,293.43015502066766
55.94453980502971,-3.1886731638597534,E,55.94453980502971,-3.1883731638597532,55.607984279121155,292.18015502066766
55.94453980502971,-3.1883731638597532,WSW,55.944425,-3.1886503277195066,55.607984279121155,290.93015502066766
55.944425,-3.1886503277195066,E,55.944425,-3.1883503277195064,55.607984279121155,289.68015502066766
55.944425,-3.1883503277195064,WNW,55.94453980502971,-3.18862749157926,55.607984279121155,288.43015502066766
55.94453980502971,-3.18862749157926,E,55.94453980502971,-3.1883274915792597,55.607984279121155,287.18015502066766
55.94453980502971,-3.1883274915792597,WSW,55.944425,-3.188604655439013,55.607984279121155,285.93015502066766
55.944425,-3.188604655439013,E,55.944425,-3.188304655439013,55.607984279121155,284.68015502066766
55.944425,-3.188304655439013,WNW,55.94453980502971,-3.1885818192987663,55.607984279121155,283.43015502066766
55.94453980502971,-3.1885818192987663,SW,55.94432767299536,-3.188793951333122,55.607984279121155,282.18015502066766
55.94432767299536,-3.188793951333122,NNE,55.94460483685511,-3.1886791463034125,55.607984279121155,280.93015502066766
55.94460483685511,-3.1886791463034125,N,55.944904836855116,-3.1886791463034125,77.52105769161419,360.5173897738372
55.944904836855116,-3.1886791463034125,NNW,55.94518200071487,-3.188793951333122,181.65562338068344,368.3255079229497
55.94518200071487,-3.188793951333122,NE,55.94539413274923,-3.1885818192987663,229.99061334805853,422.8304085156227
55.94539413274923,-3.1885818192987663,SE,55.94518200071487,-3.1883696872644105,341.5743462514342,459.87985689194477
55.94518200071487,-3.1883696872644105,WNW,55.94529680574458,-3.188646851124164,341.5743462514342,458.62985689194477
55.94529680574458,-3.188646851124164,WNW,55.94541161077429,-3.1889240149839173,341.5743462514342,457.37985689194477
55.94541161077429,-3.1889240149839173,WSW,55.94529680574458,-3.1892011788436707,341.5743462514342,456.12985689194477
55.94529680574458,-3.1892011788436707,WNW,55.94541161077429,-3.189478342703424,454.96163324023917,575.9948577435379
55.94541161077429,-3.189478342703424,NW,55.94562374280865,-3.18969047473778,517.6718321382547,659.6940725323332
55.94562374280865,-3.18969047473778,N,55.94592374280865,-3.18969047473778,633.6990955816735,761.7944727313796
55.94592374280865,-3.18969047473778,SSE,55.945646578948896,-3.1895756697080704,633.6990955816735,760.5444727313796
55.945646578948896,-3.1895756697080704,SSW,55.94536941508914,-3.18969047473778,633.6990955816735,759.2944727313796
55.94536941508914,-3.18969047473778,SSW,55.94509225122938,-3.1898052797674894,633.6990955816735,758.0444727313796
55.94509225122938,-3.1898052797674894,SSW,55.944815087369626,-3.189920084797199,696.867256509559,778.8843272901635
55.944815087369626,-3.189920084797199,NNW,55.94509225122938,-3.1900348898269084,696.867256509559,777.6343272901635
55.94509225122938,-3.1900348898269084,W,55.94509225122938,-3.1903348898269086,696.867256509559,776.3843272901635
55.94509225122938,-3.1903348898269086,SSW,55.944815087369626,-3.190449694856618,696.867256509559,775.1343272901635
55.944815087369626,-3.190449694856618,WSW,55.944700282339916,-3.1907268587163715,795.4350500070391,888.2354990165817
55.944700282339916,-3.1907268587163715,WNW,55.944815087369626,-3.191004022576125,795.4350500070391,886.9854990165817
55.944815087369626,-3.191004022576125,WNW,55.94492989239934,-3.1912811864358783,823.9197372556154,893.3655877947434
55.94492989239934,-3.1912811864358783,WNW,55.94504469742905,-3.1915583502956317,862.4031744150035,905.7569451244773
55.94504469742905,-3.1915583502956317,W,55.94504469742905,-3.191858350295632,877.5302303727782,983.0687433429462
55.94504469742905,-3.191858350295632,NNW,55.945321861288804,-3.1919731553253414,877.5302303727782,981.8187433429462
55.945321861288804,-3.1919731553253414,NNW,55.94559902514856,-3.192087960355051,877.5302303727782,980.5687433429462
55.94559902514856,-3.192087960355051,NNW,55.94587618900832,-3.1922027653847604,971.6590449474888,1027.0239245310297
55.94587618900832,-3.1922027653847604,NW,55.94608832104267,-3.192414897419116,1034.693207162287,1067.401656472473
55.94608832104267,-3.192414897419116,S,55.94578832104267,-3.192414897419116,1034.693207162287,1066.151656472473
55.94578832104267,-3.192414897419116,S,55.94548832104267,-3.192414897419116,1034.693207162287,1064.901656472473
55.94548832104267,-3.192414897419116,S,55.945188321042664,-3.192414897419116,1034.693207162287,1063.651656472473
55.945188321042664,-3.192414897419116,S,55.94488832104266,-3.192414897419116,1034.693207162287,1062.401656472473
55.94488832104266,-3.192414897419116,SSE,55.944611157182905,-3.1923000923894067,1034.693207162287,1061.151656472473
55.944611157182905,-3.1923000923894067,S,55.9443111571829,-3.1923000923894067,1034.693207162287,1059.901656472473
55.9443111571829,-3.1923000923894067,SSE,55.944033993323146,-3.192185287359697,1034.693207162287,1058.651656472473
55.944033993323146,-3.192185287359697,S,55.94373399332314,-3.192185287359697,1045.2319554112746,1097.4443734301474
55.94373399332314,-3.192185287359697,SSE,55.943456829463386,-3.1920704823299877,1058.2125589527975,1124.125218384584
55.943456829463386,-3.1920704823299877,SSE,55.94317966560363,-3.191955677300278,1135.3564835422906,1223.5585725478463
55.94317966560363,-3.191955677300278,E,55.94317966560363,-3.191655677300278,1135.3564835422906,1222.3085725478463
55.94317966560363,-3.191655677300278,ESE,55.94306486057392,-3.1913785134405246,1135.3564835422906,1221.0585725478463
55.94306486057392,-3.1913785134405246,E,55.94306486057392,-3.1910785134405244,1135.3564835422906,1219.8085725478463
55.94306486057392,-3.1910785134405244,ESE,55.94295005554421,-3.190801349580771,1258.6719364220633,1322.7767715652144
55.94295005554421,-3.190801349580771,ENE,55.94306486057392,-3.1905241857210176,1258.6719364220633,1321.5267715652144
55.94306486057392,-3.1905241857210176,ENE,55.94317966560363,-3.190247021861264,1258.6719364220633,1320.2767715652144
55.94317966560363,-3.190247021861264,ENE,55.94329447063334,-3.189969858001511,1258.6719364220633,1319.0267715652144
55.94329447063334,-3.189969858001511,E,55.94329447063334,-3.1896698580015106,1352.2036271014472,1354.488518831913
55.94329447063334,-3.1896698580015106,SE,55.943082338598984,-3.189457725967155,1441.2337297065274,1452.4813890568062
55.943082338598984,-3.189457725967155,ESE,55.94296753356927,-3.1891805621074014,1441.2337297065274,1451.2313890568062
55.94296753356927,-3.1891805621074014,E,55.94296753356927,-3.1888805621074012,1549.048896693015,1509.0807982249528
55.94296753356927,-3.1888805621074012,ENE,55.943082338598984,-3.188603398247648,1549.048896693015,1507.8307982249528
55.943082338598984,-3.188603398247648,E,55.943082338598984,-3.1883033982476476,1560.5685158060217,1549.0162495696316
55.943082338598984,-3.1883033982476476,N,55.94338233859899,-3.1883033982476476,1585.4630213411242,1649.7524748454498
55.94338233859899,-3.1883033982476476,NNW,55.94365950245874,-3.188418203277357,1654.7699860227026,1738.7327215737423
55.94365950245874,-3.188418203277357,ESE,55.94354469742903,-3.1881410394176037,1654.7699860227026,1737.4827215737423
55.94354469742903,-3.1881410394176037,ESE,55.94342989239932,-3.1878638755578503,1654.7699860227026,1736.2327215737423
55.94342989239932,-3.1878638755578503,ESE,55.94331508736961,-3.187586711698097,1654.7699860227026,1734.9827215737423
55.94331508736961,-3.187586711698097,ESE,55.9432002823399,-3.1873095478383435,1654.7699860227026,1733.7327215737423
55.9432002823399,-3.1873095478383435,ESE,55.94308547731019,-3.18703238397859,1737.2768825512699,1772.5780541754427
55.94308547731019,-3.18703238397859,E,55.94308547731019,-3.18673238397859,1737.2768825512699,1771.3280541754427
55.94308547731019,-3.18673238397859,E,55.94308547731019,-3.1864323839785897,1824.4570954907888,1878.7226002782072
55.94308547731019,-3.1864323839785897,NE,55.94329760934455,-3.186220251944234,1824.4570954907888,1877.4726002782072
55.94329760934455,-3.186220251944234,NE,55.943509741378904,-3.186008119909878,1883.6134974680085,1952.858435323641
55.943509741378904,-3.186008119909878,NE,55.94372187341326,-3.1857959878755224,2004.9443690067396,2002.3071893762094
55.94372187341326,-3.1857959878755224,SSE,55.9434447095535,-3.185681182845813,2004.9443690067396,2001.0571893762094
55.9434447095535,-3.185681182845813,SSE,55.94316754569375,-3.1855663778161034,2052.7066155428784,2111.7934811585415
55.94316754569375,-3.1855663778161034,SSE,55.94289038183399,-3.185451572786394,2131.4305496240377,2213.4649411359396
55.94289038183399,-3.185451572786394,SE,55.942678249799634,-3.185239440752038,2166.031254943458,2226.799587951969
55.942678249799634,-3.185239440752038,NNW,55.94295541365939,-3.1853542457817476,2166.031254943458,2225.549587951969
55.94295541365939,-3.1853542457817476,N,55.943255413659394,-3.1853542457817476,2166.031254943458,2224.299587951969
55.943255413659394,-3.1853542457817476,N,55.943555413659396,-3.1853542457817476,2166.031254943458,2223.049587951969
55.943555413659396,-3.1853542457817476,N,55.9438554136594,-3.1853542457817476,2166.031254943458,2221.799587951969
55.9438554136594,-3.1853542457817476,NNE,55.944132577519156,-3.185239440752038,2166.031254943458,2220.549587951969
55.944132577519156,-3.185239440752038,N,55.94443257751916,-3.185239440752038,2166.031254943458,2219.299587951969
55.94443257751916,-3.185239440752038,NNE,55.944709741378915,-3.1851246357223286,2166.031254943458,2218.049587951969
55.944709741378915,-3.1851246357223286,N,55.94500974137892,-3.1851246357223286,2166.031254943458,2216.799587951969
55.94500974137892,-3.1851246357223286,SE,55.94479760934456,-3.184912503687973,2166.031254943458,2215.549587951969
55.94479760934456,-3.184912503687973,NNW,55.94507477320432,-3.1850273087176824,2190.466919831148,2292.9902160417364
55.94507477320432,-3.1850273087176824,WNW,55.94518957823403,-3.1853044725774358,2190.466919831148,2291.7402160417364
55.94518957823403,-3.1853044725774358,WNW,55.94530438326374,-3.185581636437189,2190.466919831148,2290.4902160417364
55.94530438326374,-3.185581636437189,WNW,55.94541918829345,-3.1858588002969426,2193.1349733915777,2328.823392850651
55.94541918829345,-3.1858588002969426,NE,55.945631320327806,-3.185646668262587,2193.1349733915777,2327.573392850651
55.945631320327806,-3.185646668262587,NE,55.94584345236216,-3.185434536228231,2193.1349733915777,2326.323392850651
55.94584345236216,-3.185434536228231,ENE,55.94595825739187,-3.1851573723684776,2211.9418296743293,2436.4401408731355
55.94595825739187,-3.1851573723684776,WSW,55.94584345236216,-3.185434536228231,2211.9418296743293,2435.1901408731355
55.94584345236216,-3.185434536228231,ENE,55.94595825739187,-3.1851573723684776,2211.9418296743293,2433.9401408731355
55.94595825739187,-3.1851573723684776,WSW,55.94584345236216,-3.185434536228231,2211.9418296743293,2432.6901408731355
55.94584345236216,-3.185434536228231,ENE,55.94595825739187,-3.1851573723684776,2211.9418296743293,2431.4401408731355
55.94595825739187,-3.1851573723684776,WSW,55.94584345236216,-3.185434536228231,2211.9418296743293,2430.1901408731355
55.94584345236216,-3.185434536228231,ENE,55.94595825739187,-3.1851573723684776,2211.9418296743293,2428.9401408731355
55.94595825739187,-3.1851573723684776,WSW,55.94584345236216,-3.185434536228231,2211.9418296743293,2427.6901408731355
55.94584345236216,-3.185434536228231,ENE,55.94595825739187,-3.1851573723684776,2211.9418296743293,2426.4401408731355
55.94595825739187,-3.1851573723684776,WSW,55.94584345236216,-3.185434536228231,2211.9418296743293,2425.1901408731355
55.94584345236216,-3.185434536228231,ENE,55.94595825739187,-3.1851573723684776,2211.9418296743293,2423.9401408731355
55.94595825739187,-3.1851573723684776,WSW,55.94584345236216,-3.185434536228231,2211.9418296743293,2422.6901408731355
55.94584345236216,-3.185434536228231,ENE,55.94595825739187,-3.1851573723684776,2211.9418296743293,2421.4401408731355
55.94595825739187,-3.1851573723684776,WSW,55.94584345236216,-3.185434536228231,2211.9418296743293,2420.1901408731355
55.94584345236216,-3.185434536228231,ENE,55.94595825739187,-3.1851573723684776,2211.9418296743293,2418.9401408731355
55.94595825739187,-3.1851573723684776,WSW,55.94584345236216,-3.185434536228231,2211.9418296743293,2417.6901408731355
55.94584345236216,-3.185434536228231,ENE,55.94595825739187,-3.1851573723684776,2211.9418296743293,2416.4401408731355
55.94595825739187,-3.1851573723684776,WSW,55.94584345236216,-3.185434536228231,2211.9418296743293,2415.1901408731355
55.94584345236216,-3.185434536228231,ENE,55.94595825739187,-3.1851573723684776,2211.9418296743293,2413.9401408731355
55.94595825739187,-3.1851573723684776,WSW,55.94584345236216,-3.185434536228231,2211.9418296743293,2412.6901408731355
55.94584345236216,-3.185434536228231,ENE,55.94595825739187,-3.1851573723684776,2211.9418296743293,2411.4401408731355
55.94595825739187,-3.1851573723684776,WSW,55.94584345236216,-3.185434536228231,2211.9418296743293,2410.1901408731355
55.94584345236216,-3.185434536228231,ENE,55.94595825739187,-3.1851573723684776,2211.9418296743293,2408.9401408731355
55.94595825739187,-3.1851573723684776,WSW,55.94584345236216,-3.185434536228231,2211.9418296743293,2407.6901408731355
55.94584345236216,-3.185434536228231,ENE,55.94595825739187,-3.1851573723684776,2211.9418296743293,2406.4401408731355
55.94595825739187,-3.1851573723684776,WSW,55.94584345236216,-3.185434536228231,2211.9418296743293,2405.1901408731355
55.94584345236216,-3.185434536228231,ENE,55.94595825739187,-3.1851573723684776,2211.9418296743293,2403.9401408731355
55.94595825739187,-3.1851573723684776,WSW,55.94584345236216,-3.185434536228231,2211.9418296743293,2402.6901408731355
55.94584345236216,-3.185434536228231,ENE,55.94595825739187,-3.1851573723684776,2211.9418296743293,2401.4401408731355
55.94595825739187,-3.1851573723684776,WSW,55.94584345236216,-3.185434536228231,2211.9418296743293,2400.1901408731355
55.94584345236216,-3.185434536228231,ENE,55.94595825739187,-3.1851573723684776,2211.9418296743293,2398.9401408731355
55.94595825739187,-3.1851573723684776,WSW,55.94584345236216,-3.185434536228231,2211.9418296743293,2397.6901408731355
55.94584345236216,-3.185434536228231,ENE,55.94595825739187,-3.1851573723684776,2211.9418296743293,2396.4401408731355
55.94595825739187,-3.1851573723684776,WSW,55.94584345236216,-3.185434536228231,2211.9418296743293,2395.1901408731355
55.94584345236216,-3.185434536228231,ENE,55.94595825739187,-3.1851573723684776,2211.9418296743293,2393.9401408731355
55.94595825739187,-3.1851573723684776,WSW,55.94584345236216,-3.185434536228231,2211.9418296743293,2392.6901408731355
55.94584345236216,-3.185434536228231,ENE,55.94595825739187,-3.1851573723684776,2211.9418296743293,2391.4401408731355
55.94595825739187,-3.1851573723684776,WSW,55.94584345236216,-3.185434536228231,2211.9418296743293,2390.1901408731355
55.94584345236216,-3.185434536228231,ENE,55.94595825739187,-3.1851573723684776,2211.9418296743293,2388.9401408731355
55.94595825739187,-3.1851573723684776,WSW,55.94584345236216,-3.185434536228231,2211.9418296743293,2387.6901408731355
55.94584345236216,-3.185434536228231,ENE,55.94595825739187,-3.1851573723684776,2211.9418296743293,2386.4401408731355
55.94595825739187,-3.1851573723684776,WSW,55.94584345236216,-3.185434536228231,2211.9418296743293,2385.1901408731355
55.94584345236216,-3.185434536228231,ENE,55.94595825739187,-3.1851573723684776,2211.9418296743293,2383.9401408731355
55.94595825739187,-3.1851573723684776,WSW,55.94584345236216,-3.185434536228231,2211.9418296743293,2382.6901408731355
55.94584345236216,-3.185434536228231,ENE,55.94595825739187,-3.1851573723684776,2211.9418296743293,2381.4401408731355
55.94595825739187,-3.1851573723684776,WSW,55.94584345236216,-3.185434536228231,2211.9418296743293,2380.1901408731355
55.94584345236216,-3.185434536228231,ENE,55.94595825739187,-3.1851573723684776,2211.9418296743293,2378.9401408731355
55.94595825739187,-3.1851573723684776,WSW,55.94584345236216,-3.185434536228231,2211.9418296743293,2377.6901408731355
55.94584345236216,-3.185434536228231,ENE,55.94595825739187,-3.1851573723684776,2211.9418296743293,2376.4401408731355
55.94595825739187,-3.1851573723684776,WSW,55.94584345236216,-3.185434536228231,2211.9418296743293,2375.1901408731355
55.94584345236216,-3.185434536228231,ENE,55.94595825739187,-3.1851573723684776,2211.9418296743293,2373.9401408731355
55.94595825739187,-3.1851573723684776,WSW,55.94584345236216,-3.185434536228231,2211.9418296743293,2372.6901408731355
55.94584345236216,-3.185434536228231,ENE,55.94595825739187,-3.1851573723684776,2211.9418296743293,2371.4401408731355
55.94595825739187,-3.1851573723684776,WSW,55.94584345236216,-3.185434536228231,2211.9418296743293,2370.1901408731355
55.94584345236216,-3.185434536228231,ENE,55.94595825739187,-3.1851573723684776,2211.9418296743293,2368.9401408731355
55.94595825739187,-3.1851573723684776,WSW,55.94584345236216,-3.185434536228231,2211.9418296743293,2367.6901408731355
55.94584345236216,-3.185434536228231,ENE,55.94595825739187,-3.1851573723684776,2211.9418296743293,2366.4401408731355
55.94595825739187,-3.1851573723684776,WSW,55.94584345236216,-3.185434536228231,2211.9418296743293,2365.1901408731355
55.94584345236216,-3.185434536228231,ENE,55.94595825739187,-3.1851573723684776,2211.9418296743293,2363.9401408731355
55.94595825739187,-3.1851573723684776,WSW,55.94584345236216,-3.185434536228231,2211.9418296743293,2362.6901408731355
55.94584345236216,-3.185434536228231,ENE,55.94595825739187,-3.1851573723684776,2211.9418296743293,2361.4401408731355
55.94595825739187,-3.1851573723684776,WSW,55.94584345236216,-3.185434536228231,2211.9418296743293,2360.1901408731355
55.94584345236216,-3.185434536228231,ENE,55.94595825739187,-3.1851573723684776,2211.9418296743293,2358.9401408731355
55.94595825739187,-3.1851573723684776,WSW,55.94584345236216,-3.185434536228231,2211.9418296743293,2357.6901408731355
55.94584345236216,-3.185434536228231,ENE,55.94595825739187,-3.1851573723684776,2211.9418296743293,2356.4401408731355
55.94595825739187,-3.1851573723684776,WSW,55.94584345236216,-3.185434536228231,2211.9418296743293,2355.1901408731355
55.94584345236216,-3.185434536228231,ENE,55.94595825739187,-3.1851573723684776,2211.9418296743293,2353.9401408731355
55.94595825739187,-3.1851573723684776,WSW,55.94584345236216,-3.185434536228231,2211.9418296743293,2352.6901408731355
55.94584345236216,-3.185434536228231,ENE,55.94595825739187,-3.1851573723684776,2211.9418296743293,2351.4401408731355
55.94595825739187,-3.1851573723684776,WSW,55.94584345236216,-3.185434536228231,2211.9418296743293,2350.1901408731355
55.94584345236216,-3.185434536228231,ENE,55.94595825739187,-3.1851573723684776,2211.9418296743293,2348.9401408731355
55.94595825739187,-3.1851573723684776,WSW,55.94584345236216,-3.185434536228231,2211.9418296743293,2347.6901408731355
55.94584345236216,-3.185434536228231,ENE,55.94595825739187,-3.1851573723684776,2211.9418296743293,2346.4401408731355
55.94595825739187,-3.1851573723684776,WSW,55.94584345236216,-3.185434536228231,2211.9418296743293,2345.1901408731355
55.94584345236216,-3.185434536228231,ENE,55.94595825739187,-3.1851573723684776,2211.9418296743293,2343.9401408731355
55.94595825739187,-3.1851573723684776,WSW,55.94584345236216,-3.185434536228231,2211.9418296743293,2342.6901408731355
55.94584345236216,-3.185434536228231,ENE,55.94595825739187,-3.1851573723684776,2211.9418296743293,2341.4401408731355
55.94595825739187,-3.1851573723684776,WSW,55.94584345236216,-3.185434536228231,2211.9418296743293,2340.1901408731355
55.94584345236216,-3.185434536228231,ENE,55.94595825739187,-3.1851573723684776,2211.9418296743293,2338.9401408731355
55.94595825739187,-3.1851573723684776,WSW,55.94584345236216,-3.185434536228231,2211.9418296743293,2337.6901408731355
55.94584345236216,-3.185434536228231,ENE,55.94595825739187,-3.1851573723684776,2211.9418296743293,2336.4401408731355
55.94595825739187,-3.1851573723684776,WSW,55.94584345236216,-3.185434536228231,2211.9418296743293,2335.1901408731355
55.94584345236216,-3.185434536228231,ENE,55.94595825739187,-3.1851573723684776,2211.9418296743293,2333.9401408731355
55.94595825739187,-3.1851573723684776,WSW,55.94584345236216,-3.185434536228231,2211.9418296743293,2332.6901408731355
55.94584345236216,-3.185434536228231,ENE,55.94595825739187,-3.1851573723684776,2211.9418296743293,2331.4401408731355
55.94595825739187,-3.1851573723684776,WSW,55.94584345236216,-3.185434536228231,2211.9418296743293,2330.1901408731355
55.94584345236216,-3.185434536228231,ENE,55.94595825739187,-3.1851573723684776,2211.9418296743293,2328.9401408731355
55.94595825739187,-3.1851573723684776,WSW,55.94584345236216,-3.185434536228231,2211.9418296743293,2327.6901408731355
55.94584345236216,-3.185434536228231,ENE,55.94595825739187,-3.1851573723684776,2211.9418296743293,2326.4401408731355
55.94595825739187,-3.1851573723684776,WSW,55.94584345236216,-3.185434536228231,2211.9418296743293,2325.1901408731355
55.94584345236216,-3.185434536228231,ENE,55.94595825739187,-3.1851573723684776,2211.9418296743293,2323.9401408731355
55.94595825739187,-3.1851573723684776,WSW,55.94584345236216,-3.185434536228231,2211.9418296743293,2322.6901408731355
55.94584345236216,-3.185434536228231,ENE,55.94595825739187,-3.1851573723684776,2211.9418296743293,2321.4401408731355
55.94595825739187,-3.1851573723684776,WSW,55.94584345236216,-3.185434536228231,2211.9418296743293,2320.1901408731355
55.94584345236216,-3.185434536228231,ENE,55.94595825739187,-3.1851573723684776,2211.9418296743293,2318.9401408731355
55.94595825739187,-3.1851573723684776,WSW,55.94584345236216,-3.185434536228231,2211.9418296743293,2317.6901408731355
55.94584345236216,-3.185434536228231,ENE,55.94595825739187,-3.1851573723684776,2211.9418296743293,2316.4401408731355
55.94595825739187,-3.1851573723684776,WSW,55.94584345236216,-3.185434536228231,2211.9418296743293,2315.1901408731355
55.94584345236216,-3.185434536228231,ENE,55.94595825739187,-3.1851573723684776,2211.9418296743293,2313.9401408731355
55.94595825739187,-3.1851573723684776,WSW,55.94584345236216,-3.185434536228231,2211.9418296743293,2312.6901408731355
55.94584345236216,-3.185434536228231,ENE,55.94595825739187,-3.1851573723684776,2211.9418296743293,2311.4401408731355
55.94595825739187,-3.1851573723684776,WSW,55.94584345236216,-3.185434536228231,2211.9418296743293,2310.1901408731355
55.94584345236216,-3.185434536228231,ENE,55.94595825739187,-3.1851573723684776,2211.9418296743293,2308.9401408731355
55.94595825739187,-3.1851573723684776,WSW,55.94584345236216,-3.185434536228231,2211.9418296743293,2307.6901408731355
55.94584345236216,-3.185434536228231,ENE,55.94595825739187,-3.1851573723684776,2211.9418296743293,2306.4401408731355
55.94595825739187,-3.1851573723684776,WSW,55.94584345236216,-3.185434536228231,2211.9418296743293,2305.1901408731355
55.94584345236216,-3.185434536228231,ENE,55.94595825739187,-3.1851573723684776,2211.9418296743293,2303.9401408731355
55.94595825739187,-3.1851573723684776,WSW,55.94584345236216,-3.185434536228231,2211.9418296743293,2302.6901408731355
55.94584345236216,-3.185434536228231,ENE,55.94595825739187,-3.1851573723684776,2211.9418296743293,2301.4401408731355
55.94595825739187,-3.1851573723684776,WSW,55.94584345236216,-3.185434536228231,2211.9418296743293,2300.1901408731355
55.94584345236216,-3.185434536228231,ENE,55.94595825739187,-3.1851573723684776,2211.9418296743293,2298.9401408731355
55.94595825739187,-3.1851573723684776,WSW,55.94584345236216,-3.185434536228231,2211.9418296743293,2297.6901408731355
55.94584345236216,-3.185434536228231,ENE,55.94595825739187,-3.1851573723684776,2211.9418296743293,2296.4401408731355
55.94595825739187,-3.1851573723684776,WSW,55.94584345236216,-3.185434536228231,2211.9418296743293,2295.1901408731355
55.94584345236216,-3.185434536228231,ENE,55.94595825739187,-3.1851573723684776,2211.9418296743293,2293.9401408731355
55.94595825739187,-3.1851573723684776,WSW,55.94584345236216,-3.185434536228231,2211.9418296743293,2292.6901408731355
55.94584345236216,-3.185434536228231,ENE,55.94595825739187,-3.1851573723684776,2211.9418296743293,2291.4401408731355
55.94595825739187,-3.1851573723684776,WSW,55.94584345236216,-3.185434536228231,2211.9418296743293,2290.1901408731355
55.94584345236216,-3.185434536228231,ENE,55.94595825739187,-3.1851573723684776,2211.9418296743293,2288.9401408731355
55.94595825739187,-3.1851573723684776,WSW,55.94584345236216,-3.185434536228231,2211.9418296743293,2287.6901408731355
55.94584345236216,-3.185434536228231,ENE,55.94595825739187,-3.1851573723684776,2211.9418296743293,2286.4401408731355
55.94595825739187,-3.1851573723684776,WSW,55.94584345236216,-3.185434536228231,2211.9418296743293,2285.1901408731355
55.94584345236216,-3.185434536228231,ENE,55.94595825739187,-3.1851573723684776,2211.9418296743293,2283.9401408731355
55.94595825739187,-3.1851573723684776,WSW,55.94584345236216,-3.185434536228231,2211.9418296743293,2282.6901408731355
55.94584345236216,-3.185434536228231,ENE,55.94595825739187,-3.1851573723684776,2211.9418296743293,2281.4401408731355
55.94595825739187,-3.1851573723684776,WSW,55.94584345236216,-3.185434536228231,2211.9418296743293,2280.1901408731355
55.94584345236216,-3.185434536228231,ENE,55.94595825739187,-3.1851573723684776,2211.9418296743293,2278.9401408731355
55.94595825739187,-3.1851573723684776,WSW,55.94584345236216,-3.185434536228231,2211.9418296743293,2277.6901408731355
55.94584345236216,-3.185434536228231,ENE,55.94595825739187,-3.1851573723684776,2211.9418296743293,2276.4401408731355
55.94595825739187,-3.1851573723684776,WSW,55.94584345236216,-3.185434536228231,2211.9418296743293,2275.1901408731355
55.94584345236216,-3.185434536228231,ENE,55.94595825739187,-3.1851573723684776,2211.9418296743293,2273.9401408731355
55.94595825739187,-3.1851573723684776,WSW,55.94584345236216,-3.185434536228231,2211.9418296743293,2272.6901408731355
55.94584345236216,-3.185434536228231,ENE,55.94595825739187,-3.1851573723684776,2211.9418296743293,2271.4401408731355
55.94595825739187,-3.1851573723684776,WSW,55.94584345236216,-3.185434536228231,2211.9418296743293,2270.1901408731355
55.94584345236216,-3.185434536228231,ENE,55.94595825739187,-3.1851573723684776,2211.9418296743293,2268.9401408731355
55.94595825739187,-3.1851573723684776,WSW,55.94584345236216,-3.185434536228231,2211.9418296743293,2267.6901408731355
55.94584345236216,-3.185434536228231,ENE,55.94595825739187,-3.1851573723684776,2211.9418296743293,2266.4401408731355
55.94595825739187,-3.1851573723684776,WSW,55.94584345236216,-3.185434536228231,2211.9418296743293,2265.1901408731355
55.94584345236216,-3.185434536228231,ENE,55.94595825739187,-3.1851573723684776,2211.9418296743293,2263.9401408731355
55.94595825739187,-3.1851573723684776,WSW,55.94584345236216,-3.185434536228231,2211.9418296743293,2262.6901408731355
55.94584345236216,-3.185434536228231,ENE,55.94595825739187,-3.1851573723684776,2211.9418296743293,2261.4401408731355
55.94595825739187,-3.1851573723684776,WSW,55.94584345236216,-3.185434536228231,2211.9418296743293,2260.1901408731355
55.94584345236216,-3.185434536228231,ENE,55.94595825739187,-3.1851573723684776,2211.9418296743293,2258.9401408731355
55.94595825739187,-3.1851573723684776,WSW,55.94584345236216,-3.185434536228231,2211.9418296743293,2257.6901408731355
55.94584345236216,-3.185434536228231,ENE,55.94595825739187,-3.1851573723684776,2211.9418296743293,2256.4401408731355
55.94595825739187,-3.1851573723684776,WSW,55.94584345236216,-3.185434536228231,2211.9418296743293,2255.1901408731355
55.94584345236216,-3.185434536228231,ENE,55.94595825739187,-3.1851573723684776,2211.9418296743293,2253.9401408731355
55.94595825739187,-3.1851573723684776,WSW,55.94584345236216,-3.185434536228231,2211.9418296743293,2252.6901408731355
55.94584345236216,-3.185434536228231,ENE,55.94595825739187,-3.1851573723684776,2211.9418296743293,2251.4401408731355
55.94595825739187,-3.1851573723684776,WSW,55.94584345236216,-3.185434536228231,2211.9418296743293,2250.1901408731355
55.94584345236216,-3.185434536228231,ENE,55.94595825739187,-3.1851573723684776,2211.9418296743293,2248.9401408731355
55.94595825739187,-3.1851573723684776,WSW,55.94584345236216,-3.185434536228231,2211.9418296743293,2247.6901408731355
55.94584345236216,-3.185434536228231,ENE,55.94595825739187,-3.1851573723684776,2211.9418296743293,2246.4401408731355
55.94595825739187,-3.1851573723684776,WSW,55.94584345236216,-3.185434536228231,2211.9418296743293,2245.1901408731355
55.94584345236216,-3.185434536228231,ENE,55.94595825739187,-3.1851573723684776,2211.9418296743293,2243.9401408731355
55.94595825739187,-3.1851573723684776,WSW,55.94584345236216,-3.185434536228231,2211.9418296743293,2242.6901408731355
55.94584345236216,-3.185434536228231,ENE,55.94595825739187,-3.1851573723684776,2211.9418296743293,2241.4401408731355
55.94595825739187,-3.1851573723684776,WSW,55.94584345236216,-3.185434536228231,2211.9418296743293,2240.1901408731355
55.94584345236216,-3.185434536228231,ENE,55.94595825739187,-3.1851573723684776,2211.9418296743293,2238.9401408731355
