55.944425,-3.188396,ENE,55.94453980502971,-3.1881188361402466,0.0,248.75
55.94453980502971,-3.1881188361402466,ESE,55.944425,-3.187841672280493,2.154239753161813,316.7272757029614
55.944425,-3.187841672280493,NNW,55.94470216385976,-3.1879564773102027,84.61657880103343,366.47854855327336
55.94470216385976,-3.1879564773102027,E,55.94470216385976,-3.1876564773102025,113.67977264784625,477.94591516007364
55.94470216385976,-3.1876564773102025,E,55.94470216385976,-3.1873564773102023,113.67977264784625,476.69591516007364
55.94470216385976,-3.1873564773102023,ENE,55.94481696888947,-3.187079313450449,115.41353488602873,548.294771618002
55.94481696888947,-3.187079313450449,ESE,55.94470216385976,-3.1868021495906955,177.91120189899647,573.7541149081214
55.94470216385976,-3.1868021495906955,ENE,55.94481696888947,-3.186524985730942,177.91120189899647,572.5041149081214
55.94481696888947,-3.186524985730942,NE,55.945029100923826,-3.1863128536965863,282.3946381237097,607.1403799028748
55.945029100923826,-3.1863128536965863,ESE,55.944914295894115,-3.186035689836833,282.3946381237097,605.8903799028748
55.944914295894115,-3.186035689836833,ESE,55.944799490864405,-3.1857585259770795,380.11384923324727,707.8722479286046
55.944799490864405,-3.1857585259770795,ESE,55.944684685834694,-3.185481362117326,380.11384923324727,706.6222479286046
55.944684685834694,-3.185481362117326,ESE,55.944569880804984,-3.1852041982575727,477.1709193903235,750.2973854908665
55.944569880804984,-3.1852041982575727,NE,55.94478201283934,-3.184992066223217,530.4452091726469,848.7010856332814
55.94478201283934,-3.184992066223217,SSW,55.944504848979584,-3.1851068712529265,530.4452091726469,847.4510856332814
55.944504848979584,-3.1851068712529265,SW,55.94429271694523,-3.1853190032872822,530.4452091726469,846.2010856332814
55.94429271694523,-3.1853190032872822,NNE,55.944569880804984,-3.1852041982575727,530.4452091726469,844.9510856332814
55.944569880804984,-3.1852041982575727,SW,55.94435774877063,-3.1854163302919285,530.4452091726469,843.7010856332814
55.94435774877063,-3.1854163302919285,SE,55.94414561673627,-3.1852041982575727,530.4452091726469,842.4510856332814
55.94414561673627,-3.1852041982575727,E,55.94414561673627,-3.1849041982575725,530.4452091726469,841.2010856332814
55.94414561673627,-3.1849041982575725,ESE,55.94403081170656,-3.184627034397819,629.0052443059192,888.2786864810771
55.94403081170656,-3.184627034397819,S,55.94373081170656,-3.184627034397819,640.1950585679343,973.1378373222644
55.94373081170656,-3.184627034397819,WSW,55.94361600667685,-3.1849041982575725,640.1950585679343,971.8878373222644
55.94361600667685,-3.1849041982575725,SW,55.94340387464249,-3.1851163302919283,640.1950585679343,970.6378373222644
55.94340387464249,-3.1851163302919283,WSW,55.94328906961278,-3.1853934941516817,640.1950585679343,969.3878373222644
55.94328906961278,-3.1853934941516817,SW,55.943076937578425,-3.1856056261860375,640.1950585679343,968.1378373222644
55.943076937578425,-3.1856056261860375,WSW,55.942962132548715,-3.185882790045791,685.1064253571026,1037.3011130999757
55.942962132548715,-3.185882790045791,NW,55.94317426458307,-3.1860949220801467,752.3831400068909,1082.3397047416784
55.94317426458307,-3.1860949220801467,WSW,55.94305945955336,-3.1863720859399,837.9437530157285,1159.263538977637
55.94305945955336,-3.1863720859399,W,55.94305945955336,-3.1866720859399003,837.9437530157285,1158.013538977637
55.94305945955336,-3.1866720859399003,W,55.94305945955336,-3.1869720859399004,837.9437530157285,1156.763538977637
55.94305945955336,-3.1869720859399004,W,55.94305945955336,-3.1872720859399006,837.9437530157285,1155.513538977637
55.94305945955336,-3.1872720859399006,W,55.94305945955336,-3.187572085939901,837.9437530157285,1154.263538977637
55.94305945955336,-3.187572085939901,W,55.94305945955336,-3.187872085939901,837.9437530157285,1153.013538977637
55.94305945955336,-3.187872085939901,W,55.94305945955336,-3.188172085939901,905.0080653662401,1212.1897070022972
55.94305945955336,-3.188172085939901,NNW,55.94333662341312,-3.1882868909696107,958.4012529313042,1219.626714581246
55.94333662341312,-3.1882868909696107,WNW,55.94345142844283,-3.188564054829364,958.4012529313042,1218.376714581246
55.94345142844283,-3.188564054829364,NW,55.943663560477184,-3.18877618686372,958.4012529313042,1217.126714581246
55.943663560477184,-3.18877618686372,WNW,55.943778365506894,-3.1890533507234733,958.4012529313042,1215.876714581246
55.943778365506894,-3.1890533507234733,NW,55.94399049754125,-3.189265482757829,1017.037051015764,1281.264107758282
55.94399049754125,-3.189265482757829,WNW,55.94410530257096,-3.1895426466175825,1017.037051015764,1280.014107758282
55.94410530257096,-3.1895426466175825,W,55.94410530257096,-3.1898426466175827,1017.037051015764,1278.764107758282
55.94410530257096,-3.1898426466175827,WNW,55.94422010760067,-3.190119810477336,1034.893155989256,1288.529277134066
55.94422010760067,-3.190119810477336,SSW,55.943942943740915,-3.1902346155070456,1034.893155989256,1287.279277134066
55.943942943740915,-3.1902346155070456,S,55.94364294374091,-3.1902346155070456,1051.916827527496,1380.4861285249317
55.94364294374091,-3.1902346155070456,NW,55.94385507577527,-3.1904467475414013,1051.916827527496,1379.2361285249317
55.94385507577527,-3.1904467475414013,NW,55.944067207809624,-3.190658879575757,1051.916827527496,1377.9861285249317
55.944067207809624,-3.190658879575757,NW,55.94427933984398,-3.190871011610113,1051.916827527496,1376.7361285249317
55.94427933984398,-3.190871011610113,NNW,55.94455650370374,-3.1909858166398224,1125.8485350986925,1422.49793513924
55.94455650370374,-3.1909858166398224,N,55.94485650370374,-3.1909858166398224,1125.8485350986925,1421.24793513924
55.94485650370374,-3.1909858166398224,N,55.94515650370374,-3.1909858166398224,1172.404622927795,1469.1395835775845
55.94515650370374,-3.1909858166398224,NE,55.9453686357381,-3.1907736846054666,1287.1423889141752,1537.7167240174358
55.9453686357381,-3.1907736846054666,NE,55.945580767772455,-3.190561552571111,1287.1423889141752,1536.4667240174358
55.945580767772455,-3.190561552571111,ENE,55.945695572802165,-3.1902843887113574,1373.0969691590258,1569.4633113129494
55.945695572802165,-3.1902843887113574,WNW,55.945810377831876,-3.190561552571111,1482.1951897629376,1638.3803033762779
55.945810377831876,-3.190561552571111,ENE,55.945925182861586,-3.1902843887113574,1482.1951897629376,1637.1303033762779
55.945925182861586,-3.1902843887113574,ENE,55.9460399878913,-3.190007224851604,1505.3989175225483,1684.6080071716397
55.9460399878913,-3.190007224851604,ESE,55.945925182861586,-3.1897300609918506,1505.3989175225483,1683.3580071716397
55.945925182861586,-3.1897300609918506,SE,55.94571305082723,-3.189517928957495,1505.3989175225483,1682.1080071716397
55.94571305082723,-3.189517928957495,ESE,55.94559824579752,-3.1892407650977415,1505.3989175225483,1680.8580071716397
55.94559824579752,-3.1892407650977415,SE,55.94538611376316,-3.1890286330633857,1505.3989175225483,1679.6080071716397
55.94538611376316,-3.1890286330633857,ESE,55.94527130873345,-3.1887514692036323,1568.11211192469,1726.5942007409806
55.94527130873345,-3.1887514692036323,SE,55.9450591766991,-3.1885393371692765,1569.586263209786,1818.3606925361325
55.9450591766991,-3.1885393371692765,WNW,55.94517398172881,-3.18881650102903,1569.586263209786,1817.1106925361325
55.94517398172881,-3.18881650102903,E,55.94517398172881,-3.1885165010290297,1677.8650899946401,1843.6905782974386
55.94517398172881,-3.1885165010290297,NE,55.94538611376316,-3.188304368994674,1677.8650899946401,1842.4405782974386
55.94538611376316,-3.188304368994674,NNE,55.94566327762292,-3.1881895639649644,1779.907582712791,1850.9275715940475
55.94566327762292,-3.1881895639649644,SSE,55.94538611376316,-3.188074758935255,1779.907582712791,1849.6775715940475
55.94538611376316,-3.188074758935255,SSE,55.94510894990341,-3.1879599539055454,1779.907582712791,1848.4275715940475
55.94510894990341,-3.1879599539055454,NW,55.94532108193776,-3.188172085939901,1779.907582712791,1847.1775715940475
55.94532108193776,-3.188172085939901,SSE,55.94504391807801,-3.1880572809101917,1779.907582712791,1845.9275715940475
55.94504391807801,-3.1880572809101917,E,55.94504391807801,-3.1877572809101915,1779.907582712791,1844.6775715940475
55.94504391807801,-3.1877572809101915,NE,55.94525605011236,-3.1875451488758357,1779.907582712791,1843.4275715940475
55.94525605011236,-3.1875451488758357,NNE,55.94553321397212,-3.1874303438461262,1779.907582712791,1842.1775715940475
55.94553321397212,-3.1874303438461262,NNE,55.945810377831876,-3.1873155388164167,1857.4191182965308,1944.8070520631265
55.945810377831876,-3.1873155388164167,SSE,55.94553321397212,-3.187200733786707,1870.4196022184474,1956.2188741723226
55.94553321397212,-3.187200733786707,E,55.94553321397212,-3.186900733786707,1991.6166774306048,2067.637473837792
55.94553321397212,-3.186900733786707,NE,55.945745346006476,-3.1866886017523512,2079.873633410594,2104.3355233359434
55.945745346006476,-3.1866886017523512,E,55.945745346006476,-3.186388601752351,2079.873633410594,2103.0855233359434
55.945745346006476,-3.186388601752351,E,55.945745346006476,-3.186088601752351,2134.92112766033,2118.6856102393103
55.945745346006476,-3.186088601752351,ENE,55.945860151036186,-3.1858114378925975,2143.7644050238778,2164.8188764494535
55.945860151036186,-3.1858114378925975,W,55.945860151036186,-3.1861114378925977,2143.7644050238778,2163.5688764494535
55.945860151036186,-3.1861114378925977,W,55.945860151036186,-3.186411437892598,2143.7644050238778,2162.3188764494535
55.945860151036186,-3.186411437892598,W,55.945860151036186,-3.186711437892598,2143.7644050238778,2161.0688764494535
55.945860151036186,-3.186711437892598,W,55.945860151036186,-3.187011437892598,2143.7644050238778,2159.8188764494535
55.945860151036186,-3.187011437892598,W,55.945860151036186,-3.1873114378925984,2143.7644050238778,2158.5688764494535
55.945860151036186,-3.1873114378925984,W,55.945860151036186,-3.1876114378925986,2143.7644050238778,2157.3188764494535
55.945860151036186,-3.1876114378925986,S,55.94556015103618,-3.1876114378925986,2143.7644050238778,2156.0688764494535
55.94556015103618,-3.1876114378925986,NNW,55.94583731489594,-3.187726242922308,2143.7644050238778,2154.8188764494535
55.94583731489594,-3.187726242922308,SW,55.94562518286158,-3.187938374956664,2143.7644050238778,2153.5688764494535
55.94562518286158,-3.187938374956664,W,55.94562518286158,-3.188238374956664,2143.7644050238778,2152.3188764494535
55.94562518286158,-3.188238374956664,W,55.94562518286158,-3.1885383749566643,2143.7644050238778,2151.0688764494535
55.94562518286158,-3.1885383749566643,W,55.94562518286158,-3.1888383749566644,2143.7644050238778,2149.8188764494535
55.94562518286158,-3.1888383749566644,W,55.94562518286158,-3.1891383749566646,2143.7644050238778,2148.5688764494535
55.94562518286158,-3.1891383749566646,W,55.94562518286158,-3.189438374956665,2143.7644050238778,2147.3188764494535
55.94562518286158,-3.189438374956665,W,55.94562518286158,-3.189738374956665,2143.7644050238778,2146.0688764494535
55.94562518286158,-3.189738374956665,W,55.94562518286158,-3.190038374956665,2143.7644050238778,2144.8188764494535
55.94562518286158,-3.190038374956665,SE,55.94541305082723,-3.1898262429223094,2143.7644050238778,2143.5688764494535
55.94541305082723,-3.1898262429223094,SSW,55.94513588696747,-3.189941047952019,2143.7644050238778,2142.3188764494535
55.94513588696747,-3.189941047952019,N,55.94543588696747,-3.189941047952019,2143.7644050238778,2141.0688764494535
55.94543588696747,-3.189941047952019,WNW,55.945550691997184,-3.1902182118117723,2143.7644050238778,2139.8188764494535
55.945550691997184,-3.1902182118117723,W,55.945550691997184,-3.1905182118117725,2143.7644050238778,2138.5688764494535
55.945550691997184,-3.1905182118117725,W,55.945550691997184,-3.1908182118117727,2143.7644050238778,2137.3188764494535
55.945550691997184,-3.1908182118117727,W,55.945550691997184,-3.191118211811773,2143.7644050238778,2136.0688764494535
55.945550691997184,-3.191118211811773,W,55.945550691997184,-3.191418211811773,2143.7644050238778,2134.8188764494535
55.945550691997184,-3.191418211811773,N,55.94585069199719,-3.191418211811773,2143.7644050238778,2133.5688764494535
55.94585069199719,-3.191418211811773,N,55.94615069199719,-3.191418211811773,2143.7644050238778,2132.3188764494535
55.94615069199719,-3.191418211811773,SSW,55.94587352813743,-3.1915330168414826,2143.7644050238778,2131.0688764494535
55.94587352813743,-3.1915330168414826,SSW,55.94559636427768,-3.191647821871192,2178.362254254639,2244.104825573683
55.94559636427768,-3.191647821871192,SSW,55.94531920041792,-3.1917626269009016,2178.362254254639,2242.854825573683
55.94531920041792,-3.1917626269009016,SSW,55.94504203655816,-3.191877431930611,2178.362254254639,2241.604825573683
55.94504203655816,-3.191877431930611,SW,55.94482990452381,-3.192089563964967,2178.362254254639,2240.354825573683
55.94482990452381,-3.192089563964967,SSW,55.94455274066405,-3.1922043689946764,2178.362254254639,2239.104825573683
55.94455274066405,-3.1922043689946764,SW,55.944340608629695,-3.192416501029032,2220.901641488269,2318.4433542831357
55.944340608629695,-3.192416501029032,S,55.94404060862969,-3.192416501029032,2226.0560416442045,2376.850130393812
55.94404060862969,-3.192416501029032,SSE,55.943763444769935,-3.1923016959993227,2226.0560416442045,2375.600130393812
55.943763444769935,-3.1923016959993227,SE,55.94355131273558,-3.192089563964967,2260.2492519701727,2377.465612831432
55.94355131273558,-3.192089563964967,ENE,55.94366611776529,-3.1918124001052135,2292.592426568115,2449.7654676993548
55.94366611776529,-3.1918124001052135,WSW,55.94355131273558,-3.192089563964967,2292.592426568115,2448.5154676993548
55.94355131273558,-3.192089563964967,ENE,55.94366611776529,-3.1918124001052135,2292.592426568115,2447.2654676993548
55.94366611776529,-3.1918124001052135,WSW,55.94355131273558,-3.192089563964967,2292.592426568115,2446.0154676993548
55.94355131273558,-3.192089563964967,ENE,55.94366611776529,-3.1918124001052135,2292.592426568115,2444.7654676993548
55.94366611776529,-3.1918124001052135,WSW,55.94355131273558,-3.192089563964967,2292.592426568115,2443.5154676993548
55.94355131273558,-3.192089563964967,ENE,55.94366611776529,-3.1918124001052135,2292.592426568115,2442.2654676993548
55.94366611776529,-3.1918124001052135,WSW,55.94355131273558,-3.192089563964967,2292.592426568115,2441.0154676993548
55.94355131273558,-3.192089563964967,ENE,55.94366611776529,-3.1918124001052135,2292.592426568115,2439.7654676993548
55.94366611776529,-3.1918124001052135,WSW,55.94355131273558,-3.192089563964967,2292.592426568115,2438.5154676993548
55.94355131273558,-3.192089563964967,ENE,55.94366611776529,-3.1918124001052135,2292.592426568115,2437.2654676993548
55.94366611776529,-3.1918124001052135,WSW,55.94355131273558,-3.192089563964967,2292.592426568115,2436.0154676993548
55.94355131273558,-3.192089563964967,ENE,55.94366611776529,-3.1918124001052135,2292.592426568115,2434.7654676993548
55.94366611776529,-3.1918124001052135,WSW,55.94355131273558,-3.192089563964967,2292.592426568115,2433.5154676993548
55.94355131273558,-3.192089563964967,ENE,55.94366611776529,-3.1918124001052135,2292.592426568115,2432.2654676993548
55.94366611776529,-3.1918124001052135,WSW,55.94355131273558,-3.192089563964967,2292.592426568115,2431.0154676993548
55.94355131273558,-3.192089563964967,ENE,55.94366611776529,-3.1918124001052135,2292.592426568115,2429.7654676993548
55.94366611776529,-3.1918124001052135,WSW,55.94355131273558,-3.192089563964967,2292.592426568115,2428.5154676993548
55.94355131273558,-3.192089563964967,ENE,55.94366611776529,-3.1918124001052135,2292.592426568115,2427.2654676993548
55.94366611776529,-3.1918124001052135,WSW,55.94355131273558,-3.192089563964967,2292.592426568115,2426.0154676993548
55.94355131273558,-3.192089563964967,ENE,55.94366611776529,-3.1918124001052135,2292.592426568115,2424.7654676993548
55.94366611776529,-3.1918124001052135,WSW,55.94355131273558,-3.192089563964967,2292.592426568115,2423.5154676993548
55.94355131273558,-3.192089563964967,ENE,55.94366611776529,-3.1918124001052135,2292.592426568115,2422.2654676993548
55.94366611776529,-3.1918124001052135,WSW,55.94355131273558,-3.192089563964967,2292.592426568115,2421.0154676993548
55.94355131273558,-3.192089563964967,ENE,55.94366611776529,-3.1918124001052135,2292.592426568115,2419.7654676993548
55.94366611776529,-3.1918124001052135,WSW,55.94355131273558,-3.192089563964967,2292.592426568115,2418.5154676993548
55.94355131273558,-3.192089563964967,ENE,55.94366611776529,-3.1918124001052135,2292.592426568115,2417.2654676993548
55.94366611776529,-3.1918124001052135,WSW,55.94355131273558,-3.192089563964967,2292.592426568115,2416.0154676993548
55.94355131273558,-3.192089563964967,ENE,55.94366611776529,-3.1918124001052135,2292.592426568115,2414.7654676993548
55.94366611776529,-3.1918124001052135,WSW,55.94355131273558,-3.192089563964967,2292.592426568115,2413.5154676993548
55.94355131273558,-3.192089563964967,ENE,55.94366611776529,-3.1918124001052135,2292.592426568115,2412.2654676993548
55.94366611776529,-3.1918124001052135,WSW,55.94355131273558,-3.192089563964967,2292.592426568115,2411.0154676993548
55.94355131273558,-3.192089563964967,ENE,55.94366611776529,-3.1918124001052135,2292.592426568115,2409.7654676993548
55.94366611776529,-3.1918124001052135,WSW,55.94355131273558,-3.192089563964967,2292.592426568115,2408.5154676993548
55.94355131273558,-3.192089563964967,ENE,55.94366611776529,-3.1918124001052135,2292.592426568115,2407.2654676993548
55.94366611776529,-3.1918124001052135,WSW,55.94355131273558,-3.192089563964967,2292.592426568115,2406.0154676993548
55.94355131273558,-3.192089563964967,ENE,55.94366611776529,-3.1918124001052135,2292.592426568115,2404.7654676993548
55.94366611776529,-3.1918124001052135,WSW,55.94355131273558,-3.192089563964967,2292.592426568115,2403.5154676993548
55.94355131273558,-3.192089563964967,ENE,55.94366611776529,-3.1918124001052135,2292.592426568115,2402.2654676993548
55.94366611776529,-3.1918124001052135,WSW,55.94355131273558,-3.192089563964967,2292.592426568115,2401.0154676993548
55.94355131273558,-3.192089563964967,ENE,55.94366611776529,-3.1918124001052135,2292.592426568115,2399.7654676993548
55.94366611776529,-3.1918124001052135,WSW,55.94355131273558,-3.192089563964967,2292.592426568115,2398.5154676993548
55.94355131273558,-3.192089563964967,ENE,55.94366611776529,-3.1918124001052135,2292.592426568115,2397.2654676993548
55.94366611776529,-3.1918124001052135,WSW,55.94355131273558,-3.192089563964967,2292.592426568115,2396.0154676993548
55.94355131273558,-3.192089563964967,ENE,55.94366611776529,-3.1918124001052135,2292.592426568115,2394.7654676993548
55.94366611776529,-3.1918124001052135,WSW,55.94355131273558,-3.192089563964967,2292.592426568115,2393.5154676993548
55.94355131273558,-3.192089563964967,ENE,55.94366611776529,-3.1918124001052135,2292.592426568115,2392.2654676993548
55.94366611776529,-3.1918124001052135,WSW,55.94355131273558,-3.192089563964967,2292.592426568115,2391.0154676993548
55.94355131273558,-3.192089563964967,ENE,55.94366611776529,-3.1918124001052135,2292.592426568115,2389.7654676993548
55.94366611776529,-3.1918124001052135,WSW,55.94355131273558,-3.192089563964967,2292.592426568115,2388.5154676993548
55.94355131273558,-3.192089563964967,ENE,55.94366611776529,-3.1918124001052135,2292.592426568115,2387.2654676993548
55.94366611776529,-3.1918124001052135,WSW,55.94355131273558,-3.192089563964967,2292.592426568115,2386.0154676993548
55.94355131273558,-3.192089563964967,ENE,55.94366611776529,-3.1918124001052135,2292.592426568115,2384.7654676993548
55.94366611776529,-3.1918124001052135,WSW,55.94355131273558,-3.192089563964967,2292.592426568115,2383.5154676993548
55.94355131273558,-3.192089563964967,ENE,55.94366611776529,-3.1918124001052135,2292.592426568115,2382.2654676993548
55.94366611776529,-3.1918124001052135,WSW,55.94355131273558,-3.192089563964967,2292.592426568115,2381.0154676993548
55.94355131273558,-3.192089563964967,ENE,55.94366611776529,-3.1918124001052135,2292.592426568115,2379.7654676993548
55.94366611776529,-3.1918124001052135,WSW,55.94355131273558,-3.192089563964967,2292.592426568115,2378.5154676993548
55.94355131273558,-3.192089563964967,ENE,55.94366611776529,-3.1918124001052135,2292.592426568115,2377.2654676993548
55.94366611776529,-3.1918124001052135,WSW,55.94355131273558,-3.192089563964967,2292.592426568115,2376.0154676993548
55.94355131273558,-3.192089563964967,ENE,55.94366611776529,-3.1918124001052135,2292.592426568115,2374.7654676993548
55.94366611776529,-3.1918124001052135,WSW,55.94355131273558,-3.192089563964967,2292.592426568115,2373.5154676993548
55.94355131273558,-3.192089563964967,ENE,55.94366611776529,-3.1918124001052135,2292.592426568115,2372.2654676993548
55.94366611776529,-3.1918124001052135,WSW,55.94355131273558,-3.192089563964967,2292.592426568115,2371.0154676993548
55.94355131273558,-3.192089563964967,ENE,55.94366611776529,-3.1918124001052135,2292.592426568115,2369.7654676993548
55.94366611776529,-3.1918124001052135,WSW,55.94355131273558,-3.192089563964967,2292.592426568115,2368.5154676993548
55.94355131273558,-3.192089563964967,ENE,55.94366611776529,-3.1918124001052135,2292.592426568115,2367.2654676993548
55.94366611776529,-3.1918124001052135,WSW,55.94355131273558,-3.192089563964967,2292.592426568115,2366.0154676993548
55.94355131273558,-3.192089563964967,ENE,55.94366611776529,-3.1918124001052135,2292.592426568115,2364.7654676993548
55.94366611776529,-3.1918124001052135,WSW,55.94355131273558,-3.192089563964967,2292.592426568115,2363.5154676993548
55.94355131273558,-3.192089563964967,ENE,55.94366611776529,-3.1918124001052135,2292.592426568115,2362.2654676993548
55.94366611776529,-3.1918124001052135,WSW,55.94355131273558,-3.192089563964967,2292.592426568115,2361.0154676993548
55.94355131273558,-3.192089563964967,ENE,55.94366611776529,-3.1918124001052135,2292.592426568115,2359.7654676993548
55.94366611776529,-3.1918124001052135,WSW,55.94355131273558,-3.192089563964967,2292.592426568115,2358.5154676993548
55.94355131273558,-3.192089563964967,ENE,55.94366611776529,-3.1918124001052135,2292.592426568115,2357.2654676993548
55.94366611776529,-3.1918124001052135,WSW,55.94355131273558,-3.192089563964967,2292.592426568115,2356.0154676993548
55.94355131273558,-3.192089563964967,ENE,55.94366611776529,-3.1918124001052135,2292.592426568115,2354.7654676993548
55.94366611776529,-3.1918124001052135,WSW,55.94355131273558,-3.192089563964967,2292.592426568115,2353.5154676993548
55.94355131273558,-3.192089563964967,ENE,55.94366611776529,-3.1918124001052135,2292.592426568115,2352.2654676993548
55.94366611776529,-3.1918124001052135,WSW,55.94355131273558,-3.192089563964967,2292.592426568115,2351.0154676993548
55.94355131273558,-3.192089563964967,ENE,55.94366611776529,-3.1918124001052135,2292.592426568115,2349.7654676993548
55.94366611776529,-3.1918124001052135,WSW,55.94355131273558,-3.192089563964967,2292.592426568115,2348.5154676993548
55.94355131273558,-3.192089563964967,ENE,55.94366611776529,-3.1918124001052135,2292.592426568115,2347.2654676993548
55.94366611776529,-3.1918124001052135,WSW,55.94355131273558,-3.192089563964967,2292.592426568115,2346.0154676993548
55.94355131273558,-3.192089563964967,ENE,55.94366611776529,-3.1918124001052135,2292.592426568115,2344.7654676993548
55.94366611776529,-3.1918124001052135,WSW,55.94355131273558,-3.192089563964967,2292.592426568115,2343.5154676993548
55.94355131273558,-3.192089563964967,ENE,55.94366611776529,-3.1918124001052135,2292.592426568115,2342.2654676993548
55.94366611776529,-3.1918124001052135,WSW,55.94355131273558,-3.192089563964967,2292.592426568115,2341.0154676993548
55.94355131273558,-3.192089563964967,ENE,55.94366611776529,-3.1918124001052135,2292.592426568115,2339.7654676993548
55.94366611776529,-3.1918124001052135,WSW,55.94355131273558,-3.192089563964967,2292.592426568115,2338.5154676993548
55.94355131273558,-3.192089563964967,ENE,55.94366611776529,-3.1918124001052135,2292.592426568115,2337.2654676993548
55.94366611776529,-3.1918124001052135,WSW,55.94355131273558,-3.192089563964967,2292.592426568115,2336.0154676993548
55.94355131273558,-3.192089563964967,ENE,55.94366611776529,-3.1918124001052135,2292.592426568115,2334.7654676993548
55.94366611776529,-3.1918124001052135,WSW,55.94355131273558,-3.192089563964967,2292.592426568115,2333.5154676993548
55.94355131273558,-3.192089563964967,ENE,55.94366611776529,-3.1918124001052135,2292.592426568115,2332.2654676993548
55.94366611776529,-3.1918124001052135,WSW,55.94355131273558,-3.192089563964967,2292.592426568115,2331.0154676993548
55.94355131273558,-3.192089563964967,ENE,55.94366611776529,-3.1918124001052135,2292.592426568115,2329.7654676993548
55.94366611776529,-3.1918124001052135,WSW,55.94355131273558,-3.192089563964967,2292.592426568115,2328.5154676993548
55.94355131273558,-3.192089563964967,ENE,55.94366611776529,-3.1918124001052135,2292.592426568115,2327.2654676993548
55.94366611776529,-3.1918124001052135,WSW,55.94355131273558,-3.192089563964967,2292.592426568115,2326.0154676993548
55.94355131273558,-3.192089563964967,ENE,55.94366611776529,-3.1918124001052135,2292.592426568115,2324.7654676993548
55.94366611776529,-3.1918124001052135,WSW,55.94355131273558,-3.192089563964967,2292.592426568115,2323.5154676993548
55.94355131273558,-3.192089563964967,ENE,55.94366611776529,-3.1918124001052135,2292.592426568115,2322.2654676993548
55.94366611776529,-3.1918124001052135,WSW,55.94355131273558,-3.192089563964967,2292.592426568115,2321.0154676993548
55.94355131273558,-3.192089563964967,ENE,55.94366611776529,-3.1918124001052135,2292.592426568115,2319.7654676993548
55.94366611776529,-3.1918124001052135,WSW,55.94355131273558,-3.192089563964967,2292.592426568115,2318.5154676993548
55.94355131273558,-3.192089563964967,ENE,55.94366611776529,-3.1918124001052135,2292.592426568115,2317.2654676993548
55.94366611776529,-3.1918124001052135,WSW,55.94355131273558,-3.192089563964967,2292.592426568115,2316.0154676993548
55.94355131273558,-3.192089563964967,ENE,55.94366611776529,-3.1918124001052135,2292.592426568115,2314.7654676993548
55.94366611776529,-3.1918124001052135,WSW,55.94355131273558,-3.192089563964967,2292.592426568115,2313.5154676993548
55.94355131273558,-3.192089563964967,ENE,55.94366611776529,-3.1918124001052135,2292.592426568115,2312.2654676993548
55.94366611776529,-3.1918124001052135,WSW,55.94355131273558,-3.192089563964967,2292.592426568115,2311.0154676993548
55.94355131273558,-3.192089563964967,ENE,55.94366611776529,-3.1918124001052135,2292.592426568115,2309.7654676993548
55.94366611776529,-3.1918124001052135,WSW,55.94355131273558,-3.192089563964967,2292.592426568115,2308.5154676993548
55.94355131273558,-3.192089563964967,ENE,55.94366611776529,-3.1918124001052135,2292.592426568115,2307.2654676993548
55.94366611776529,-3.1918124001052135,WSW,55.94355131273558,-3.192089563964967,2292.592426568115,2306.0154676993548
55.94355131273558,-3.192089563964967,ENE,55.94366611776529,-3.1918124001052135,2292.592426568115,2304.7654676993548
55.94366611776529,-3.1918124001052135,WSW,55.94355131273558,-3.192089563964967,2292.592426568115,2303.5154676993548
55.94355131273558,-3.192089563964967,ENE,55.94366611776529,-3.1918124001052135,2292.592426568115,2302.2654676993548
55.94366611776529,-3.1918124001052135,WSW,55.94355131273558,-3.192089563964967,2292.592426568115,2301.0154676993548
55.94355131273558,-3.192089563964967,ENE,55.94366611776529,-3.1918124001052135,2292.592426568115,2299.7654676993548
55.94366611776529,-3.1918124001052135,WSW,55.94355131273558,-3.192089563964967,2292.592426568115,2298.5154676993548
55.94355131273558,-3.192089563964967,ENE,55.94366611776529,-3.1918124001052135,2292.592426568115,2297.2654676993548
55.94366611776529,-3.1918124001052135,WSW,55.94355131273558,-3.192089563964967,2292.592426568115,2296.0154676993548
55.94355131273558,-3.192089563964967,ENE,55.94366611776529,-3.1918124001052135,2292.592426568115,2294.7654676993548
55.94366611776529,-3.1918124001052135,WSW,55.94355131273558,-3.192089563964967,2292.592426568115,2293.5154676993548
55.94355131273558,-3.192089563964967,ENE,55.94366611776529,-3.1918124001052135,2292.592426568115,2292.2654676993548
55.94366611776529,-3.1918124001052135,WSW,55.94355131273558,-3.192089563964967,2292.592426568115,2291.0154676993548
55.94355131273558,-3.192089563964967,ENE,55.94366611776529,-3.1918124001052135,2292.592426568115,2289.7654676993548
55.94366611776529,-3.1918124001052135,WSW,55.94355131273558,-3.192089563964967,2292.592426568115,2288.5154676993548
55.94355131273558,-3.192089563964967,ENE,55.94366611776529,-3.1918124001052135,2292.592426568115,2287.2654676993548
55.94366611776529,-3.1918124001052135,WSW,55.94355131273558,-3.192089563964967,2292.592426568115,2286.0154676993548
55.94355131273558,-3.192089563964967,ENE,55.94366611776529,-3.1918124001052135,2292.592426568115,2284.7654676993548
