55.944425,-3.188396,W,55.944425,-3.188696,0.0,248.75
55.944425,-3.188696,W,55.944425,-3.1889960000000004,33.811128029224754,321.6434301683396
55.944425,-3.1889960000000004,WSW,55.94431019497029,-3.189273163859754,33.811128029224754,320.3934301683396
55.94431019497029,-3.189273163859754,W,55.94431019497029,-3.189573163859754,99.99453324779131,403.88298087116016
55.94431019497029,-3.189573163859754,N,55.944610194970295,-3.189573163859754,132.72738946488641,425.1228206011063
55.944610194970295,-3.189573163859754,NNW,55.94488735883005,-3.1896879688894635,253.7744312935963,433.53290390486836
55.94488735883005,-3.1896879688894635,NNE,55.94516452268981,-3.189573163859754,253.7744312935963,432.28290390486836
55.94516452268981,-3.189573163859754,NE,55.945376654724164,-3.189361031825398,309.65377730896716,446.3997269790028
55.945376654724164,-3.189361031825398,NW,55.94558878675852,-3.189573163859754,309.65377730896716,445.1497269790028
55.94558878675852,-3.189573163859754,NW,55.94580091879288,-3.1897852958941098,396.0729683789893,476.6736683034758
55.94580091879288,-3.1897852958941098,WSW,55.945686113763166,-3.190062459753863,396.0729683789893,475.4236683034758
55.945686113763166,-3.190062459753863,WSW,55.945571308733456,-3.1903396236136166,396.0729683789893,474.1736683034758
55.945571308733456,-3.1903396236136166,WSW,55.945456503703745,-3.19061678747337,442.05986392269796,549.108915762663
55.945456503703745,-3.19061678747337,WSW,55.945341698674035,-3.1908939513331234,549.0703113457057,657.3768315042039
55.945341698674035,-3.1908939513331234,NNE,55.94561886253379,-3.190779146303414,549.0703113457057,656.1268315042039
55.94561886253379,-3.190779146303414,N,55.945918862533794,-3.190779146303414,575.286147520457,730.9240339067057
55.945918862533794,-3.190779146303414,WSW,55.945804057504084,-3.1910563101631673,575.286147520457,729.6740339067057
55.945804057504084,-3.1910563101631673,WSW,55.945689252474374,-3.1913334740229207,575.286147520457,728.4240339067057
55.945689252474374,-3.1913334740229207,WSW,55.94557444744466,-3.191610637882674,582.570535973748,734.2019840570673
55.94557444744466,-3.191610637882674,S,55.94527444744466,-3.191610637882674,689.8951765571155,745.1248241910976
55.94527444744466,-3.191610637882674,SSE,55.944997283584904,-3.1914958328529646,689.8951765571155,743.8748241910976
55.944997283584904,-3.1914958328529646,SSE,55.94472011972515,-3.191381027823255,775.2024896972566,744.987203857193
55.94472011972515,-3.191381027823255,ENE,55.94483492475486,-3.1911038639635017,874.1172074770949,770.1255182241134
55.94483492475486,-3.1911038639635017,ESE,55.94472011972515,-3.1908267001037482,945.2968467172198,875.8211021282966
55.94472011972515,-3.1908267001037482,ESE,55.94460531469544,-3.190549536243995,946.2143237631595,982.458625964989
55.94460531469544,-3.190549536243995,SW,55.94439318266108,-3.1907616682783506,946.2143237631595,981.208625964989
55.94439318266108,-3.1907616682783506,SW,55.944181050626725,-3.1909738003127064,1064.287960036787,1066.241325904835
55.944181050626725,-3.1909738003127064,SSW,55.94390388676697,-3.191088605342416,1064.287960036787,1064.991325904835
55.94390388676697,-3.191088605342416,S,55.943603886766965,-3.191088605342416,1102.5869352245072,1099.8216148885112
55.943603886766965,-3.191088605342416,SSW,55.94332672290721,-3.1912034103721254,1102.5869352245072,1098.5716148885112
55.94332672290721,-3.1912034103721254,SSW,55.94304955904745,-3.191318215401835,1180.3393264238048,1200.3868499048226
55.94304955904745,-3.191318215401835,E,55.94304955904745,-3.1910182154018347,1180.3393264238048,1199.1368499048226
55.94304955904745,-3.1910182154018347,E,55.94304955904745,-3.1907182154018345,1180.3393264238048,1197.8868499048226
55.94304955904745,-3.1907182154018345,E,55.94304955904745,-3.1904182154018343,1180.3393264238048,1196.6368499048226
55.94304955904745,-3.1904182154018343,E,55.94304955904745,-3.190118215401834,1180.3393264238048,1195.3868499048226
55.94304955904745,-3.190118215401834,E,55.94304955904745,-3.189818215401834,1180.3393264238048,1194.1368499048226
55.94304955904745,-3.189818215401834,E,55.94304955904745,-3.189518215401834,1180.3393264238048,1192.8868499048226
55.94304955904745,-3.189518215401834,E,55.94304955904745,-3.1892182154018336,1180.3393264238048,1191.6368499048226
55.94304955904745,-3.1892182154018336,ESE,55.94293475401774,-3.18894105154208,1259.8285435783735,1296.4366728866432
55.94293475401774,-3.18894105154208,NE,55.9431468860521,-3.1887289195077244,1323.8538052351037,1416.7240399426566
55.9431468860521,-3.1887289195077244,NNE,55.943424049911854,-3.188614114478015,1374.154970821748,1442.5642234153177
55.943424049911854,-3.188614114478015,ENE,55.943538854941565,-3.1883369506182615,1446.614028466477,1530.1080383320777
55.943538854941565,-3.1883369506182615,ENE,55.943653659971275,-3.188059786758508,1446.614028466477,1528.8580383320777
55.943653659971275,-3.188059786758508,ENE,55.943768465000986,-3.1877826228987547,1485.369772101674,1635.1910410787093
55.943768465000986,-3.1877826228987547,ENE,55.943883270030696,-3.1875054590390013,1485.369772101674,1633.9410410787093
55.943883270030696,-3.1875054590390013,E,55.943883270030696,-3.187205459039001,1571.97851151445,1755.2579679353862
55.943883270030696,-3.187205459039001,S,55.94358327003069,-3.187205459039001,1571.97851151445,1754.0079679353862
55.94358327003069,-3.187205459039001,SSE,55.94330610617094,-3.1870906540092916,1694.8092769577554,1765.4707229099204
55.94330610617094,-3.1870906540092916,SE,55.94309397413658,-3.186878521974936,1740.5979128598626,1802.0359216224876
55.94309397413658,-3.186878521974936,NE,55.94330610617094,-3.18666638994058,1740.5979128598626,1800.7859216224876
55.94330610617094,-3.18666638994058,ENE,55.94342091120065,-3.1863892260808266,1740.5979128598626,1799.5359216224876
55.94342091120065,-3.1863892260808266,NE,55.943633043235,-3.186177094046471,1740.5979128598626,1798.2859216224876
55.943633043235,-3.186177094046471,ENE,55.943747848264714,-3.1858999301867175,1740.5979128598626,1797.0359216224876
55.943747848264714,-3.1858999301867175,NE,55.94395998029907,-3.1856877981523617,1740.5979128598626,1795.7859216224876
55.94395998029907,-3.1856877981523617,ENE,55.94407478532878,-3.1854106342926083,1766.6277534467883,1881.1648503434592
55.94407478532878,-3.1854106342926083,NNE,55.94435194918854,-3.185295829262899,1814.435968937493,1893.6861632610862
55.94435194918854,-3.185295829262899,E,55.94435194918854,-3.1849958292628986,1908.395130833602,1918.9216420932944
55.94435194918854,-3.1849958292628986,SSE,55.94407478532878,-3.184881024233189,1977.7049392603992,1980.6042271618721
55.94407478532878,-3.184881024233189,ESE,55.94395998029907,-3.1846038603734357,1977.7049392603992,1979.3542271618721
55.94395998029907,-3.1846038603734357,SE,55.943747848264714,-3.18439172833908,1985.8998603604718,2091.383782997813
55.943747848264714,-3.18439172833908,SSW,55.94347068440496,-3.1845065333687894,1985.8998603604718,2090.133782997813
55.94347068440496,-3.1845065333687894,SSW,55.9431935205452,-3.184621338398499,1985.8998603604718,2088.883782997813
55.9431935205452,-3.184621338398499,S,55.9428935205452,-3.184621338398499,2048.774033765893,2177.536626932657
55.9428935205452,-3.184621338398499,WNW,55.94300832557491,-3.1848985022582523,2080.479112772335,2229.876095085216
55.94300832557491,-3.1848985022582523,NNW,55.943285489434665,-3.185013307287962,2080.479112772335,2228.626095085216
55.943285489434665,-3.185013307287962,NNW,55.94356265329442,-3.1851281123176713,2080.479112772335,2227.376095085216
55.94356265329442,-3.1851281123176713,NNW,55.94383981715418,-3.185242917347381,2080.479112772335,2226.126095085216
55.94383981715418,-3.185242917347381,NW,55.944051949188534,-3.1854550493817366,2080.479112772335,2224.876095085216
55.944051949188534,-3.1854550493817366,NNW,55.94432911304829,-3.185569854411446,2080.479112772335,2223.626095085216
55.94432911304829,-3.185569854411446,NW,55.94454124508265,-3.185781986445802,2189.444809965263,2336.745637601582
55.94454124508265,-3.185781986445802,WNW,55.94465605011236,-3.1860591503055553,2189.444809965263,2335.495637601582
55.94465605011236,-3.1860591503055553,WNW,55.94477085514207,-3.1863363141653087,2244.876870897643,2342.8033503643906
55.94477085514207,-3.1863363141653087,E,55.94477085514207,-3.1860363141653085,2244.876870897643,2341.5533503643906
55.94477085514207,-3.1860363141653085,E,55.94477085514207,-3.1857363141653083,2244.876870897643,2340.3033503643906
55.94477085514207,-3.1857363141653083,SE,55.94455872310771,-3.1855241821309526,2244.876870897643,2339.0533503643906
55.94455872310771,-3.1855241821309526,NNW,55.94483588696747,-3.185638987160662,2244.876870897643,2337.8033503643906
55.94483588696747,-3.185638987160662,NE,55.945048019001824,-3.1854268551263063,2244.876870897643,2336.5533503643906
55.945048019001824,-3.1854268551263063,E,55.945048019001824,-3.185126855126306,2244.876870897643,2335.3033503643906
55.945048019001824,-3.185126855126306,E,55.945048019001824,-3.184826855126306,2244.876870897643,2334.0533503643906
55.945048019001824,-3.184826855126306,E,55.945048019001824,-3.1845268551263057,2299.3492918522247,2356.785609296559
55.945048019001824,-3.1845268551263057,N,55.94534801900183,-3.1845268551263057,2299.3492918522247,2355.535609296559
55.94534801900183,-3.1845268551263057,N,55.94564801900183,-3.1845268551263057,2299.3492918522247,2354.285609296559
55.94564801900183,-3.1845268551263057,N,55.94594801900183,-3.1845268551263057,2397.6854709022427,2401.1233319136113
55.94594801900183,-3.1845268551263057,W,55.94594801900183,-3.184826855126306,2397.6854709022427,2399.8733319136113
55.94594801900183,-3.184826855126306,W,55.94594801900183,-3.185126855126306,2397.6854709022427,2398.6233319136113
55.94594801900183,-3.185126855126306,W,55.94594801900183,-3.1854268551263063,2397.6854709022427,2397.3733319136113
55.94594801900183,-3.1854268551263063,W,55.94594801900183,-3.1857268551263065,2397.6854709022427,2396.1233319136113
55.94594801900183,-3.1857268551263065,W,55.94594801900183,-3.1860268551263067,2397.6854709022427,2394.8733319136113
55.94594801900183,-3.1860268551263067,SW,55.945735886967476,-3.1862389871606625,2397.6854709022427,2393.6233319136113
55.945735886967476,-3.1862389871606625,SW,55.94552375493312,-3.1864511191950182,2397.6854709022427,2392.3733319136113
55.94552375493312,-3.1864511191950182,W,55.94552375493312,-3.1867511191950184,2397.6854709022427,2391.1233319136113
55.94552375493312,-3.1867511191950184,SW,55.945311622898764,-3.186963251229374,2397.6854709022427,2389.8733319136113
55.945311622898764,-3.186963251229374,W,55.945311622898764,-3.1872632512293744,2397.6854709022427,2388.6233319136113
55.945311622898764,-3.1872632512293744,W,55.945311622898764,-3.1875632512293746,2397.6854709022427,2387.3733319136113
55.945311622898764,-3.1875632512293746,WNW,55.945426427928474,-3.187840415089128,2397.6854709022427,2386.1233319136113
55.945426427928474,-3.187840415089128,W,55.945426427928474,-3.188140415089128,2520.9683686393237,2503.1763816335088
55.945426427928474,-3.188140415089128,E,55.945426427928474,-3.187840415089128,2520.9683686393237,2501.9263816335088
55.945426427928474,-3.187840415089128,W,55.945426427928474,-3.188140415089128,2520.9683686393237,2500.6763816335088
55.945426427928474,-3.188140415089128,E,55.945426427928474,-3.187840415089128,2520.9683686393237,2499.4263816335088
55.945426427928474,-3.187840415089128,W,55.945426427928474,-3.188140415089128,2520.9683686393237,2498.1763816335088
55.945426427928474,-3.188140415089128,E,55.945426427928474,-3.187840415089128,2520.9683686393237,2496.9263816335088
55.945426427928474,-3.187840415089128,W,55.945426427928474,-3.188140415089128,2520.9683686393237,2495.6763816335088
55.945426427928474,-3.188140415089128,E,55.945426427928474,-3.187840415089128,2520.9683686393237,2494.4263816335088
55.945426427928474,-3.187840415089128,W,55.945426427928474,-3.188140415089128,2520.9683686393237,2493.1763816335088
55.945426427928474,-3.188140415089128,E,55.945426427928474,-3.187840415089128,2520.9683686393237,2491.9263816335088
55.945426427928474,-3.187840415089128,W,55.945426427928474,-3.188140415089128,2520.9683686393237,2490.6763816335088
55.945426427928474,-3.188140415089128,E,55.945426427928474,-3.187840415089128,2520.9683686393237,2489.4263816335088
55.945426427928474,-3.187840415089128,W,55.945426427928474,-3.188140415089128,2520.9683686393237,2488.1763816335088
55.945426427928474,-3.188140415089128,E,55.945426427928474,-3.187840415089128,2520.9683686393237,2486.9263816335088
55.945426427928474,-3.187840415089128,W,55.945426427928474,-3.188140415089128,2520.9683686393237,2485.6763816335088
55.945426427928474,-3.188140415089128,E,55.945426427928474,-3.187840415089128,2520.9683686393237,2484.4263816335088
55.945426427928474,-3.187840415089128,W,55.945426427928474,-3.188140415089128,2520.9683686393237,2483.1763816335088
55.945426427928474,-3.188140415089128,E,55.945426427928474,-3.187840415089128,2520.9683686393237,2481.9263816335088
55.945426427928474,-3.187840415089128,W,55.945426427928474,-3.188140415089128,2520.9683686393237,2480.6763816335088
55.945426427928474,-3.188140415089128,E,55.945426427928474,-3.187840415089128,2520.9683686393237,2479.4263816335088
55.945426427928474,-3.187840415089128,W,55.945426427928474,-3.188140415089128,2520.9683686393237,2478.1763816335088
55.945426427928474,-3.188140415089128,E,55.945426427928474,-3.187840415089128,2520.9683686393237,2476.9263816335088
55.945426427928474,-3.187840415089128,W,55.945426427928474,-3.188140415089128,2520.9683686393237,2475.6763816335088
55.945426427928474,-3.188140415089128,E,55.945426427928474,-3.187840415089128,2520.9683686393237,2474.4263816335088
55.945426427928474,-3.187840415089128,W,55.945426427928474,-3.188140415089128,2520.9683686393237,2473.1763816335088
55.945426427928474,-3.188140415089128,E,55.945426427928474,-3.187840415089128,2520.9683686393237,2471.9263816335088
55.945426427928474,-3.187840415089128,W,55.945426427928474,-3.188140415089128,2520.9683686393237,2470.6763816335088
55.945426427928474,-3.188140415089128,E,55.945426427928474,-3.187840415089128,2520.9683686393237,2469.4263816335088
55.945426427928474,-3.187840415089128,W,55.945426427928474,-3.188140415089128,2520.9683686393237,2468.1763816335088
55.945426427928474,-3.188140415089128,E,55.945426427928474,-3.187840415089128,2520.9683686393237,2466.9263816335088
55.945426427928474,-3.187840415089128,W,55.945426427928474,-3.188140415089128,2520.9683686393237,2465.6763816335088
55.945426427928474,-3.188140415089128,E,55.945426427928474,-3.187840415089128,2520.9683686393237,2464.4263816335088
55.945426427928474,-3.187840415089128,W,55.945426427928474,-3.188140415089128,2520.9683686393237,2463.1763816335088
55.945426427928474,-3.188140415089128,E,55.945426427928474,-3.187840415089128,2520.9683686393237,2461.9263816335088
55.945426427928474,-3.187840415089128,W,55.945426427928474,-3.188140415089128,2520.9683686393237,2460.6763816335088
55.945426427928474,-3.188140415089128,E,55.945426427928474,-3.187840415089128,2520.9683686393237,2459.4263816335088
55.945426427928474,-3.187840415089128,W,55.945426427928474,-3.188140415089128,2520.9683686393237,2458.1763816335088
55.945426427928474,-3.188140415089128,E,55.945426427928474,-3.187840415089128,2520.9683686393237,2456.9263816335088
55.945426427928474,-3.187840415089128,W,55.945426427928474,-3.188140415089128,2520.9683686393237,2455.6763816335088
55.945426427928474,-3.188140415089128,E,55.945426427928474,-3.187840415089128,2520.9683686393237,2454.4263816335088
55.945426427928474,-3.187840415089128,W,55.945426427928474,-3.188140415089128,2520.9683686393237,2453.1763816335088
55.945426427928474,-3.188140415089128,E,55.945426427928474,-3.187840415089128,2520.9683686393237,2451.9263816335088
55.945426427928474,-3.187840415089128,W,55.945426427928474,-3.188140415089128,2520.9683686393237,2450.6763816335088
55.945426427928474,-3.188140415089128,E,55.945426427928474,-3.187840415089128,2520.9683686393237,2449.4263816335088
55.945426427928474,-3.187840415089128,W,55.945426427928474,-3.188140415089128,2520.9683686393237,2448.1763816335088
55.945426427928474,-3.188140415089128,E,55.945426427928474,-3.187840415089128,2520.9683686393237,2446.9263816335088
55.945426427928474,-3.187840415089128,W,55.945426427928474,-3.188140415089128,2520.9683686393237,2445.6763816335088
55.945426427928474,-3.188140415089128,E,55.945426427928474,-3.187840415089128,2520.9683686393237,2444.4263816335088
55.945426427928474,-3.187840415089128,W,55.945426427928474,-3.188140415089128,2520.9683686393237,2443.1763816335088
55.945426427928474,-3.188140415089128,E,55.945426427928474,-3.187840415089128,2520.9683686393237,2441.9263816335088
55.945426427928474,-3.187840415089128,W,55.945426427928474,-3.188140415089128,2520.9683686393237,2440.6763816335088
55.945426427928474,-3.188140415089128,E,55.945426427928474,-3.187840415089128,2520.9683686393237,2439.4263816335088
55.945426427928474,-3.187840415089128,W,55.945426427928474,-3.188140415089128,2520.9683686393237,2438.1763816335088
55.945426427928474,-3.188140415089128,E,55.945426427928474,-3.187840415089128,2520.9683686393237,2436.9263816335088
55.945426427928474,-3.187840415089128,W,55.945426427928474,-3.188140415089128,2520.9683686393237,2435.6763816335088
55.945426427928474,-3.188140415089128,E,55.945426427928474,-3.187840415089128,2520.9683686393237,2434.4263816335088
55.945426427928474,-3.187840415089128,W,55.945426427928474,-3.188140415089128,2520.9683686393237,2433.1763816335088
55.945426427928474,-3.188140415089128,E,55.945426427928474,-3.187840415089128,2520.9683686393237,2431.9263816335088
55.945426427928474,-3.187840415089128,W,55.945426427928474,-3.188140415089128,2520.9683686393237,2430.6763816335088
55.945426427928474,-3.188140415089128,E,55.945426427928474,-3.187840415089128,2520.9683686393237,2429.4263816335088
55.945426427928474,-3.187840415089128,W,55.945426427928474,-3.188140415089128,2520.9683686393237,2428.1763816335088
55.945426427928474,-3.188140415089128,E,55.945426427928474,-3.187840415089128,2520.9683686393237,2426.9263816335088
55.945426427928474,-3.187840415089128,W,55.945426427928474,-3.188140415089128,2520.9683686393237,2425.6763816335088
55.945426427928474,-3.188140415089128,E,55.945426427928474,-3.187840415089128,2520.9683686393237,2424.4263816335088
55.945426427928474,-3.187840415089128,W,55.945426427928474,-3.188140415089128,2520.9683686393237,2423.1763816335088
55.945426427928474,-3.188140415089128,E,55.945426427928474,-3.187840415089128,2520.9683686393237,2421.9263816335088
55.945426427928474,-3.187840415089128,W,55.945426427928474,-3.188140415089128,2520.9683686393237,2420.6763816335088
55.945426427928474,-3.188140415089128,E,55.945426427928474,-3.187840415089128,2520.9683686393237,2419.4263816335088
55.945426427928474,-3.187840415089128,W,55.945426427928474,-3.188140415089128,2520.9683686393237,2418.1763816335088
55.945426427928474,-3.188140415089128,E,55.945426427928474,-3.187840415089128,2520.9683686393237,2416.9263816335088
55.945426427928474,-3.187840415089128,W,55.945426427928474,-3.188140415089128,2520.9683686393237,2415.6763816335088
55.945426427928474,-3.188140415089128,E,55.945426427928474,-3.187840415089128,2520.9683686393237,2414.4263816335088
55.945426427928474,-3.187840415089128,W,55.945426427928474,-3.188140415089128,2520.9683686393237,2413.1763816335088
55.945426427928474,-3.188140415089128,E,55.945426427928474,-3.187840415089128,2520.9683686393237,2411.9263816335088
55.945426427928474,-3.187840415089128,W,55.945426427928474,-3.188140415089128,2520.9683686393237,2410.6763816335088
55.945426427928474,-3.188140415089128,E,55.945426427928474,-3.187840415089128,2520.9683686393237,2409.4263816335088
55.945426427928474,-3.187840415089128,W,55.945426427928474,-3.188140415089128,2520.9683686393237,2408.1763816335088
55.945426427928474,-3.188140415089128,E,55.945426427928474,-3.187840415089128,2520.9683686393237,2406.9263816335088
55.945426427928474,-3.187840415089128,W,55.945426427928474,-3.188140415089128,2520.9683686393237,2405.6763816335088
55.945426427928474,-3.188140415089128,E,55.945426427928474,-3.187840415089128,2520.9683686393237,2404.4263816335088
55.945426427928474,-3.187840415089128,W,55.945426427928474,-3.188140415089128,2520.9683686393237,2403.1763816335088
55.945426427928474,-3.188140415089128,E,55.945426427928474,-3.187840415089128,2520.9683686393237,2401.9263816335088
55.945426427928474,-3.187840415089128,W,55.945426427928474,-3.188140415089128,2520.9683686393237,2400.6763816335088
55.945426427928474,-3.188140415089128,E,55.945426427928474,-3.187840415089128,2520.9683686393237,2399.4263816335088
55.945426427928474,-3.187840415089128,W,55.945426427928474,-3.188140415089128,2520.9683686393237,2398.1763816335088
55.945426427928474,-3.188140415089128,E,55.945426427928474,-3.187840415089128,2520.9683686393237,2396.9263816335088
55.945426427928474,-3.187840415089128,W,55.945426427928474,-3.188140415089128,2520.9683686393237,2395.6763816335088
55.945426427928474,-3.188140415089128,E,55.945426427928474,-3.187840415089128,2520.9683686393237,2394.4263816335088
55.945426427928474,-3.187840415089128,W,55.945426427928474,-3.188140415089128,2520.9683686393237,2393.1763816335088
55.945426427928474,-3.188140415089128,E,55.945426427928474,-3.187840415089128,2520.9683686393237,2391.9263816335088
55.945426427928474,-3.187840415089128,W,55.945426427928474,-3.188140415089128,2520.9683686393237,2390.6763816335088
55.945426427928474,-3.188140415089128,E,55.945426427928474,-3.187840415089128,2520.9683686393237,2389.4263816335088
55.945426427928474,-3.187840415089128,W,55.945426427928474,-3.188140415089128,2520.9683686393237,2388.1763816335088
55.945426427928474,-3.188140415089128,E,55.945426427928474,-3.187840415089128,2520.9683686393237,2386.9263816335088
55.945426427928474,-3.187840415089128,W,55.945426427928474,-3.188140415089128,2520.9683686393237,2385.6763816335088
55.945426427928474,-3.188140415089128,E,55.945426427928474,-3.187840415089128,2520.9683686393237,2384.4263816335088
55.945426427928474,-3.187840415089128,W,55.945426427928474,-3.188140415089128,2520.9683686393237,2383.1763816335088
55.945426427928474,-3.188140415089128,E,55.945426427928474,-3.187840415089128,2520.9683686393237,2381.9263816335088
55.945426427928474,-3.187840415089128,W,55.945426427928474,-3.188140415089128,2520.9683686393237,2380.6763816335088
55.945426427928474,-3.188140415089128,E,55.945426427928474,-3.187840415089128,2520.9683686393237,2379.4263816335088
55.945426427928474,-3.187840415089128,W,55.945426427928474,-3.188140415089128,2520.9683686393237,2378.1763816335088
55.945426427928474,-3.188140415089128,E,55.945426427928474,-3.187840415089128,2520.9683686393237,2376.9263816335088
55.945426427928474,-3.187840415089128,W,55.945426427928474,-3.188140415089128,2520.9683686393237,2375.6763816335088
55.945426427928474,-3.188140415089128,E,55.945426427928474,-3.187840415089128,2520.9683686393237,2374.4263816335088
55.945426427928474,-3.187840415089128,W,55.945426427928474,-3.188140415089128,2520.9683686393237,2373.1763816335088
55.945426427928474,-3.188140415089128,E,55.945426427928474,-3.187840415089128,2520.9683686393237,2371.9263816335088
55.945426427928474,-3.187840415089128,W,55.945426427928474,-3.188140415089128,2520.9683686393237,2370.6763816335088
55.945426427928474,-3.188140415089128,E,55.945426427928474,-3.187840415089128,2520.9683686393237,2369.4263816335088
55.945426427928474,-3.187840415089128,W,55.945426427928474,-3.188140415089128,2520.9683686393237,2368.1763816335088
55.945426427928474,-3.188140415089128,E,55.945426427928474,-3.187840415089128,2520.9683686393237,2366.9263816335088
55.945426427928474,-3.187840415089128,W,55.945426427928474,-3.188140415089128,2520.9683686393237,2365.6763816335088
55.945426427928474,-3.188140415089128,E,55.945426427928474,-3.187840415089128,2520.9683686393237,2364.4263816335088
55.945426427928474,-3.187840415089128,W,55.945426427928474,-3.188140415089128,2520.9683686393237,2363.1763816335088
55.945426427928474,-3.188140415089128,E,55.945426427928474,-3.187840415089128,2520.9683686393237,2361.9263816335088
55.945426427928474,-3.187840415089128,W,55.945426427928474,-3.188140415089128,2520.9683686393237,2360.6763816335088
55.945426427928474,-3.188140415089128,E,55.945426427928474,-3.187840415089128,2520.9683686393237,2359.4263816335088
55.945426427928474,-3.187840415089128,W,55.945426427928474,-3.188140415089128,2520.9683686393237,2358.1763816335088
55.945426427928474,-3.188140415089128,E,55.945426427928474,-3.187840415089128,2520.9683686393237,2356.9263816335088
55.945426427928474,-3.187840415089128,W,55.945426427928474,-3.188140415089128,2520.9683686393237,2355.6763816335088
55.945426427928474,-3.188140415089128,E,55.945426427928474,-3.187840415089128,2520.9683686393237,2354.4263816335088
55.945426427928474,-3.187840415089128,W,55.945426427928474,-3.188140415089128,2520.9683686393237,2353.1763816335088
55.945426427928474,-3.188140415089128,E,55.945426427928474,-3.187840415089128,2520.9683686393237,2351.9263816335088
55.945426427928474,-3.187840415089128,W,55.945426427928474,-3.188140415089128,2520.9683686393237,2350.6763816335088
55.945426427928474,-3.188140415089128,E,55.945426427928474,-3.187840415089128,2520.9683686393237,2349.4263816335088
55.945426427928474,-3.187840415089128,W,55.945426427928474,-3.188140415089128,2520.9683686393237,2348.1763816335088
55.945426427928474,-3.188140415089128,E,55.945426427928474,-3.187840415089128,2520.9683686393237,2346.9263816335088
55.945426427928474,-3.187840415089128,W,55.945426427928474,-3.188140415089128,2520.9683686393237,2345.6763816335088
55.945426427928474,-3.188140415089128,E,55.945426427928474,-3.187840415089128,2520.9683686393237,2344.4263816335088
55.945426427928474,-3.187840415089128,W,55.945426427928474,-3.188140415089128,2520.9683686393237,2343.1763816335088
55.945426427928474,-3.188140415089128,E,55.945426427928474,-3.187840415089128,2520.9683686393237,2341.9263816335088
55.945426427928474,-3.187840415089128,W,55.945426427928474,-3.188140415089128,2520.9683686393237,2340.6763816335088
55.945426427928474,-3.188140415089128,E,55.945426427928474,-3.187840415089128,2520.9683686393237,2339.4263816335088
55.945426427928474,-3.187840415089128,W,55.945426427928474,-3.188140415089128,2520.9683686393237,2338.1763816335088
55.945426427928474,-3.188140415089128,E,55.945426427928474,-3.187840415089128,2520.9683686393237,2336.9263816335088
55.945426427928474,-3.187840415089128,W,55.945426427928474,-3.188140415089128,2520.9683686393237,2335.6763816335088
55.945426427928474,-3.188140415089128,E,55.945426427928474,-3.187840415089128,2520.9683686393237,2334.4263816335088
55.945426427928474,-3.187840415089128,W,55.945426427928474,-3.188140415089128,2520.9683686393237,2333.1763816335088
55.945426427928474,-3.188140415089128,E,55.945426427928474,-3.187840415089128,2520.9683686393237,2331.9263816335088
55.945426427928474,-3.187840415089128,W,55.945426427928474,-3.188140415089128,2520.9683686393237,2330.6763816335088
55.945426427928474,-3.188140415089128,E,55.945426427928474,-3.187840415089128,2520.9683686393237,2329.4263816335088
55.945426427928474,-3.187840415089128,W,55.945426427928474,-3.188140415089128,2520.9683686393237,2328.1763816335088
55.945426427928474,-3.188140415089128,E,55.945426427928474,-3.187840415089128,2520.9683686393237,2326.9263816335088
55.945426427928474,-3.187840415089128,W,55.945426427928474,-3.188140415089128,2520.9683686393237,2325.6763816335088
55.945426427928474,-3.188140415089128,E,55.945426427928474,-3.187840415089128,2520.9683686393237,2324.4263816335088
55.945426427928474,-3.187840415089128,W,55.945426427928474,-3.188140415089128,2520.9683686393237,2323.1763816335088
55.945426427928474,-3.188140415089128,E,55.945426427928474,-3.187840415089128,2520.9683686393237,2321.9263816335088
55.945426427928474,-3.187840415089128,W,55.945426427928474,-3.188140415089128,2520.9683686393237,2320.6763816335088
55.945426427928474,-3.188140415089128,E,55.945426427928474,-3.187840415089128,2520.9683686393237,2319.4263816335088
55.945426427928474,-3.187840415089128,W,55.945426427928474,-3.188140415089128,2520.9683686393237,2318.1763816335088
55.945426427928474,-3.188140415089128,E,55.945426427928474,-3.187840415089128,2520.9683686393237,2316.9263816335088
55.945426427928474,-3.187840415089128,W,55.945426427928474,-3.188140415089128,2520.9683686393237,2315.6763816335088
55.945426427928474,-3.188140415089128,E,55.945426427928474,-3.187840415089128,2520.9683686393237,2314.4263816335088
55.945426427928474,-3.187840415089128,W,55.945426427928474,-3.188140415089128,2520.9683686393237,2313.1763816335088
55.945426427928474,-3.188140415089128,E,55.945426427928474,-3.187840415089128,2520.9683686393237,2311.9263816335088
55.945426427928474,-3.187840415089128,W,55.945426427928474,-3.188140415089128,2520.9683686393237,2310.6763816335088
