55.944425,-3.188396,SSE,55.944147836140246,-3.1882811949702905,0.0,248.75
55.944147836140246,-3.1882811949702905,SSE,55.94387067228049,-3.188166389940581,37.80117619306272,319.85941373333026
55.94387067228049,-3.188166389940581,SSE,55.94359350842073,-3.1880515849108715,37.80117619306272,318.60941373333026
55.94359350842073,-3.1880515849108715,SE,55.94338137638638,-3.1878394528765157,69.03779684187035,346.8465038916119
55.94338137638638,-3.1878394528765157,SSE,55.94310421252662,-3.187724647846806,69.03779684187035,345.5965038916119
55.94310421252662,-3.187724647846806,SE,55.942892080492264,-3.1875125158124504,81.61583420510831,432.0495032497906
55.942892080492264,-3.1875125158124504,NE,55.94310421252662,-3.1873003837780947,81.61583420510831,430.7995032497906
55.94310421252662,-3.1873003837780947,NE,55.94331634456098,-3.187088251743739,139.12584357662124,488.7526703371962
55.94331634456098,-3.187088251743739,NE,55.94352847659533,-3.186876119709383,139.12584357662124,487.5026703371962
55.94352847659533,-3.186876119709383,ENE,55.94364328162504,-3.1865989558496297,219.64763882404918,583.7786162322955
55.94364328162504,-3.1865989558496297,NW,55.9438554136594,-3.1868110878839855,219.64763882404918,582.5286162322955
55.9438554136594,-3.1868110878839855,NW,55.944067545693756,-3.1870232199183413,284.41589917149247,690.3837211685745
55.944067545693756,-3.1870232199183413,NW,55.94427967772811,-3.187235351952697,313.8411463016811,690.7169465958435
55.94427967772811,-3.187235351952697,E,55.94427967772811,-3.186935351952697,313.8411463016811,689.4669465958435
55.94427967772811,-3.186935351952697,E,55.94427967772811,-3.1866353519526966,337.9930320372164,740.1014704977838
55.94427967772811,-3.1866353519526966,NE,55.94449180976247,-3.186423219918341,337.9930320372164,738.8514704977838
55.94449180976247,-3.186423219918341,ENE,55.94460661479218,-3.1861460560585875,399.5086114567657,855.0541073517418
55.94460661479218,-3.1861460560585875,E,55.94460661479218,-3.1858460560585873,518.5511954649081,869.0090607010561
55.94460661479218,-3.1858460560585873,NE,55.944818746826535,-3.1856339240242315,518.5511954649081,867.7590607010561
55.944818746826535,-3.1856339240242315,NE,55.94503087886089,-3.1854217919898757,582.1063497129983,942.2736657196391
55.94503087886089,-3.1854217919898757,NNW,55.94530804272065,-3.1855365970195852,666.6844983299404,1030.3837878257239
55.94530804272065,-3.1855365970195852,SE,55.94509591068629,-3.1853244649852295,666.6844983299404,1029.1337878257239
55.94509591068629,-3.1853244649852295,SE,55.944883778651935,-3.1851123329508737,699.4886070522572,1101.0730387247922
55.944883778651935,-3.1851123329508737,SE,55.94467164661758,-3.184900200916518,699.4886070522572,1099.8230387247922
55.94467164661758,-3.184900200916518,SE,55.94445951458322,-3.184688068882162,699.4886070522572,1098.5730387247922
55.94445951458322,-3.184688068882162,SSE,55.944182350723466,-3.1845732638524527,760.7444700827075,1157.479391786923
55.944182350723466,-3.1845732638524527,S,55.94388235072346,-3.1845732638524527,760.7444700827075,1156.229391786923
55.94388235072346,-3.1845732638524527,S,55.94358235072346,-3.1845732638524527,774.4065700127057,1220.7026845849302
55.94358235072346,-3.1845732638524527,SSE,55.943305186863704,-3.184458458822743,774.4065700127057,1219.4526845849302
55.943305186863704,-3.184458458822743,SSE,55.94302802300395,-3.1843436537930336,810.7331877432632,1234.4867798774555
55.94302802300395,-3.1843436537930336,N,55.94332802300395,-3.1843436537930336,880.7979462923788,1323.4647775466328
55.94332802300395,-3.1843436537930336,W,55.94332802300395,-3.184643653793034,880.7979462923788,1322.2147775466328
55.94332802300395,-3.184643653793034,W,55.94332802300395,-3.184943653793034,880.7979462923788,1320.9647775466328
55.94332802300395,-3.184943653793034,W,55.94332802300395,-3.185243653793034,880.7979462923788,1319.7147775466328
55.94332802300395,-3.185243653793034,W,55.94332802300395,-3.1855436537930344,891.3223525691301,1350.3868489514223
55.94332802300395,-3.1855436537930344,WSW,55.94321321797424,-3.185820817652788,891.3223525691301,1349.1368489514223
55.94321321797424,-3.185820817652788,WSW,55.94309841294453,-3.186097981512541,975.789155983521,1431.5427022346594
55.94309841294453,-3.186097981512541,NNW,55.943375576804286,-3.1862127865422507,975.789155983521,1430.2927022346594
55.943375576804286,-3.1862127865422507,NNW,55.94365274066404,-3.18632759157196,975.789155983521,1429.0427022346594
55.94365274066404,-3.18632759157196,NNW,55.9439299045238,-3.1864423966016697,975.789155983521,1427.7927022346594
55.9439299045238,-3.1864423966016697,NNW,55.944207068383555,-3.1865572016313792,975.789155983521,1426.5427022346594
55.944207068383555,-3.1865572016313792,NNW,55.94448423224331,-3.1866720066610887,975.789155983521,1425.2927022346594
55.94448423224331,-3.1866720066610887,NNW,55.94476139610307,-3.1867868116907982,975.789155983521,1424.0427022346594
55.94476139610307,-3.1867868116907982,NNW,55.945038559962825,-3.1869016167205078,975.789155983521,1422.7927022346594
55.945038559962825,-3.1869016167205078,NNW,55.94531572382258,-3.1870164217502173,1081.2288947318723,1451.0423523586805
55.94531572382258,-3.1870164217502173,W,55.94531572382258,-3.1873164217502175,1081.2288947318723,1449.7923523586805
55.94531572382258,-3.1873164217502175,W,55.94531572382258,-3.1876164217502176,1081.2288947318723,1448.5423523586805
55.94531572382258,-3.1876164217502176,WSW,55.94520091879287,-3.187893585609971,1081.2288947318723,1447.2923523586805
55.94520091879287,-3.187893585609971,WSW,55.94508611376316,-3.1881707494697245,1081.2288947318723,1446.0423523586805
55.94508611376316,-3.1881707494697245,WNW,55.94520091879287,-3.188447913329478,1081.2288947318723,1444.7923523586805
55.94520091879287,-3.188447913329478,WNW,55.94531572382258,-3.1887250771892313,1081.2288947318723,1443.5423523586805
55.94531572382258,-3.1887250771892313,WNW,55.94543052885229,-3.1890022410489847,1081.2288947318723,1442.2923523586805
55.94543052885229,-3.1890022410489847,WNW,55.945545333882,-3.189279404908738,1172.202733780439,1520.189294317439
55.945545333882,-3.189279404908738,SSW,55.945268170022246,-3.1893942099384476,1172.202733780439,1518.939294317439
55.945268170022246,-3.1893942099384476,SSW,55.94499100616249,-3.189509014968157,1172.202733780439,1517.689294317439
55.94499100616249,-3.189509014968157,SSW,55.94471384230273,-3.1896238199978666,1200.3934026862175,1576.6085899469626
55.94471384230273,-3.1896238199978666,W,55.94471384230273,-3.189923819997867,1244.4672180664086,1605.0441330755511
55.94471384230273,-3.189923819997867,SSE,55.944436678442976,-3.1898090149681573,1244.4672180664086,1603.7941330755511
55.944436678442976,-3.1898090149681573,SSE,55.94415951458322,-3.1896942099384478,1244.4672180664086,1602.5441330755511
55.94415951458322,-3.1896942099384478,SSE,55.94388235072346,-3.1895794049087383,1244.4672180664086,1601.2941330755511
55.94388235072346,-3.1895794049087383,S,55.94358235072346,-3.1895794049087383,1281.9834719800153,1682.4338983919083
55.94358235072346,-3.1895794049087383,SE,55.943370218689104,-3.1893672728743825,1281.9834719800153,1681.1838983919083
55.943370218689104,-3.1893672728743825,SSE,55.94309305482935,-3.189252467844673,1319.1636196975749,1726.8683770265006
55.94309305482935,-3.189252467844673,ENE,55.94320785985906,-3.1889753039849196,1319.1636196975749,1725.6183770265006
55.94320785985906,-3.1889753039849196,ENE,55.94332266488877,-3.188698140125166,1321.3481673769097,1774.1279830789913
55.94332266488877,-3.188698140125166,W,55.94332266488877,-3.1889981401251664,1321.3481673769097,1772.8779830789913
55.94332266488877,-3.1889981401251664,WSW,55.94320785985906,-3.1892753039849198,1321.3481673769097,1771.6279830789913
55.94320785985906,-3.1892753039849198,W,55.94320785985906,-3.18957530398492,1321.3481673769097,1770.3779830789913
55.94320785985906,-3.18957530398492,WNW,55.94332266488877,-3.1898524678446734,1321.3481673769097,1769.1279830789913
55.94332266488877,-3.1898524678446734,W,55.94332266488877,-3.1901524678446735,1321.3481673769097,1767.8779830789913
55.94332266488877,-3.1901524678446735,WSW,55.94320785985906,-3.190429631704427,1321.3481673769097,1766.6279830789913
55.94320785985906,-3.190429631704427,W,55.94320785985906,-3.190729631704427,1321.3481673769097,1765.3779830789913
55.94320785985906,-3.190729631704427,WSW,55.94309305482935,-3.1910067955641805,1321.3481673769097,1764.1279830789913
55.94309305482935,-3.1910067955641805,SW,55.94288092279499,-3.1912189275985363,1321.3481673769097,1762.8779830789913
55.94288092279499,-3.1912189275985363,WSW,55.94276611776528,-3.1914960914582897,1321.3481673769097,1761.6279830789913
55.94276611776528,-3.1914960914582897,W,55.94276611776528,-3.19179609145829,1322.7604138819156,1833.114405252637
55.94276611776528,-3.19179609145829,NNW,55.94304328162504,-3.1919108964879994,1322.7604138819156,1831.864405252637
55.94304328162504,-3.1919108964879994,NNW,55.943320445484794,-3.192025701517709,1322.7604138819156,1830.614405252637
55.943320445484794,-3.192025701517709,NNW,55.94359760934455,-3.1921405065474184,1387.5780992050188,1875.3015760045514
55.94359760934455,-3.1921405065474184,NNW,55.94387477320431,-3.192255311577128,1387.5780992050188,1874.0515760045514
55.94387477320431,-3.192255311577128,N,55.94417477320431,-3.192255311577128,1387.5780992050188,1872.8015760045514
55.94417477320431,-3.192255311577128,NNW,55.944451937064066,-3.1923701166068374,1387.5780992050188,1871.5515760045514
55.944451937064066,-3.1923701166068374,N,55.94475193706407,-3.1923701166068374,1420.4827722667492,1953.0334429220393
55.94475193706407,-3.1923701166068374,N,55.94505193706407,-3.1923701166068374,1485.3090719446511,2031.9028032401854
55.94505193706407,-3.1923701166068374,NNE,55.94532910092383,-3.192255311577128,1487.933788824259,2146.264990578178
55.94532910092383,-3.192255311577128,N,55.94562910092383,-3.192255311577128,1556.7483445418184,2259.021449213269
55.94562910092383,-3.192255311577128,ESE,55.94551429589412,-3.1919781477173745,1556.7483445418184,2257.771449213269
55.94551429589412,-3.1919781477173745,SE,55.945302163859765,-3.1917660156830188,1639.584457318994,2273.4157228030267
55.945302163859765,-3.1917660156830188,ENE,55.945416968889475,-3.1914888518232654,1639.584457318994,2272.1657228030267
55.945416968889475,-3.1914888518232654,E,55.945416968889475,-3.191188851823265,1746.9968139480643,2296.0179255827825
55.945416968889475,-3.191188851823265,NNE,55.94569413274923,-3.1910740467935557,1780.504540808448,2373.6758885002414
55.94569413274923,-3.1910740467935557,E,55.94569413274923,-3.1907740467935555,1780.504540808448,2372.4258885002414
55.94569413274923,-3.1907740467935555,E,55.94569413274923,-3.1904740467935553,1780.504540808448,2371.1758885002414
55.94569413274923,-3.1904740467935553,E,55.94569413274923,-3.190174046793555,1780.504540808448,2369.9258885002414
55.94569413274923,-3.190174046793555,E,55.94569413274923,-3.189874046793555,1780.504540808448,2368.6758885002414
55.94569413274923,-3.189874046793555,E,55.94569413274923,-3.1895740467935547,1780.504540808448,2367.4258885002414
55.94569413274923,-3.1895740467935547,E,55.94569413274923,-3.1892740467935545,1780.504540808448,2366.1758885002414
55.94569413274923,-3.1892740467935545,ESE,55.94557932771952,-3.188996882933801,1780.504540808448,2364.9258885002414
55.94557932771952,-3.188996882933801,E,55.94557932771952,-3.188696882933801,1780.504540808448,2363.6758885002414
55.94557932771952,-3.188696882933801,SE,55.945367195685165,-3.188484750899445,1780.504540808448,2362.4258885002414
55.945367195685165,-3.188484750899445,SSE,55.94509003182541,-3.1883699458697357,1780.504540808448,2361.1758885002414
55.94509003182541,-3.1883699458697357,E,55.94509003182541,-3.1880699458697355,1780.504540808448,2359.9258885002414
55.94509003182541,-3.1880699458697355,ENE,55.94520483685512,-3.187792782009982,1780.504540808448,2358.6758885002414
55.94520483685512,-3.187792782009982,ENE,55.94531964188483,-3.1875156181502287,1780.504540808448,2357.4258885002414
55.94531964188483,-3.1875156181502287,ENE,55.94543444691454,-3.1872384542904753,1780.504540808448,2356.1758885002414
55.94543444691454,-3.1872384542904753,E,55.94543444691454,-3.186938454290475,1780.504540808448,2354.9258885002414
55.94543444691454,-3.186938454290475,ENE,55.94554925194425,-3.1866612904307217,1780.504540808448,2353.6758885002414
55.94554925194425,-3.1866612904307217,N,55.94584925194425,-3.1866612904307217,1780.504540808448,2352.4258885002414
55.94584925194425,-3.1866612904307217,E,55.94584925194425,-3.1863612904307215,1780.504540808448,2351.1758885002414
55.94584925194425,-3.1863612904307215,E,55.94584925194425,-3.1860612904307213,1780.504540808448,2349.9258885002414
55.94584925194425,-3.1860612904307213,E,55.94584925194425,-3.185761290430721,1780.504540808448,2348.6758885002414
55.94584925194425,-3.185761290430721,E,55.94584925194425,-3.185461290430721,1780.504540808448,2347.4258885002414
55.94584925194425,-3.185461290430721,E,55.94584925194425,-3.1851612904307207,1780.504540808448,2346.1758885002414
55.94584925194425,-3.1851612904307207,E,55.94584925194425,-3.1848612904307205,1780.504540808448,2344.9258885002414
55.94584925194425,-3.1848612904307205,ENE,55.94596405697396,-3.184584126570967,1873.710800900977,2372.5853374893077
55.94596405697396,-3.184584126570967,WSW,55.94584925194425,-3.1848612904307205,1873.710800900977,2371.3353374893077
55.94584925194425,-3.1848612904307205,ENE,55.94596405697396,-3.184584126570967,1873.710800900977,2370.0853374893077
55.94596405697396,-3.184584126570967,WSW,55.94584925194425,-3.1848612904307205,1873.710800900977,2368.8353374893077
55.94584925194425,-3.1848612904307205,ENE,55.94596405697396,-3.184584126570967,1873.710800900977,2367.5853374893077
55.94596405697396,-3.184584126570967,WSW,55.94584925194425,-3.1848612904307205,1873.710800900977,2366.3353374893077
55.94584925194425,-3.1848612904307205,ENE,55.94596405697396,-3.184584126570967,1873.710800900977,2365.0853374893077
55.94596405697396,-3.184584126570967,WSW,55.94584925194425,-3.1848612904307205,1873.710800900977,2363.8353374893077
55.94584925194425,-3.1848612904307205,ENE,55.94596405697396,-3.184584126570967,1873.710800900977,2362.5853374893077
55.94596405697396,-3.184584126570967,WSW,55.94584925194425,-3.1848612904307205,1873.710800900977,2361.3353374893077
55.94584925194425,-3.1848612904307205,ENE,55.94596405697396,-3.184584126570967,1873.710800900977,2360.0853374893077
55.94596405697396,-3.184584126570967,WSW,55.94584925194425,-3.1848612904307205,1873.710800900977,2358.8353374893077
55.94584925194425,-3.1848612904307205,ENE,55.94596405697396,-3.184584126570967,1873.710800900977,2357.5853374893077
55.94596405697396,-3.184584126570967,WSW,55.94584925194425,-3.1848612904307205,1873.710800900977,2356.3353374893077
55.94584925194425,-3.1848612904307205,ENE,55.94596405697396,-3.184584126570967,1873.710800900977,2355.0853374893077
55.94596405697396,-3.184584126570967,WSW,55.94584925194425,-3.1848612904307205,1873.710800900977,2353.8353374893077
55.94584925194425,-3.1848612904307205,ENE,55.94596405697396,-3.184584126570967,1873.710800900977,2352.5853374893077
55.94596405697396,-3.184584126570967,WSW,55.94584925194425,-3.1848612904307205,1873.710800900977,2351.3353374893077
55.94584925194425,-3.1848612904307205,ENE,55.94596405697396,-3.184584126570967,1873.710800900977,2350.0853374893077
55.94596405697396,-3.184584126570967,WSW,55.94584925194425,-3.1848612904307205,1873.710800900977,2348.8353374893077
55.94584925194425,-3.1848612904307205,ENE,55.94596405697396,-3.184584126570967,1873.710800900977,2347.5853374893077
55.94596405697396,-3.184584126570967,WSW,55.94584925194425,-3.1848612904307205,1873.710800900977,2346.3353374893077
55.94584925194425,-3.1848612904307205,ENE,55.94596405697396,-3.184584126570967,1873.710800900977,2345.0853374893077
55.94596405697396,-3.184584126570967,WSW,55.94584925194425,-3.1848612904307205,1873.710800900977,2343.8353374893077
55.94584925194425,-3.1848612904307205,ENE,55.94596405697396,-3.184584126570967,1873.710800900977,2342.5853374893077
55.94596405697396,-3.184584126570967,WSW,55.94584925194425,-3.1848612904307205,1873.710800900977,2341.3353374893077
55.94584925194425,-3.1848612904307205,ENE,55.94596405697396,-3.184584126570967,1873.710800900977,2340.0853374893077
55.94596405697396,-3.184584126570967,WSW,55.94584925194425,-3.1848612904307205,1873.710800900977,2338.8353374893077
55.94584925194425,-3.1848612904307205,ENE,55.94596405697396,-3.184584126570967,1873.710800900977,2337.5853374893077
55.94596405697396,-3.184584126570967,WSW,55.94584925194425,-3.1848612904307205,1873.710800900977,2336.3353374893077
55.94584925194425,-3.1848612904307205,ENE,55.94596405697396,-3.184584126570967,1873.710800900977,2335.0853374893077
55.94596405697396,-3.184584126570967,WSW,55.94584925194425,-3.1848612904307205,1873.710800900977,2333.8353374893077
55.94584925194425,-3.1848612904307205,ENE,55.94596405697396,-3.184584126570967,1873.710800900977,2332.5853374893077
55.94596405697396,-3.184584126570967,WSW,55.94584925194425,-3.1848612904307205,1873.710800900977,2331.3353374893077
55.94584925194425,-3.1848612904307205,ENE,55.94596405697396,-3.184584126570967,1873.710800900977,2330.0853374893077
55.94596405697396,-3.184584126570967,WSW,55.94584925194425,-3.1848612904307205,1873.710800900977,2328.8353374893077
55.94584925194425,-3.1848612904307205,ENE,55.94596405697396,-3.184584126570967,1873.710800900977,2327.5853374893077
55.94596405697396,-3.184584126570967,WSW,55.94584925194425,-3.1848612904307205,1873.710800900977,2326.3353374893077
55.94584925194425,-3.1848612904307205,ENE,55.94596405697396,-3.184584126570967,1873.710800900977,2325.0853374893077
55.94596405697396,-3.184584126570967,WSW,55.94584925194425,-3.1848612904307205,1873.710800900977,2323.8353374893077
55.94584925194425,-3.1848612904307205,ENE,55.94596405697396,-3.184584126570967,1873.710800900977,2322.5853374893077
55.94596405697396,-3.184584126570967,WSW,55.94584925194425,-3.1848612904307205,1873.710800900977,2321.3353374893077
55.94584925194425,-3.1848612904307205,ENE,55.94596405697396,-3.184584126570967,1873.710800900977,2320.0853374893077
55.94596405697396,-3.184584126570967,WSW,55.94584925194425,-3.1848612904307205,1873.710800900977,2318.8353374893077
55.94584925194425,-3.1848612904307205,ENE,55.94596405697396,-3.184584126570967,1873.710800900977,2317.5853374893077
55.94596405697396,-3.184584126570967,WSW,55.94584925194425,-3.1848612904307205,1873.710800900977,2316.3353374893077
55.94584925194425,-3.1848612904307205,ENE,55.94596405697396,-3.184584126570967,1873.710800900977,2315.0853374893077
55.94596405697396,-3.184584126570967,WSW,55.94584925194425,-3.1848612904307205,1873.710800900977,2313.8353374893077
55.94584925194425,-3.1848612904307205,ENE,55.94596405697396,-3.184584126570967,1873.710800900977,2312.5853374893077
55.94596405697396,-3.184584126570967,WSW,55.94584925194425,-3.1848612904307205,1873.710800900977,2311.3353374893077
55.94584925194425,-3.1848612904307205,ENE,55.94596405697396,-3.184584126570967,1873.710800900977,2310.0853374893077
55.94596405697396,-3.184584126570967,WSW,55.94584925194425,-3.1848612904307205,1873.710800900977,2308.8353374893077
55.94584925194425,-3.1848612904307205,ENE,55.94596405697396,-3.184584126570967,1873.710800900977,2307.5853374893077
55.94596405697396,-3.184584126570967,WSW,55.94584925194425,-3.1848612904307205,1873.710800900977,2306.3353374893077
55.94584925194425,-3.1848612904307205,ENE,55.94596405697396,-3.184584126570967,1873.710800900977,2305.0853374893077
55.94596405697396,-3.184584126570967,WSW,55.94584925194425,-3.1848612904307205,1873.710800900977,2303.8353374893077
55.94584925194425,-3.1848612904307205,ENE,55.94596405697396,-3.184584126570967,1873.710800900977,2302.5853374893077
55.94596405697396,-3.184584126570967,WSW,55.94584925194425,-3.1848612904307205,1873.710800900977,2301.3353374893077
55.94584925194425,-3.1848612904307205,ENE,55.94596405697396,-3.184584126570967,1873.710800900977,2300.0853374893077
55.94596405697396,-3.184584126570967,WSW,55.94584925194425,-3.1848612904307205,1873.710800900977,2298.8353374893077
55.94584925194425,-3.1848612904307205,ENE,55.94596405697396,-3.184584126570967,1873.710800900977,2297.5853374893077
55.94596405697396,-3.184584126570967,WSW,55.94584925194425,-3.1848612904307205,1873.710800900977,2296.3353374893077
55.94584925194425,-3.1848612904307205,ENE,55.94596405697396,-3.184584126570967,1873.710800900977,2295.0853374893077
55.94596405697396,-3.184584126570967,WSW,55.94584925194425,-3.1848612904307205,1873.710800900977,2293.8353374893077
55.94584925194425,-3.1848612904307205,ENE,55.94596405697396,-3.184584126570967,1873.710800900977,2292.5853374893077
55.94596405697396,-3.184584126570967,WSW,55.94584925194425,-3.1848612904307205,1873.710800900977,2291.3353374893077
55.94584925194425,-3.1848612904307205,ENE,55.94596405697396,-3.184584126570967,1873.710800900977,2290.0853374893077
55.94596405697396,-3.184584126570967,WSW,55.94584925194425,-3.1848612904307205,1873.710800900977,2288.8353374893077
55.94584925194425,-3.1848612904307205,ENE,55.94596405697396,-3.184584126570967,1873.710800900977,2287.5853374893077
55.94596405697396,-3.184584126570967,WSW,55.94584925194425,-3.1848612904307205,1873.710800900977,2286.3353374893077
55.94584925194425,-3.1848612904307205,ENE,55.94596405697396,-3.184584126570967,1873.710800900977,2285.0853374893077
55.94596405697396,-3.184584126570967,WSW,55.94584925194425,-3.1848612904307205,1873.710800900977,2283.8353374893077
55.94584925194425,-3.1848612904307205,ENE,55.94596405697396,-3.184584126570967,1873.710800900977,2282.5853374893077
55.94596405697396,-3.184584126570967,WSW,55.94584925194425,-3.1848612904307205,1873.710800900977,2281.3353374893077
55.94584925194425,-3.1848612904307205,ENE,55.94596405697396,-3.184584126570967,1873.710800900977,2280.0853374893077
55.94596405697396,-3.184584126570967,WSW,55.94584925194425,-3.1848612904307205,1873.710800900977,2278.8353374893077
55.94584925194425,-3.1848612904307205,ENE,55.94596405697396,-3.184584126570967,1873.710800900977,2277.5853374893077
55.94596405697396,-3.184584126570967,WSW,55.94584925194425,-3.1848612904307205,1873.710800900977,2276.3353374893077
55.94584925194425,-3.1848612904307205,ENE,55.94596405697396,-3.184584126570967,1873.710800900977,2275.0853374893077
55.94596405697396,-3.184584126570967,WSW,55.94584925194425,-3.1848612904307205,1873.710800900977,2273.8353374893077
55.94584925194425,-3.1848612904307205,ENE,55.94596405697396,-3.184584126570967,1873.710800900977,2272.5853374893077
55.94596405697396,-3.184584126570967,WSW,55.94584925194425,-3.1848612904307205,1873.710800900977,2271.3353374893077
55.94584925194425,-3.1848612904307205,ENE,55.94596405697396,-3.184584126570967,1873.710800900977,2270.0853374893077
55.94596405697396,-3.184584126570967,WSW,55.94584925194425,-3.1848612904307205,1873.710800900977,2268.8353374893077
55.94584925194425,-3.1848612904307205,ENE,55.94596405697396,-3.184584126570967,1873.710800900977,2267.5853374893077
55.94596405697396,-3.184584126570967,WSW,55.94584925194425,-3.1848612904307205,1873.710800900977,2266.3353374893077
55.94584925194425,-3.1848612904307205,ENE,55.94596405697396,-3.184584126570967,1873.710800900977,2265.0853374893077
55.94596405697396,-3.184584126570967,WSW,55.94584925194425,-3.1848612904307205,1873.710800900977,2263.8353374893077
55.94584925194425,-3.1848612904307205,ENE,55.94596405697396,-3.184584126570967,1873.710800900977,2262.5853374893077
55.94596405697396,-3.184584126570967,WSW,55.94584925194425,-3.1848612904307205,1873.710800900977,2261.3353374893077
55.94584925194425,-3.1848612904307205,ENE,55.94596405697396,-3.184584126570967,1873.710800900977,2260.0853374893077
55.94596405697396,-3.184584126570967,WSW,55.94584925194425,-3.1848612904307205,1873.710800900977,2258.8353374893077
55.94584925194425,-3.1848612904307205,ENE,55.94596405697396,-3.184584126570967,1873.710800900977,2257.5853374893077
55.94596405697396,-3.184584126570967,WSW,55.94584925194425,-3.1848612904307205,1873.710800900977,2256.3353374893077
55.94584925194425,-3.1848612904307205,ENE,55.94596405697396,-3.184584126570967,1873.710800900977,2255.0853374893077
55.94596405697396,-3.184584126570967,WSW,55.94584925194425,-3.1848612904307205,1873.710800900977,2253.8353374893077
55.94584925194425,-3.1848612904307205,ENE,55.94596405697396,-3.184584126570967,1873.710800900977,2252.5853374893077
55.94596405697396,-3.184584126570967,WSW,55.94584925194425,-3.1848612904307205,1873.710800900977,2251.3353374893077
55.94584925194425,-3.1848612904307205,ENE,55.94596405697396,-3.184584126570967,1873.710800900977,2250.0853374893077
55.94596405697396,-3.184584126570967,WSW,55.94584925194425,-3.1848612904307205,1873.710800900977,2248.8353374893077
55.94584925194425,-3.1848612904307205,ENE,55.94596405697396,-3.184584126570967,1873.710800900977,2247.5853374893077
55.94596405697396,-3.184584126570967,WSW,55.94584925194425,-3.1848612904307205,1873.710800900977,2246.3353374893077
55.94584925194425,-3.1848612904307205,ENE,55.94596405697396,-3.184584126570967,1873.710800900977,2245.0853374893077
55.94596405697396,-3.184584126570967,WSW,55.94584925194425,-3.1848612904307205,1873.710800900977,2243.8353374893077
55.94584925194425,-3.1848612904307205,ENE,55.94596405697396,-3.184584126570967,1873.710800900977,2242.5853374893077
55.94596405697396,-3.184584126570967,WSW,55.94584925194425,-3.1848612904307205,1873.710800900977,2241.3353374893077
55.94584925194425,-3.1848612904307205,ENE,55.94596405697396,-3.184584126570967,1873.710800900977,2240.0853374893077
55.94596405697396,-3.184584126570967,WSW,55.94584925194425,-3.1848612904307205,1873.710800900977,2238.8353374893077
55.94584925194425,-3.1848612904307205,ENE,55.94596405697396,-3.184584126570967,1873.710800900977,2237.5853374893077
55.94596405697396,-3.184584126570967,WSW,55.94584925194425,-3.1848612904307205,1873.710800900977,2236.3353374893077
55.94584925194425,-3.1848612904307205,ENE,55.94596405697396,-3.184584126570967,1873.710800900977,2235.0853374893077
55.94596405697396,-3.184584126570967,WSW,55.94584925194425,-3.1848612904307205,1873.710800900977,2233.8353374893077
55.94584925194425,-3.1848612904307205,ENE,55.94596405697396,-3.184584126570967,1873.710800900977,2232.5853374893077
55.94596405697396,-3.184584126570967,WSW,55.94584925194425,-3.1848612904307205,1873.710800900977,2231.3353374893077
55.94584925194425,-3.1848612904307205,ENE,55.94596405697396,-3.184584126570967,1873.710800900977,2230.0853374893077
55.94596405697396,-3.184584126570967,WSW,55.94584925194425,-3.1848612904307205,1873.710800900977,2228.8353374893077
55.94584925194425,-3.1848612904307205,ENE,55.94596405697396,-3.184584126570967,1873.710800900977,2227.5853374893077
55.94596405697396,-3.184584126570967,WSW,55.94584925194425,-3.1848612904307205,1873.710800900977,2226.3353374893077
55.94584925194425,-3.1848612904307205,ENE,55.94596405697396,-3.184584126570967,1873.710800900977,2225.0853374893077
55.94596405697396,-3.184584126570967,WSW,55.94584925194425,-3.1848612904307205,1873.710800900977,2223.8353374893077
55.94584925194425,-3.1848612904307205,ENE,55.94596405697396,-3.184584126570967,1873.710800900977,2222.5853374893077
55.94596405697396,-3.184584126570967,WSW,55.94584925194425,-3.1848612904307205,1873.710800900977,2221.3353374893077
55.94584925194425,-3.1848612904307205,ENE,55.94596405697396,-3.184584126570967,1873.710800900977,2220.0853374893077
55.94596405697396,-3.184584126570967,WSW,55.94584925194425,-3.1848612904307205,1873.710800900977,2218.8353374893077
55.94584925194425,-3.1848612904307205,ENE,55.94596405697396,-3.184584126570967,1873.710800900977,2217.5853374893077
55.94596405697396,-3.184584126570967,WSW,55.94584925194425,-3.1848612904307205,1873.710800900977,2216.3353374893077
55.94584925194425,-3.1848612904307205,ENE,55.94596405697396,-3.184584126570967,1873.710800900977,2215.0853374893077
55.94596405697396,-3.184584126570967,WSW,55.94584925194425,-3.1848612904307205,1873.710800900977,2213.8353374893077
55.94584925194425,-3.1848612904307205,ENE,55.94596405697396,-3.184584126570967,1873.710800900977,2212.5853374893077
55.94596405697396,-3.184584126570967,WSW,55.94584925194425,-3.1848612904307205,1873.710800900977,2211.3353374893077
55.94584925194425,-3.1848612904307205,ENE,55.94596405697396,-3.184584126570967,1873.710800900977,2210.0853374893077
55.94596405697396,-3.184584126570967,WSW,55.94584925194425,-3.1848612904307205,1873.710800900977,2208.8353374893077
55.94584925194425,-3.1848612904307205,ENE,55.94596405697396,-3.184584126570967,1873.710800900977,2207.5853374893077
55.94596405697396,-3.184584126570967,WSW,55.94584925194425,-3.1848612904307205,1873.710800900977,2206.3353374893077
55.94584925194425,-3.1848612904307205,ENE,55.94596405697396,-3.184584126570967,1873.710800900977,2205.0853374893077
55.94596405697396,-3.184584126570967,WSW,55.94584925194425,-3.1848612904307205,1873.710800900977,2203.8353374893077
