55.944425,-3.188396,SE,55.944212867965646,-3.1881838679656442,107.5659365004817,267.62434603726365
55.944212867965646,-3.1881838679656442,SSE,55.94393570410589,-3.1880690629359347,107.5659365004817,266.37434603726365
55.94393570410589,-3.1880690629359347,SSE,55.94365854024613,-3.187954257906225,205.9327097288637,303.4944188421856
55.94365854024613,-3.187954257906225,SW,55.94344640821178,-3.188166389940581,227.0680412697168,370.7011814088265
55.94344640821178,-3.188166389940581,W,55.94344640821178,-3.188466389940581,267.3751984446584,468.12296733511823
55.94344640821178,-3.188466389940581,NW,55.94365854024613,-3.188678521974937,357.84075078825146,486.1778502450562
55.94365854024613,-3.188678521974937,SSW,55.94338137638638,-3.1887933270046465,357.84075078825146,484.9278502450562
55.94338137638638,-3.1887933270046465,SSW,55.94310421252662,-3.188908132034356,357.84075078825146,483.6778502450562
55.94310421252662,-3.188908132034356,SSW,55.942827048666864,-3.1890229370640655,422.3129356975585,492.75973695792135
55.942827048666864,-3.1890229370640655,WNW,55.942941853696574,-3.189300100923819,422.3129356975585,491.50973695792135
55.942941853696574,-3.189300100923819,WNW,55.943056658726285,-3.1895772647835723,422.3129356975585,490.25973695792135
55.943056658726285,-3.1895772647835723,NNE,55.94333382258604,-3.1894624597538628,422.3129356975585,489.00973695792135
55.94333382258604,-3.1894624597538628,SW,55.943121690551685,-3.1896745917882185,422.3129356975585,487.75973695792135
55.943121690551685,-3.1896745917882185,NW,55.94333382258604,-3.1898867238225743,534.6552787226642,568.3857393069893
55.94333382258604,-3.1898867238225743,WSW,55.94321901755633,-3.1901638876823277,648.2428981285886,568.7709752357761
55.94321901755633,-3.1901638876823277,NW,55.94343114959069,-3.1903760197166835,734.5353735666336,590.4265327967757
55.94343114959069,-3.1903760197166835,WNW,55.9435459546204,-3.190653183576437,734.5353735666336,589.1765327967757
55.9435459546204,-3.190653183576437,NW,55.94375808665475,-3.1908653156107927,736.187078403397,593.8834583252532
55.94375808665475,-3.1908653156107927,W,55.94375808665475,-3.191165315610793,788.5425101526654,633.4255143274253
55.94375808665475,-3.191165315610793,SSW,55.943480922795,-3.1912801206405024,878.3261380062248,697.8325869586293
55.943480922795,-3.1912801206405024,NW,55.94369305482935,-3.191492252674858,878.3261380062248,696.5825869586293
55.94369305482935,-3.191492252674858,NW,55.94390518686371,-3.191704384709214,878.3261380062248,695.3325869586293
55.94390518686371,-3.191704384709214,WNW,55.94401999189342,-3.1919815485689673,942.3981706240224,770.8611163911471
55.94401999189342,-3.1919815485689673,NNE,55.944297155753176,-3.191866743539258,986.4036524804668,815.9413233219451
55.944297155753176,-3.191866743539258,NNW,55.94457431961293,-3.1919815485689673,986.4036524804668,814.6913233219451
55.94457431961293,-3.1919815485689673,NNW,55.94485148347269,-3.192096353598677,986.4036524804668,813.4413233219451
55.94485148347269,-3.192096353598677,N,55.94515148347269,-3.192096353598677,1062.2193809790735,913.9125449948033
55.94515148347269,-3.192096353598677,NNW,55.94542864733245,-3.1922111586283863,1187.0228268202345,990.3782407972171
55.94542864733245,-3.1922111586283863,ENE,55.94554345236216,-3.191933994768633,1187.0228268202345,989.1282407972171
55.94554345236216,-3.191933994768633,E,55.94554345236216,-3.1916339947686327,1267.1118795475845,1076.0777428216488
55.94554345236216,-3.1916339947686327,SE,55.9453313203278,-3.191421862734277,1267.1118795475845,1074.8277428216488
55.9453313203278,-3.191421862734277,SE,55.94511918829345,-3.191209730699921,1267.1118795475845,1073.5777428216488
55.94511918829345,-3.191209730699921,E,55.94511918829345,-3.190909730699921,1267.1118795475845,1072.3277428216488
55.94511918829345,-3.190909730699921,SE,55.94490705625909,-3.1906975986655652,1267.1118795475845,1071.0777428216488
55.94490705625909,-3.1906975986655652,SSE,55.944629892399334,-3.1905827936358557,1356.7574836152462,1102.4125141370891
55.944629892399334,-3.1905827936358557,SE,55.94441776036498,-3.1903706616015,1356.7574836152462,1101.1625141370891
55.94441776036498,-3.1903706616015,SE,55.94420562833062,-3.190158529567144,1387.3647839075834,1105.719180005747
55.94420562833062,-3.190158529567144,NE,55.94441776036498,-3.1899463975327884,1387.3647839075834,1104.469180005747
55.94441776036498,-3.1899463975327884,NE,55.944629892399334,-3.1897342654984326,1387.3647839075834,1103.219180005747
55.944629892399334,-3.1897342654984326,NE,55.94484202443369,-3.189522133464077,1387.3647839075834,1101.969180005747
55.94484202443369,-3.189522133464077,NE,55.945054156468046,-3.189310001429721,1481.033767820503,1132.163792605886
55.945054156468046,-3.189310001429721,NE,55.9452662885024,-3.1890978693953653,1481.033767820503,1130.913792605886
55.9452662885024,-3.1890978693953653,NE,55.94547842053676,-3.1888857373610096,1577.756977730664,1186.5053554534234
55.94547842053676,-3.1888857373610096,NW,55.945690552571115,-3.1890978693953653,1577.756977730664,1185.2553554534234
55.945690552571115,-3.1890978693953653,NW,55.94590268460547,-3.189310001429721,1577.756977730664,1184.0053554534234
55.94590268460547,-3.189310001429721,WNW,55.94601748963518,-3.1895871652894745,1686.6807608917882,1298.7711321620784
55.94601748963518,-3.1895871652894745,E,55.94601748963518,-3.1892871652894743,1686.6807608917882,1297.5211321620784
55.94601748963518,-3.1892871652894743,E,55.94601748963518,-3.188987165289474,1686.6807608917882,1296.2711321620784
55.94601748963518,-3.188987165289474,E,55.94601748963518,-3.188687165289474,1686.6807608917882,1295.0211321620784
55.94601748963518,-3.188687165289474,E,55.94601748963518,-3.1883871652894737,1686.6807608917882,1293.7711321620784
55.94601748963518,-3.1883871652894737,E,55.94601748963518,-3.1880871652894736,1686.6807608917882,1292.5211321620784
55.94601748963518,-3.1880871652894736,E,55.94601748963518,-3.1877871652894734,1686.6807608917882,1291.2711321620784
55.94601748963518,-3.1877871652894734,ENE,55.94613229466489,-3.18751000142972,1695.2496805320861,1363.9346360417417
55.94613229466489,-3.18751000142972,SSE,55.945855130805136,-3.1873951964000105,1695.2496805320861,1362.6846360417417
55.945855130805136,-3.1873951964000105,S,55.94555513080513,-3.1873951964000105,1695.2496805320861,1361.4346360417417
55.94555513080513,-3.1873951964000105,SSE,55.945277966945376,-3.187280391370301,1719.1290352357025,1473.3034048612153
55.945277966945376,-3.187280391370301,S,55.94497796694537,-3.187280391370301,1778.5909329230603,1516.0308481124039
55.94497796694537,-3.187280391370301,WSW,55.94486316191566,-3.1875575552300544,1778.5909329230603,1514.7808481124039
55.94486316191566,-3.1875575552300544,SW,55.94465102988131,-3.18776968726441,1790.0233698296827,1556.4924866442843
55.94465102988131,-3.18776968726441,SE,55.94443889784695,-3.1875575552300544,1818.8753492317555,1663.8478013937504
55.94443889784695,-3.1875575552300544,ESE,55.94432409281724,-3.187280391370301,1818.8753492317555,1662.5978013937504
55.94432409281724,-3.187280391370301,ESE,55.94420928778753,-3.1870032275105475,1941.1042535936715,1689.5387243135272
55.94420928778753,-3.1870032275105475,ESE,55.94409448275782,-3.186726063650794,1941.1042535936715,1688.2887243135272
55.94409448275782,-3.186726063650794,ESE,55.94397967772811,-3.1864488997910407,1941.1042535936715,1687.0387243135272
55.94397967772811,-3.1864488997910407,E,55.94397967772811,-3.1861488997910405,1941.1042535936715,1685.7887243135272
55.94397967772811,-3.1861488997910405,ESE,55.9438648726984,-3.185871735931287,1992.9139785336065,1732.990195046775
55.9438648726984,-3.185871735931287,SSE,55.94358770883864,-3.1857569309015776,1992.9139785336065,1731.740195046775
55.94358770883864,-3.1857569309015776,SSE,55.943310544978885,-3.185642125871868,1992.9139785336065,1730.490195046775
55.943310544978885,-3.185642125871868,SE,55.94309841294453,-3.1854299938375124,2055.251733405199,1781.131698060153
55.94309841294453,-3.1854299938375124,SSW,55.94282124908477,-3.185544798867222,2072.6900078577632,1862.037874740757
55.94282124908477,-3.185544798867222,N,55.943121249084776,-3.185544798867222,2072.6900078577632,1860.787874740757
55.943121249084776,-3.185544798867222,NNE,55.94339841294453,-3.1854299938375124,2072.6900078577632,1859.537874740757
55.94339841294453,-3.1854299938375124,NNE,55.94367557680429,-3.185315188807803,2072.6900078577632,1858.287874740757
55.94367557680429,-3.185315188807803,NNE,55.943952740664045,-3.1852003837780933,2072.6900078577632,1857.037874740757
55.943952740664045,-3.1852003837780933,NNE,55.9442299045238,-3.185085578748384,2072.6900078577632,1855.787874740757
55.9442299045238,-3.185085578748384,N,55.944529904523804,-3.185085578748384,2072.6900078577632,1854.537874740757
55.944529904523804,-3.185085578748384,NNE,55.94480706838356,-3.1849707737186743,2179.832389794142,1933.3062846648636
55.94480706838356,-3.1849707737186743,NW,55.94501920041792,-3.18518290575303,2179.832389794142,1932.0562846648636
55.94501920041792,-3.18518290575303,NNW,55.945296364277674,-3.1852977107827396,2179.832389794142,1930.8062846648636
55.945296364277674,-3.1852977107827396,NW,55.94550849631203,-3.1855098428170954,2235.9807740941587,1972.9284323344841
55.94550849631203,-3.1855098428170954,N,55.94580849631203,-3.1855098428170954,2235.9807740941587,1971.6784323344841
55.94580849631203,-3.1855098428170954,NNE,55.94608566017179,-3.185395037787386,2309.679209966512,2026.437328951333
55.94608566017179,-3.185395037787386,WSW,55.94597085514208,-3.1856722016471393,2309.679209966512,2025.187328951333
55.94597085514208,-3.1856722016471393,WSW,55.94585605011237,-3.1859493655068927,2309.679209966512,2023.937328951333
55.94585605011237,-3.1859493655068927,WSW,55.94574124508266,-3.186226529366646,2309.679209966512,2022.687328951333
55.94574124508266,-3.186226529366646,SW,55.9455291130483,-3.186438661401002,2309.679209966512,2021.437328951333
55.9455291130483,-3.186438661401002,WSW,55.94541430801859,-3.1867158252607553,2309.679209966512,2020.187328951333
55.94541430801859,-3.1867158252607553,SW,55.945202175984235,-3.186927957295111,2309.679209966512,2018.937328951333
55.945202175984235,-3.186927957295111,WSW,55.945087370954525,-3.1872051211548644,2309.679209966512,2017.687328951333
55.945087370954525,-3.1872051211548644,SW,55.94487523892017,-3.18741725318922,2309.679209966512,2016.437328951333
55.94487523892017,-3.18741725318922,SW,55.94466310688581,-3.187629385223576,2309.679209966512,2015.187328951333
55.94466310688581,-3.187629385223576,WSW,55.9445483018561,-3.1879065490833294,2309.679209966512,2013.937328951333
55.9445483018561,-3.1879065490833294,WSW,55.94443349682639,-3.188183712943083,2309.679209966512,2012.687328951333
55.94443349682639,-3.188183712943083,SW,55.944221364792035,-3.1883958449774386,2309.679209966512,2011.437328951333
55.944221364792035,-3.1883958449774386,WSW,55.944106559762325,-3.188673008837192,2309.679209966512,2010.187328951333
55.944106559762325,-3.188673008837192,SW,55.94389442772797,-3.1888851408715477,2309.679209966512,2008.937328951333
55.94389442772797,-3.1888851408715477,WSW,55.94377962269826,-3.189162304731301,2309.679209966512,2007.687328951333
55.94377962269826,-3.189162304731301,SW,55.9435674906639,-3.189374436765657,2309.679209966512,2006.437328951333
55.9435674906639,-3.189374436765657,SE,55.943355358629546,-3.189162304731301,2309.679209966512,2005.187328951333
55.943355358629546,-3.189162304731301,WSW,55.943240553599836,-3.1894394685910545,2309.679209966512,2003.937328951333
55.943240553599836,-3.1894394685910545,WSW,55.943125748570125,-3.189716632450808,2309.679209966512,2002.687328951333
55.943125748570125,-3.189716632450808,WSW,55.943010943540415,-3.1899937963105613,2309.679209966512,2001.437328951333
55.943010943540415,-3.1899937963105613,NW,55.94322307557477,-3.190205928344917,2309.679209966512,2000.187328951333
55.94322307557477,-3.190205928344917,SSE,55.942945911715015,-3.1900911233152076,2309.679209966512,1998.937328951333
55.942945911715015,-3.1900911233152076,SW,55.94273377968066,-3.1903032553495634,2309.679209966512,1997.687328951333
55.94273377968066,-3.1903032553495634,W,55.94273377968066,-3.1906032553495636,2346.378274506664,2075.4401538666766
55.94273377968066,-3.1906032553495636,ESE,55.94261897465095,-3.19032609148981,2346.378274506664,2074.1901538666766
55.94261897465095,-3.19032609148981,W,55.94261897465095,-3.1906260914898104,2380.10626646524,2073.0555489239887
55.94261897465095,-3.1906260914898104,E,55.94261897465095,-3.19032609148981,2380.10626646524,2071.8055489239887
55.94261897465095,-3.19032609148981,W,55.94261897465095,-3.1906260914898104,2380.10626646524,2070.5555489239887
55.94261897465095,-3.1906260914898104,E,55.94261897465095,-3.19032609148981,2380.10626646524,2069.3055489239887
55.94261897465095,-3.19032609148981,W,55.94261897465095,-3.1906260914898104,2380.10626646524,2068.0555489239887
55.94261897465095,-3.1906260914898104,E,55.94261897465095,-3.19032609148981,2380.10626646524,2066.8055489239887
55.94261897465095,-3.19032609148981,W,55.94261897465095,-3.1906260914898104,2380.10626646524,2065.5555489239887
55.94261897465095,-3.1906260914898104,E,55.94261897465095,-3.19032609148981,2380.10626646524,2064.3055489239887
55.94261897465095,-3.19032609148981,W,55.94261897465095,-3.1906260914898104,2380.10626646524,2063.0555489239887
55.94261897465095,-3.1906260914898104,E,55.94261897465095,-3.19032609148981,2380.10626646524,2061.8055489239887
55.94261897465095,-3.19032609148981,W,55.94261897465095,-3.1906260914898104,2380.10626646524,2060.5555489239887
55.94261897465095,-3.1906260914898104,E,55.94261897465095,-3.19032609148981,2380.10626646524,2059.3055489239887
55.94261897465095,-3.19032609148981,W,55.94261897465095,-3.1906260914898104,2380.10626646524,2058.0555489239887
55.94261897465095,-3.1906260914898104,E,55.94261897465095,-3.19032609148981,2380.10626646524,2056.8055489239887
55.94261897465095,-3.19032609148981,W,55.94261897465095,-3.1906260914898104,2380.10626646524,2055.5555489239887
55.94261897465095,-3.1906260914898104,E,55.94261897465095,-3.19032609148981,2380.10626646524,2054.3055489239887
55.94261897465095,-3.19032609148981,W,55.94261897465095,-3.1906260914898104,2380.10626646524,2053.0555489239887
55.94261897465095,-3.1906260914898104,E,55.94261897465095,-3.19032609148981,2380.10626646524,2051.8055489239887
55.94261897465095,-3.19032609148981,W,55.94261897465095,-3.1906260914898104,2380.10626646524,2050.5555489239887
55.94261897465095,-3.1906260914898104,E,55.94261897465095,-3.19032609148981,2380.10626646524,2049.3055489239887
55.94261897465095,-3.19032609148981,W,55.94261897465095,-3.1906260914898104,2380.10626646524,2048.0555489239887
55.94261897465095,-3.1906260914898104,E,55.94261897465095,-3.19032609148981,2380.10626646524,2046.8055489239887
55.94261897465095,-3.19032609148981,W,55.94261897465095,-3.1906260914898104,2380.10626646524,2045.5555489239887
55.94261897465095,-3.1906260914898104,E,55.94261897465095,-3.19032609148981,2380.10626646524,2044.3055489239887
55.94261897465095,-3.19032609148981,W,55.94261897465095,-3.1906260914898104,2380.10626646524,2043.0555489239887
55.94261897465095,-3.1906260914898104,E,55.94261897465095,-3.19032609148981,2380.10626646524,2041.8055489239887
55.94261897465095,-3.19032609148981,W,55.94261897465095,-3.1906260914898104,2380.10626646524,2040.5555489239887
55.94261897465095,-3.1906260914898104,E,55.94261897465095,-3.19032609148981,2380.10626646524,2039.3055489239887
55.94261897465095,-3.19032609148981,W,55.94261897465095,-3.1906260914898104,2380.10626646524,2038.0555489239887
55.94261897465095,-3.1906260914898104,E,55.94261897465095,-3.19032609148981,2380.10626646524,2036.8055489239887
55.94261897465095,-3.19032609148981,W,55.94261897465095,-3.1906260914898104,2380.10626646524,2035.5555489239887
55.94261897465095,-3.1906260914898104,E,55.94261897465095,-3.19032609148981,2380.10626646524,2034.3055489239887
55.94261897465095,-3.19032609148981,W,55.94261897465095,-3.1906260914898104,2380.10626646524,2033.0555489239887
55.94261897465095,-3.1906260914898104,E,55.94261897465095,-3.19032609148981,2380.10626646524,2031.8055489239887
55.94261897465095,-3.19032609148981,W,55.94261897465095,-3.1906260914898104,2380.10626646524,2030.5555489239887
55.94261897465095,-3.1906260914898104,E,55.94261897465095,-3.19032609148981,2380.10626646524,2029.3055489239887
55.94261897465095,-3.19032609148981,W,55.94261897465095,-3.1906260914898104,2380.10626646524,2028.0555489239887
55.94261897465095,-3.1906260914898104,E,55.94261897465095,-3.19032609148981,2380.10626646524,2026.8055489239887
55.94261897465095,-3.19032609148981,W,55.94261897465095,-3.1906260914898104,2380.10626646524,2025.5555489239887
55.94261897465095,-3.1906260914898104,E,55.94261897465095,-3.19032609148981,2380.10626646524,2024.3055489239887
55.94261897465095,-3.19032609148981,W,55.94261897465095,-3.1906260914898104,2380.10626646524,2023.0555489239887
55.94261897465095,-3.1906260914898104,E,55.94261897465095,-3.19032609148981,2380.10626646524,2021.8055489239887
55.94261897465095,-3.19032609148981,W,55.94261897465095,-3.1906260914898104,2380.10626646524,2020.5555489239887
55.94261897465095,-3.1906260914898104,E,55.94261897465095,-3.19032609148981,2380.10626646524,2019.3055489239887
55.94261897465095,-3.19032609148981,W,55.94261897465095,-3.1906260914898104,2380.10626646524,2018.0555489239887
55.94261897465095,-3.1906260914898104,E,55.94261897465095,-3.19032609148981,2380.10626646524,2016.8055489239887
55.94261897465095,-3.19032609148981,W,55.94261897465095,-3.1906260914898104,2380.10626646524,2015.5555489239887
55.94261897465095,-3.1906260914898104,E,55.94261897465095,-3.19032609148981,2380.10626646524,2014.3055489239887
55.94261897465095,-3.19032609148981,W,55.94261897465095,-3.1906260914898104,2380.10626646524,2013.0555489239887
55.94261897465095,-3.1906260914898104,E,55.94261897465095,-3.19032609148981,2380.10626646524,2011.8055489239887
55.94261897465095,-3.19032609148981,W,55.94261897465095,-3.1906260914898104,2380.10626646524,2010.5555489239887
55.94261897465095,-3.1906260914898104,E,55.94261897465095,-3.19032609148981,2380.10626646524,2009.3055489239887
55.94261897465095,-3.19032609148981,W,55.94261897465095,-3.1906260914898104,2380.10626646524,2008.0555489239887
55.94261897465095,-3.1906260914898104,E,55.94261897465095,-3.19032609148981,2380.10626646524,2006.8055489239887
55.94261897465095,-3.19032609148981,W,55.94261897465095,-3.1906260914898104,2380.10626646524,2005.5555489239887
55.94261897465095,-3.1906260914898104,E,55.94261897465095,-3.19032609148981,2380.10626646524,2004.3055489239887
55.94261897465095,-3.19032609148981,W,55.94261897465095,-3.1906260914898104,2380.10626646524,2003.0555489239887
55.94261897465095,-3.1906260914898104,E,55.94261897465095,-3.19032609148981,2380.10626646524,2001.8055489239887
55.94261897465095,-3.19032609148981,W,55.94261897465095,-3.1906260914898104,2380.10626646524,2000.5555489239887
55.94261897465095,-3.1906260914898104,E,55.94261897465095,-3.19032609148981,2380.10626646524,1999.3055489239887
55.94261897465095,-3.19032609148981,W,55.94261897465095,-3.1906260914898104,2380.10626646524,1998.0555489239887
55.94261897465095,-3.1906260914898104,E,55.94261897465095,-3.19032609148981,2380.10626646524,1996.8055489239887
55.94261897465095,-3.19032609148981,W,55.94261897465095,-3.1906260914898104,2380.10626646524,1995.5555489239887
55.94261897465095,-3.1906260914898104,E,55.94261897465095,-3.19032609148981,2380.10626646524,1994.3055489239887
55.94261897465095,-3.19032609148981,W,55.94261897465095,-3.1906260914898104,2380.10626646524,1993.0555489239887
55.94261897465095,-3.1906260914898104,E,55.94261897465095,-3.19032609148981,2380.10626646524,1991.8055489239887
55.94261897465095,-3.19032609148981,W,55.94261897465095,-3.1906260914898104,2380.10626646524,1990.5555489239887
55.94261897465095,-3.1906260914898104,E,55.94261897465095,-3.19032609148981,2380.10626646524,1989.3055489239887
55.94261897465095,-3.19032609148981,W,55.94261897465095,-3.1906260914898104,2380.10626646524,1988.0555489239887
55.94261897465095,-3.1906260914898104,E,55.94261897465095,-3.19032609148981,2380.10626646524,1986.8055489239887
55.94261897465095,-3.19032609148981,W,55.94261897465095,-3.1906260914898104,2380.10626646524,1985.5555489239887
55.94261897465095,-3.1906260914898104,E,55.94261897465095,-3.19032609148981,2380.10626646524,1984.3055489239887
55.94261897465095,-3.19032609148981,W,55.94261897465095,-3.1906260914898104,2380.10626646524,1983.0555489239887
55.94261897465095,-3.1906260914898104,E,55.94261897465095,-3.19032609148981,2380.10626646524,1981.8055489239887
55.94261897465095,-3.19032609148981,W,55.94261897465095,-3.1906260914898104,2380.10626646524,1980.5555489239887
55.94261897465095,-3.1906260914898104,E,55.94261897465095,-3.19032609148981,2380.10626646524,1979.3055489239887
55.94261897465095,-3.19032609148981,W,55.94261897465095,-3.1906260914898104,2380.10626646524,1978.0555489239887
55.94261897465095,-3.1906260914898104,E,55.94261897465095,-3.19032609148981,2380.10626646524,1976.8055489239887
55.94261897465095,-3.19032609148981,W,55.94261897465095,-3.1906260914898104,2380.10626646524,1975.5555489239887
55.94261897465095,-3.1906260914898104,E,55.94261897465095,-3.19032609148981,2380.10626646524,1974.3055489239887
55.94261897465095,-3.19032609148981,W,55.94261897465095,-3.1906260914898104,2380.10626646524,1973.0555489239887
55.94261897465095,-3.1906260914898104,E,55.94261897465095,-3.19032609148981,2380.10626646524,1971.8055489239887
55.94261897465095,-3.19032609148981,W,55.94261897465095,-3.1906260914898104,2380.10626646524,1970.5555489239887
55.94261897465095,-3.1906260914898104,E,55.94261897465095,-3.19032609148981,2380.10626646524,1969.3055489239887
55.94261897465095,-3.19032609148981,W,55.94261897465095,-3.1906260914898104,2380.10626646524,1968.0555489239887
55.94261897465095,-3.1906260914898104,E,55.94261897465095,-3.19032609148981,2380.10626646524,1966.8055489239887
55.94261897465095,-3.19032609148981,W,55.94261897465095,-3.1906260914898104,2380.10626646524,1965.5555489239887
55.94261897465095,-3.1906260914898104,E,55.94261897465095,-3.19032609148981,2380.10626646524,1964.3055489239887
55.94261897465095,-3.19032609148981,W,55.94261897465095,-3.1906260914898104,2380.10626646524,1963.0555489239887
55.94261897465095,-3.1906260914898104,E,55.94261897465095,-3.19032609148981,2380.10626646524,1961.8055489239887
55.94261897465095,-3.19032609148981,W,55.94261897465095,-3.1906260914898104,2380.10626646524,1960.5555489239887
55.94261897465095,-3.1906260914898104,E,55.94261897465095,-3.19032609148981,2380.10626646524,1959.3055489239887
55.94261897465095,-3.19032609148981,W,55.94261897465095,-3.1906260914898104,2380.10626646524,1958.0555489239887
55.94261897465095,-3.1906260914898104,E,55.94261897465095,-3.19032609148981,2380.10626646524,1956.8055489239887
55.94261897465095,-3.19032609148981,W,55.94261897465095,-3.1906260914898104,2380.10626646524,1955.5555489239887
55.94261897465095,-3.1906260914898104,E,55.94261897465095,-3.19032609148981,2380.10626646524,1954.3055489239887
55.94261897465095,-3.19032609148981,W,55.94261897465095,-3.1906260914898104,2380.10626646524,1953.0555489239887
55.94261897465095,-3.1906260914898104,E,55.94261897465095,-3.19032609148981,2380.10626646524,1951.8055489239887
55.94261897465095,-3.19032609148981,W,55.94261897465095,-3.1906260914898104,2380.10626646524,1950.5555489239887
55.94261897465095,-3.1906260914898104,E,55.94261897465095,-3.19032609148981,2380.10626646524,1949.3055489239887
55.94261897465095,-3.19032609148981,W,55.94261897465095,-3.1906260914898104,2380.10626646524,1948.0555489239887
55.94261897465095,-3.1906260914898104,E,55.94261897465095,-3.19032609148981,2380.10626646524,1946.8055489239887
55.94261897465095,-3.19032609148981,W,55.94261897465095,-3.1906260914898104,2380.10626646524,1945.5555489239887
55.94261897465095,-3.1906260914898104,E,55.94261897465095,-3.19032609148981,2380.10626646524,1944.3055489239887
55.94261897465095,-3.19032609148981,W,55.94261897465095,-3.1906260914898104,2380.10626646524,1943.0555489239887
55.94261897465095,-3.1906260914898104,E,55.94261897465095,-3.19032609148981,2380.10626646524,1941.8055489239887
55.94261897465095,-3.19032609148981,W,55.94261897465095,-3.1906260914898104,2380.10626646524,1940.5555489239887
55.94261897465095,-3.1906260914898104,E,55.94261897465095,-3.19032609148981,2380.10626646524,1939.3055489239887
55.94261897465095,-3.19032609148981,W,55.94261897465095,-3.1906260914898104,2380.10626646524,1938.0555489239887
55.94261897465095,-3.1906260914898104,E,55.94261897465095,-3.19032609148981,2380.10626646524,1936.8055489239887
55.94261897465095,-3.19032609148981,W,55.94261897465095,-3.1906260914898104,2380.10626646524,1935.5555489239887
55.94261897465095,-3.1906260914898104,E,55.94261897465095,-3.19032609148981,2380.10626646524,1934.3055489239887
55.94261897465095,-3.19032609148981,W,55.94261897465095,-3.1906260914898104,2380.10626646524,1933.0555489239887
55.94261897465095,-3.1906260914898104,E,55.94261897465095,-3.19032609148981,2380.10626646524,1931.8055489239887
55.94261897465095,-3.19032609148981,W,55.94261897465095,-3.1906260914898104,2380.10626646524,1930.5555489239887
55.94261897465095,-3.1906260914898104,E,55.94261897465095,-3.19032609148981,2380.10626646524,1929.3055489239887
55.94261897465095,-3.19032609148981,W,55.94261897465095,-3.1906260914898104,2380.10626646524,1928.0555489239887
55.94261897465095,-3.1906260914898104,E,55.94261897465095,-3.19032609148981,2380.10626646524,1926.8055489239887
55.94261897465095,-3.19032609148981,W,55.94261897465095,-3.1906260914898104,2380.10626646524,1925.5555489239887
55.94261897465095,-3.1906260914898104,E,55.94261897465095,-3.19032609148981,2380.10626646524,1924.3055489239887
55.94261897465095,-3.19032609148981,W,55.94261897465095,-3.1906260914898104,2380.10626646524,1923.0555489239887
55.94261897465095,-3.1906260914898104,E,55.94261897465095,-3.19032609148981,2380.10626646524,1921.8055489239887
55.94261897465095,-3.19032609148981,W,55.94261897465095,-3.1906260914898104,2380.10626646524,1920.5555489239887
55.94261897465095,-3.1906260914898104,E,55.94261897465095,-3.19032609148981,2380.10626646524,1919.3055489239887
55.94261897465095,-3.19032609148981,W,55.94261897465095,-3.1906260914898104,2380.10626646524,1918.0555489239887
55.94261897465095,-3.1906260914898104,E,55.94261897465095,-3.19032609148981,2380.10626646524,1916.8055489239887
55.94261897465095,-3.19032609148981,W,55.94261897465095,-3.1906260914898104,2380.10626646524,1915.5555489239887
55.94261897465095,-3.1906260914898104,E,55.94261897465095,-3.19032609148981,2380.10626646524,1914.3055489239887
55.94261897465095,-3.19032609148981,W,55.94261897465095,-3.1906260914898104,2380.10626646524,1913.0555489239887
55.94261897465095,-3.1906260914898104,E,55.94261897465095,-3.19032609148981,2380.10626646524,1911.8055489239887
55.94261897465095,-3.19032609148981,W,55.94261897465095,-3.1906260914898104,2380.10626646524,1910.5555489239887
55.94261897465095,-3.1906260914898104,E,55.94261897465095,-3.19032609148981,2380.10626646524,1909.3055489239887
55.94261897465095,-3.19032609148981,W,55.94261897465095,-3.1906260914898104,2380.10626646524,1908.0555489239887
55.94261897465095,-3.1906260914898104,E,55.94261897465095,-3.19032609148981,2380.10626646524,1906.8055489239887
55.94261897465095,-3.19032609148981,W,55.94261897465095,-3.1906260914898104,2380.10626646524,1905.5555489239887
55.94261897465095,-3.1906260914898104,E,55.94261897465095,-3.19032609148981,2380.10626646524,1904.3055489239887
55.94261897465095,-3.19032609148981,W,55.94261897465095,-3.1906260914898104,2380.10626646524,1903.0555489239887
55.94261897465095,-3.1906260914898104,E,55.94261897465095,-3.19032609148981,2380.10626646524,1901.8055489239887
55.94261897465095,-3.19032609148981,W,55.94261897465095,-3.1906260914898104,2380.10626646524,1900.5555489239887
55.94261897465095,-3.1906260914898104,E,55.94261897465095,-3.19032609148981,2380.10626646524,1899.3055489239887
55.94261897465095,-3.19032609148981,W,55.94261897465095,-3.1906260914898104,2380.10626646524,1898.0555489239887
55.94261897465095,-3.1906260914898104,E,55.94261897465095,-3.19032609148981,2380.10626646524,1896.8055489239887
55.94261897465095,-3.19032609148981,W,55.94261897465095,-3.1906260914898104,2380.10626646524,1895.5555489239887
