55.944425,-3.188396,WSW,55.94431019497029,-3.1886731638597534,38.56503611583591,301.9693467413292
55.94431019497029,-3.1886731638597534,N,55.944610194970295,-3.1886731638597534,108.73186421847615,403.12386178826455
55.944610194970295,-3.1886731638597534,N,55.9449101949703,-3.1886731638597534,108.73186421847615,401.87386178826455
55.9449101949703,-3.1886731638597534,E,55.9449101949703,-3.1883731638597532,108.73186421847615,400.62386178826455
55.9449101949703,-3.1883731638597532,NNE,55.945187358830054,-3.1882583588300437,131.57206010773984,419.1846224613068
55.945187358830054,-3.1882583588300437,WNW,55.945302163859765,-3.188535522689797,182.0085056279273,523.5579183256381
55.945302163859765,-3.188535522689797,WNW,55.945416968889475,-3.1888126865495505,182.0085056279273,522.3079183256381
55.945416968889475,-3.1888126865495505,W,55.945416968889475,-3.1891126865495507,184.9826527844327,624.2617382426943
55.945416968889475,-3.1891126865495507,ENE,55.945531773919186,-3.1888355226897973,184.9826527844327,623.0117382426943
55.945531773919186,-3.1888355226897973,ENE,55.945646578948896,-3.188558358830044,184.9826527844327,621.7617382426943
55.945646578948896,-3.188558358830044,ENE,55.945761383978606,-3.1882811949702905,184.9826527844327,620.5117382426943
55.945761383978606,-3.1882811949702905,ENE,55.94587618900832,-3.188004031110537,184.9826527844327,619.2617382426943
55.94587618900832,-3.188004031110537,NE,55.94608832104267,-3.1877918990761813,300.06181938350386,633.0256453799972
55.94608832104267,-3.1877918990761813,ESE,55.94597351601296,-3.187514735216428,300.06181938350386,631.7756453799972
55.94597351601296,-3.187514735216428,ESE,55.94585871098325,-3.1872375713566745,300.06181938350386,630.5256453799972
55.94585871098325,-3.1872375713566745,ESE,55.94574390595354,-3.186960407496921,300.06181938350386,629.2756453799972
55.94574390595354,-3.186960407496921,ESE,55.94562910092383,-3.1866832436371677,300.3271159283243,717.0735425124562
55.94562910092383,-3.1866832436371677,SE,55.945416968889475,-3.186471111602812,300.3271159283243,715.8235425124562
55.945416968889475,-3.186471111602812,SE,55.94520483685512,-3.186258979568456,300.3271159283243,714.5735425124562
55.94520483685512,-3.186258979568456,ESE,55.94509003182541,-3.1859818157087028,300.3271159283243,713.3235425124562
55.94509003182541,-3.1859818157087028,SE,55.94487789979105,-3.185769683674347,389.0141966941041,820.6821910627564
55.94487789979105,-3.185769683674347,SSE,55.944600735931296,-3.1856548786446375,389.0141966941041,819.4321910627564
55.944600735931296,-3.1856548786446375,SSE,55.94432357207154,-3.185540073614928,454.377294308363,864.9516290346321
55.94432357207154,-3.185540073614928,SW,55.94411144003718,-3.1857522056492837,506.5501790260766,906.8473186998116
55.94411144003718,-3.1857522056492837,W,55.94411144003718,-3.186052205649284,615.5185773165634,991.4396201653415
55.94411144003718,-3.186052205649284,WSW,55.94399663500747,-3.1863293695090373,615.5185773165634,990.1896201653415
55.94399663500747,-3.1863293695090373,SW,55.943784502973116,-3.186541501543393,615.5185773165634,988.9396201653415
55.943784502973116,-3.186541501543393,WSW,55.943669697943406,-3.1868186654031465,617.396875977856,1071.7764807239735
55.943669697943406,-3.1868186654031465,WSW,55.943554892913696,-3.1870958292629,722.9431559913928,1126.7242257610503
55.943554892913696,-3.1870958292629,NW,55.94376702494805,-3.1873079612972557,722.9431559913928,1125.4742257610503
55.94376702494805,-3.1873079612972557,WSW,55.94365221991834,-3.187585125157009,815.4145475773481,1182.4360477728621
55.94365221991834,-3.187585125157009,NNW,55.9439293837781,-3.1876999301867186,815.4145475773481,1181.1860477728621
55.9439293837781,-3.1876999301867186,NNW,55.944206547637854,-3.187814735216428,859.0839643428519,1197.6311961821575
55.944206547637854,-3.187814735216428,ENE,55.944321352667565,-3.1875375713566747,940.903745926446,1287.8086578563052
55.944321352667565,-3.1875375713566747,NNW,55.94459851652732,-3.187652376386384,940.903745926446,1286.5586578563052
55.94459851652732,-3.187652376386384,N,55.944898516527324,-3.187652376386384,1061.806104803216,1369.6188954138527
55.944898516527324,-3.187652376386384,SSW,55.94462135266757,-3.1877671814160937,1061.806104803216,1368.3688954138527
55.94462135266757,-3.1877671814160937,WSW,55.94450654763786,-3.188044345275847,1061.806104803216,1367.1188954138527
55.94450654763786,-3.188044345275847,SSW,55.9442293837781,-3.1881591503055566,1061.806104803216,1365.8688954138527
55.9442293837781,-3.1881591503055566,S,55.9439293837781,-3.1881591503055566,1061.806104803216,1364.6188954138527
55.9439293837781,-3.1881591503055566,S,55.943629383778095,-3.1881591503055566,1088.4869029272495,1487.1116650475167
55.943629383778095,-3.1881591503055566,WNW,55.943744188807806,-3.18843631416531,1196.31232184745,1491.2773187312332
55.943744188807806,-3.18843631416531,WNW,55.943858993837516,-3.1887134780250634,1196.31232184745,1490.0273187312332
55.943858993837516,-3.1887134780250634,W,55.943858993837516,-3.1890134780250636,1196.31232184745,1488.7773187312332
55.943858993837516,-3.1890134780250636,W,55.943858993837516,-3.189313478025064,1196.31232184745,1487.5273187312332
55.943858993837516,-3.189313478025064,WSW,55.943744188807806,-3.1895906418848172,1196.31232184745,1486.2773187312332
55.943744188807806,-3.1895906418848172,S,55.9434441888078,-3.1895906418848172,1200.8526230959808,1561.0634474535666
55.9434441888078,-3.1895906418848172,NW,55.94365632084216,-3.189802773919173,1242.1448738053566,1579.7215793993823
55.94365632084216,-3.189802773919173,ENE,55.94377112587187,-3.1895256100594196,1242.1448738053566,1578.4715793993823
55.94377112587187,-3.1895256100594196,ENE,55.94388593090158,-3.189248446199666,1242.1448738053566,1577.2215793993823
55.94388593090158,-3.189248446199666,E,55.94388593090158,-3.188948446199666,1242.1448738053566,1575.9715793993823
55.94388593090158,-3.188948446199666,ESE,55.94377112587187,-3.1886712823399126,1242.1448738053566,1574.7215793993823
55.94377112587187,-3.1886712823399126,SSE,55.94349396201211,-3.188556477310203,1242.1448738053566,1573.4715793993823
55.94349396201211,-3.188556477310203,SSE,55.943216798152356,-3.1884416722804936,1242.1448738053566,1572.2215793993823
55.943216798152356,-3.1884416722804936,SW,55.943004666118,-3.1886538043148493,1242.1448738053566,1570.9715793993823
55.943004666118,-3.1886538043148493,SW,55.942792534083644,-3.188865936349205,1278.624263852151,1665.9928251251488
55.942792534083644,-3.188865936349205,W,55.942792534083644,-3.1891659363492053,1278.624263852151,1664.7428251251488
55.942792534083644,-3.1891659363492053,W,55.942792534083644,-3.1894659363492055,1278.624263852151,1663.4928251251488
55.942792534083644,-3.1894659363492055,WNW,55.942907339113354,-3.189743100208959,1278.624263852151,1662.2428251251488
55.942907339113354,-3.189743100208959,W,55.942907339113354,-3.190043100208959,1278.624263852151,1660.9928251251488
55.942907339113354,-3.190043100208959,W,55.942907339113354,-3.1903431002089593,1278.624263852151,1659.7428251251488
55.942907339113354,-3.1903431002089593,W,55.942907339113354,-3.1906431002089595,1278.624263852151,1658.4928251251488
55.942907339113354,-3.1906431002089595,WSW,55.942792534083644,-3.190920264068713,1328.0890070402554,1709.7615000189699
55.942792534083644,-3.190920264068713,NW,55.943004666118,-3.1911323961030686,1328.0890070402554,1708.5115000189699
55.943004666118,-3.1911323961030686,NW,55.943216798152356,-3.1913445281374244,1328.0890070402554,1707.2615000189699
55.943216798152356,-3.1913445281374244,NW,55.94342893018671,-3.19155666017178,1328.0890070402554,1706.0115000189699
55.94342893018671,-3.19155666017178,NW,55.94364106222107,-3.191768792206136,1328.0890070402554,1704.7615000189699
55.94364106222107,-3.191768792206136,NW,55.943853194255425,-3.1919809242404917,1337.2361156771938,1799.6530308719118
55.943853194255425,-3.1919809242404917,N,55.94415319425543,-3.1919809242404917,1337.2361156771938,1798.4030308719118
55.94415319425543,-3.1919809242404917,N,55.94445319425543,-3.1919809242404917,1337.2361156771938,1797.1530308719118
55.94445319425543,-3.1919809242404917,N,55.94475319425543,-3.1919809242404917,1424.1653163106234,1804.0501928200456
55.94475319425543,-3.1919809242404917,NNW,55.94503035811519,-3.1920957292702012,1424.1653163106234,1802.8001928200456
55.94503035811519,-3.1920957292702012,NNW,55.94530752197495,-3.1922105342999108,1503.0860470285158,1841.1022136395122
55.94530752197495,-3.1922105342999108,N,55.94560752197495,-3.1922105342999108,1583.3117298505476,1912.3282603727364
55.94560752197495,-3.1922105342999108,SE,55.94539538994059,-3.191998402265555,1583.3117298505476,1911.0782603727364
55.94539538994059,-3.191998402265555,SE,55.94518325790624,-3.191786270231199,1583.3117298505476,1909.8282603727364
55.94518325790624,-3.191786270231199,S,55.944883257906234,-3.191786270231199,1583.3117298505476,1908.5782603727364
55.944883257906234,-3.191786270231199,S,55.94458325790623,-3.191786270231199,1583.3117298505476,1907.3282603727364
55.94458325790623,-3.191786270231199,SSE,55.944306094046475,-3.1916714652014897,1583.3117298505476,1906.0782603727364
55.944306094046475,-3.1916714652014897,ESE,55.944191289016764,-3.1913943013417363,1583.3117298505476,1904.8282603727364
55.944191289016764,-3.1913943013417363,NE,55.94440342105112,-3.1911821693073805,1583.3117298505476,1903.5782603727364
55.94440342105112,-3.1911821693073805,N,55.94470342105112,-3.1911821693073805,1609.115057552906,1977.3705761470897
55.94470342105112,-3.1911821693073805,NNE,55.94498058491088,-3.191067364277671,1609.115057552906,1976.1205761470897
55.94498058491088,-3.191067364277671,N,55.94528058491088,-3.191067364277671,1609.115057552906,1974.8705761470897
55.94528058491088,-3.191067364277671,NNE,55.94555774877064,-3.1909525592479615,1609.115057552906,1973.6205761470897
55.94555774877064,-3.1909525592479615,NNE,55.945834912630396,-3.190837754218252,1609.115057552906,1972.3705761470897
55.945834912630396,-3.190837754218252,NNE,55.94611207649015,-3.1907229491885425,1668.4820581520419,2030.0175161311513
55.94611207649015,-3.1907229491885425,ESE,55.94599727146044,-3.190445785328789,1668.4820581520419,2028.7675161311513
55.94599727146044,-3.190445785328789,ESE,55.94588246643073,-3.1901686214690357,1668.4820581520419,2027.5175161311513
55.94588246643073,-3.1901686214690357,SE,55.945670334396375,-3.18995648943468,1668.4820581520419,2026.2675161311513
55.945670334396375,-3.18995648943468,ESE,55.945555529366665,-3.1896793255749265,1668.4820581520419,2025.0175161311513
55.945555529366665,-3.1896793255749265,SE,55.94534339733231,-3.1894671935405707,1668.4820581520419,2023.7675161311513
55.94534339733231,-3.1894671935405707,ESE,55.9452285923026,-3.1891900296808173,1668.4820581520419,2022.5175161311513
55.9452285923026,-3.1891900296808173,SE,55.94501646026824,-3.1889778976464616,1668.4820581520419,2021.2675161311513
55.94501646026824,-3.1889778976464616,ESE,55.94490165523853,-3.188700733786708,1668.4820581520419,2020.0175161311513
55.94490165523853,-3.188700733786708,SW,55.944689523204175,-3.188912865821064,1668.4820581520419,2018.7675161311513
55.944689523204175,-3.188912865821064,ESE,55.944574718174465,-3.1886357019613105,1668.4820581520419,2017.5175161311513
55.944574718174465,-3.1886357019613105,ESE,55.944459913144755,-3.188358538101557,1668.4820581520419,2016.2675161311513
55.944459913144755,-3.188358538101557,SE,55.9442477811104,-3.1881464060672013,1668.4820581520419,2015.0175161311513
55.9442477811104,-3.1881464060672013,ESE,55.94413297608069,-3.187869242207448,1668.4820581520419,2013.7675161311513
55.94413297608069,-3.187869242207448,ESE,55.94401817105098,-3.1875920783476945,1668.4820581520419,2012.5175161311513
55.94401817105098,-3.1875920783476945,ESE,55.94390336602127,-3.187314914487941,1668.4820581520419,2011.2675161311513
55.94390336602127,-3.187314914487941,ESE,55.94378856099156,-3.1870377506281877,1668.4820581520419,2010.0175161311513
55.94378856099156,-3.1870377506281877,SE,55.9435764289572,-3.186825618593832,1668.4820581520419,2008.7675161311513
55.9435764289572,-3.186825618593832,ESE,55.94346162392749,-3.1865484547340786,1668.4820581520419,2007.5175161311513
55.94346162392749,-3.1865484547340786,SE,55.943249491893134,-3.186336322699723,1668.4820581520419,2006.2675161311513
55.943249491893134,-3.186336322699723,ESE,55.943134686863424,-3.1860591588399694,1668.4820581520419,2005.0175161311513
55.943134686863424,-3.1860591588399694,SE,55.94292255482907,-3.1858470268056136,1701.6953456490182,2095.0980840872494
55.94292255482907,-3.1858470268056136,NE,55.943134686863424,-3.185634894771258,1701.6953456490182,2093.8480840872494
55.943134686863424,-3.185634894771258,ENE,55.943249491893134,-3.1853577309115044,1795.8594086869068,2113.8407327884897
55.943249491893134,-3.1853577309115044,E,55.943249491893134,-3.1850577309115042,1795.8594086869068,2112.5907327884897
55.943249491893134,-3.1850577309115042,E,55.943249491893134,-3.184757730911504,1916.2805545837925,2156.6823683742973
55.943249491893134,-3.184757730911504,NW,55.94346162392749,-3.18496986294586,1916.2805545837925,2155.4323683742973
55.94346162392749,-3.18496986294586,N,55.94376162392749,-3.18496986294586,1916.2805545837925,2154.1823683742973
55.94376162392749,-3.18496986294586,N,55.944061623927496,-3.18496986294586,1916.2805545837925,2152.9323683742973
55.944061623927496,-3.18496986294586,NNE,55.94433878778725,-3.1848550579161503,1916.2805545837925,2151.6823683742973
55.94433878778725,-3.1848550579161503,N,55.944638787787255,-3.1848550579161503,1945.6921702747684,2167.039266677294
55.944638787787255,-3.1848550579161503,S,55.94433878778725,-3.1848550579161503,1945.6921702747684,2165.789266677294
55.94433878778725,-3.1848550579161503,N,55.944638787787255,-3.1848550579161503,1945.6921702747684,2164.539266677294
55.944638787787255,-3.1848550579161503,S,55.94433878778725,-3.1848550579161503,1945.6921702747684,2163.289266677294
55.94433878778725,-3.1848550579161503,N,55.944638787787255,-3.1848550579161503,1945.6921702747684,2162.039266677294
55.944638787787255,-3.1848550579161503,S,55.94433878778725,-3.1848550579161503,1945.6921702747684,2160.789266677294
55.94433878778725,-3.1848550579161503,N,55.944638787787255,-3.1848550579161503,1945.6921702747684,2159.539266677294
55.944638787787255,-3.1848550579161503,S,55.94433878778725,-3.1848550579161503,1945.6921702747684,2158.289266677294
55.94433878778725,-3.1848550579161503,N,55.944638787787255,-3.1848550579161503,1945.6921702747684,2157.039266677294
55.944638787787255,-3.1848550579161503,S,55.94433878778725,-3.1848550579161503,1945.6921702747684,2155.789266677294
55.94433878778725,-3.1848550579161503,N,55.944638787787255,-3.1848550579161503,1945.6921702747684,2154.539266677294
55.944638787787255,-3.1848550579161503,S,55.94433878778725,-3.1848550579161503,1945.6921702747684,2153.289266677294
55.94433878778725,-3.1848550579161503,N,55.944638787787255,-3.1848550579161503,1945.6921702747684,2152.039266677294
55.944638787787255,-3.1848550579161503,S,55.94433878778725,-3.1848550579161503,1945.6921702747684,2150.789266677294
55.94433878778725,-3.1848550579161503,N,55.944638787787255,-3.1848550579161503,1945.6921702747684,2149.539266677294
55.944638787787255,-3.1848550579161503,S,55.94433878778725,-3.1848550579161503,1945.6921702747684,2148.289266677294
55.94433878778725,-3.1848550579161503,N,55.944638787787255,-3.1848550579161503,1945.6921702747684,2147.039266677294
55.944638787787255,-3.1848550579161503,S,55.94433878778725,-3.1848550579161503,1945.6921702747684,2145.789266677294
55.94433878778725,-3.1848550579161503,N,55.944638787787255,-3.1848550579161503,1945.6921702747684,2144.539266677294
55.944638787787255,-3.1848550579161503,S,55.94433878778725,-3.1848550579161503,1945.6921702747684,2143.289266677294
55.94433878778725,-3.1848550579161503,N,55.944638787787255,-3.1848550579161503,1945.6921702747684,2142.039266677294
55.944638787787255,-3.1848550579161503,S,55.94433878778725,-3.1848550579161503,1945.6921702747684,2140.789266677294
55.94433878778725,-3.1848550579161503,N,55.944638787787255,-3.1848550579161503,1945.6921702747684,2139.539266677294
55.944638787787255,-3.1848550579161503,S,55.94433878778725,-3.1848550579161503,1945.6921702747684,2138.289266677294
55.94433878778725,-3.1848550579161503,N,55.944638787787255,-3.1848550579161503,1945.6921702747684,2137.039266677294
55.944638787787255,-3.1848550579161503,S,55.94433878778725,-3.1848550579161503,1945.6921702747684,2135.789266677294
55.94433878778725,-3.1848550579161503,N,55.944638787787255,-3.1848550579161503,1945.6921702747684,2134.539266677294
55.944638787787255,-3.1848550579161503,S,55.94433878778725,-3.1848550579161503,1945.6921702747684,2133.289266677294
55.94433878778725,-3.1848550579161503,N,55.944638787787255,-3.1848550579161503,1945.6921702747684,2132.039266677294
55.944638787787255,-3.1848550579161503,S,55.94433878778725,-3.1848550579161503,1945.6921702747684,2130.789266677294
55.94433878778725,-3.1848550579161503,N,55.944638787787255,-3.1848550579161503,1945.6921702747684,2129.539266677294
55.944638787787255,-3.1848550579161503,S,55.94433878778725,-3.1848550579161503,1945.6921702747684,2128.289266677294
55.94433878778725,-3.1848550579161503,N,55.944638787787255,-3.1848550579161503,1945.6921702747684,2127.039266677294
55.944638787787255,-3.1848550579161503,S,55.94433878778725,-3.1848550579161503,1945.6921702747684,2125.789266677294
55.94433878778725,-3.1848550579161503,N,55.944638787787255,-3.1848550579161503,1945.6921702747684,2124.539266677294
55.944638787787255,-3.1848550579161503,S,55.94433878778725,-3.1848550579161503,1945.6921702747684,2123.289266677294
55.94433878778725,-3.1848550579161503,N,55.944638787787255,-3.1848550579161503,1945.6921702747684,2122.039266677294
55.944638787787255,-3.1848550579161503,S,55.94433878778725,-3.1848550579161503,1945.6921702747684,2120.789266677294
55.94433878778725,-3.1848550579161503,N,55.944638787787255,-3.1848550579161503,1945.6921702747684,2119.539266677294
55.944638787787255,-3.1848550579161503,S,55.94433878778725,-3.1848550579161503,1945.6921702747684,2118.289266677294
55.94433878778725,-3.1848550579161503,N,55.944638787787255,-3.1848550579161503,1945.6921702747684,2117.039266677294
55.944638787787255,-3.1848550579161503,S,55.94433878778725,-3.1848550579161503,1945.6921702747684,2115.789266677294
55.94433878778725,-3.1848550579161503,N,55.944638787787255,-3.1848550579161503,1945.6921702747684,2114.539266677294
55.944638787787255,-3.1848550579161503,S,55.94433878778725,-3.1848550579161503,1945.6921702747684,2113.289266677294
55.94433878778725,-3.1848550579161503,N,55.944638787787255,-3.1848550579161503,1945.6921702747684,2112.039266677294
55.944638787787255,-3.1848550579161503,S,55.94433878778725,-3.1848550579161503,1945.6921702747684,2110.789266677294
55.94433878778725,-3.1848550579161503,N,55.944638787787255,-3.1848550579161503,1945.6921702747684,2109.539266677294
55.944638787787255,-3.1848550579161503,S,55.94433878778725,-3.1848550579161503,1945.6921702747684,2108.289266677294
55.94433878778725,-3.1848550579161503,N,55.944638787787255,-3.1848550579161503,1945.6921702747684,2107.039266677294
55.944638787787255,-3.1848550579161503,S,55.94433878778725,-3.1848550579161503,1945.6921702747684,2105.789266677294
55.94433878778725,-3.1848550579161503,N,55.944638787787255,-3.1848550579161503,1945.6921702747684,2104.539266677294
55.944638787787255,-3.1848550579161503,S,55.94433878778725,-3.1848550579161503,1945.6921702747684,2103.289266677294
55.94433878778725,-3.1848550579161503,N,55.944638787787255,-3.1848550579161503,1945.6921702747684,2102.039266677294
55.944638787787255,-3.1848550579161503,S,55.94433878778725,-3.1848550579161503,1945.6921702747684,2100.789266677294
55.94433878778725,-3.1848550579161503,N,55.944638787787255,-3.1848550579161503,1945.6921702747684,2099.539266677294
55.944638787787255,-3.1848550579161503,S,55.94433878778725,-3.1848550579161503,1945.6921702747684,2098.289266677294
55.94433878778725,-3.1848550579161503,N,55.944638787787255,-3.1848550579161503,1945.6921702747684,2097.039266677294
55.944638787787255,-3.1848550579161503,S,55.94433878778725,-3.1848550579161503,1945.6921702747684,2095.789266677294
55.94433878778725,-3.1848550579161503,N,55.944638787787255,-3.1848550579161503,1945.6921702747684,2094.539266677294
55.944638787787255,-3.1848550579161503,S,55.94433878778725,-3.1848550579161503,1945.6921702747684,2093.289266677294
55.94433878778725,-3.1848550579161503,N,55.944638787787255,-3.1848550579161503,1945.6921702747684,2092.039266677294
55.944638787787255,-3.1848550579161503,S,55.94433878778725,-3.1848550579161503,1945.6921702747684,2090.789266677294
55.94433878778725,-3.1848550579161503,N,55.944638787787255,-3.1848550579161503,1945.6921702747684,2089.539266677294
55.944638787787255,-3.1848550579161503,S,55.94433878778725,-3.1848550579161503,1945.6921702747684,2088.289266677294
55.94433878778725,-3.1848550579161503,N,55.944638787787255,-3.1848550579161503,1945.6921702747684,2087.039266677294
55.944638787787255,-3.1848550579161503,S,55.94433878778725,-3.1848550579161503,1945.6921702747684,2085.789266677294
55.94433878778725,-3.1848550579161503,N,55.944638787787255,-3.1848550579161503,1945.6921702747684,2084.539266677294
55.944638787787255,-3.1848550579161503,S,55.94433878778725,-3.1848550579161503,1945.6921702747684,2083.289266677294
55.94433878778725,-3.1848550579161503,N,55.944638787787255,-3.1848550579161503,1945.6921702747684,2082.039266677294
55.944638787787255,-3.1848550579161503,S,55.94433878778725,-3.1848550579161503,1945.6921702747684,2080.789266677294
55.94433878778725,-3.1848550579161503,N,55.944638787787255,-3.1848550579161503,1945.6921702747684,2079.539266677294
55.944638787787255,-3.1848550579161503,S,55.94433878778725,-3.1848550579161503,1945.6921702747684,2078.289266677294
55.94433878778725,-3.1848550579161503,N,55.944638787787255,-3.1848550579161503,1945.6921702747684,2077.039266677294
55.944638787787255,-3.1848550579161503,S,55.94433878778725,-3.1848550579161503,1945.6921702747684,2075.789266677294
55.94433878778725,-3.1848550579161503,N,55.944638787787255,-3.1848550579161503,1945.6921702747684,2074.539266677294
55.944638787787255,-3.1848550579161503,S,55.94433878778725,-3.1848550579161503,1945.6921702747684,2073.289266677294
55.94433878778725,-3.1848550579161503,N,55.944638787787255,-3.1848550579161503,1945.6921702747684,2072.039266677294
55.944638787787255,-3.1848550579161503,S,55.94433878778725,-3.1848550579161503,1945.6921702747684,2070.789266677294
55.94433878778725,-3.1848550579161503,N,55.944638787787255,-3.1848550579161503,1945.6921702747684,2069.539266677294
55.944638787787255,-3.1848550579161503,S,55.94433878778725,-3.1848550579161503,1945.6921702747684,2068.289266677294
55.94433878778725,-3.1848550579161503,N,55.944638787787255,-3.1848550579161503,1945.6921702747684,2067.039266677294
55.944638787787255,-3.1848550579161503,S,55.94433878778725,-3.1848550579161503,1945.6921702747684,2065.789266677294
55.94433878778725,-3.1848550579161503,N,55.944638787787255,-3.1848550579161503,1945.6921702747684,2064.539266677294
55.944638787787255,-3.1848550579161503,S,55.94433878778725,-3.1848550579161503,1945.6921702747684,2063.289266677294
55.94433878778725,-3.1848550579161503,N,55.944638787787255,-3.1848550579161503,1945.6921702747684,2062.039266677294
55.944638787787255,-3.1848550579161503,S,55.94433878778725,-3.1848550579161503,1945.6921702747684,2060.789266677294
55.94433878778725,-3.1848550579161503,N,55.944638787787255,-3.1848550579161503,1945.6921702747684,2059.539266677294
55.944638787787255,-3.1848550579161503,S,55.94433878778725,-3.1848550579161503,1945.6921702747684,2058.289266677294
55.94433878778725,-3.1848550579161503,N,55.944638787787255,-3.1848550579161503,1945.6921702747684,2057.039266677294
55.944638787787255,-3.1848550579161503,S,55.94433878778725,-3.1848550579161503,1945.6921702747684,2055.789266677294
55.94433878778725,-3.1848550579161503,N,55.944638787787255,-3.1848550579161503,1945.6921702747684,2054.539266677294
55.944638787787255,-3.1848550579161503,S,55.94433878778725,-3.1848550579161503,1945.6921702747684,2053.289266677294
55.94433878778725,-3.1848550579161503,N,55.944638787787255,-3.1848550579161503,1945.6921702747684,2052.039266677294
55.944638787787255,-3.1848550579161503,S,55.94433878778725,-3.1848550579161503,1945.6921702747684,2050.789266677294
55.94433878778725,-3.1848550579161503,N,55.944638787787255,-3.1848550579161503,1945.6921702747684,2049.539266677294
55.944638787787255,-3.1848550579161503,S,55.94433878778725,-3.1848550579161503,1945.6921702747684,2048.289266677294
55.94433878778725,-3.1848550579161503,N,55.944638787787255,-3.1848550579161503,1945.6921702747684,2047.039266677294
55.944638787787255,-3.1848550579161503,S,55.94433878778725,-3.1848550579161503,1945.6921702747684,2045.789266677294
55.94433878778725,-3.1848550579161503,N,55.944638787787255,-3.1848550579161503,1945.6921702747684,2044.539266677294
55.944638787787255,-3.1848550579161503,S,55.94433878778725,-3.1848550579161503,1945.6921702747684,2043.289266677294
55.94433878778725,-3.1848550579161503,N,55.944638787787255,-3.1848550579161503,1945.6921702747684,2042.039266677294
55.944638787787255,-3.1848550579161503,S,55.94433878778725,-3.1848550579161503,1945.6921702747684,2040.789266677294
55.94433878778725,-3.1848550579161503,N,55.944638787787255,-3.1848550579161503,1945.6921702747684,2039.539266677294
55.944638787787255,-3.1848550579161503,S,55.94433878778725,-3.1848550579161503,1945.6921702747684,2038.289266677294
55.94433878778725,-3.1848550579161503,N,55.944638787787255,-3.1848550579161503,1945.6921702747684,2037.039266677294
55.944638787787255,-3.1848550579161503,S,55.94433878778725,-3.1848550579161503,1945.6921702747684,2035.789266677294
55.94433878778725,-3.1848550579161503,N,55.944638787787255,-3.1848550579161503,1945.6921702747684,2034.539266677294
55.944638787787255,-3.1848550579161503,S,55.94433878778725,-3.1848550579161503,1945.6921702747684,2033.289266677294
55.94433878778725,-3.1848550579161503,N,55.944638787787255,-3.1848550579161503,1945.6921702747684,2032.039266677294
55.944638787787255,-3.1848550579161503,S,55.94433878778725,-3.1848550579161503,1945.6921702747684,2030.789266677294
55.94433878778725,-3.1848550579161503,N,55.944638787787255,-3.1848550579161503,1945.6921702747684,2029.539266677294
55.944638787787255,-3.1848550579161503,S,55.94433878778725,-3.1848550579161503,1945.6921702747684,2028.289266677294
55.94433878778725,-3.1848550579161503,N,55.944638787787255,-3.1848550579161503,1945.6921702747684,2027.039266677294
55.944638787787255,-3.1848550579161503,S,55.94433878778725,-3.1848550579161503,1945.6921702747684,2025.789266677294
55.94433878778725,-3.1848550579161503,N,55.944638787787255,-3.1848550579161503,1945.6921702747684,2024.539266677294
55.944638787787255,-3.1848550579161503,S,55.94433878778725,-3.1848550579161503,1945.6921702747684,2023.289266677294
55.94433878778725,-3.1848550579161503,N,55.944638787787255,-3.1848550579161503,1945.6921702747684,2022.039266677294
55.944638787787255,-3.1848550579161503,S,55.94433878778725,-3.1848550579161503,1945.6921702747684,2020.789266677294
55.94433878778725,-3.1848550579161503,N,55.944638787787255,-3.1848550579161503,1945.6921702747684,2019.539266677294
55.944638787787255,-3.1848550579161503,S,55.94433878778725,-3.1848550579161503,1945.6921702747684,2018.289266677294
55.94433878778725,-3.1848550579161503,N,55.944638787787255,-3.1848550579161503,1945.6921702747684,2017.039266677294
55.944638787787255,-3.1848550579161503,S,55.94433878778725,-3.1848550579161503,1945.6921702747684,2015.789266677294
55.94433878778725,-3.1848550579161503,N,55.944638787787255,-3.1848550579161503,1945.6921702747684,2014.539266677294
55.944638787787255,-3.1848550579161503,S,55.94433878778725,-3.1848550579161503,1945.6921702747684,2013.289266677294
55.94433878778725,-3.1848550579161503,N,55.944638787787255,-3.1848550579161503,1945.6921702747684,2012.039266677294
55.944638787787255,-3.1848550579161503,S,55.94433878778725,-3.1848550579161503,1945.6921702747684,2010.789266677294
55.94433878778725,-3.1848550579161503,N,55.944638787787255,-3.1848550579161503,1945.6921702747684,2009.539266677294
55.944638787787255,-3.1848550579161503,S,55.94433878778725,-3.1848550579161503,1945.6921702747684,2008.289266677294
55.94433878778725,-3.1848550579161503,N,55.944638787787255,-3.1848550579161503,1945.6921702747684,2007.039266677294
55.944638787787255,-3.1848550579161503,S,55.94433878778725,-3.1848550579161503,1945.6921702747684,2005.789266677294
55.94433878778725,-3.1848550579161503,N,55.944638787787255,-3.1848550579161503,1945.6921702747684,2004.539266677294
55.944638787787255,-3.1848550579161503,S,55.94433878778725,-3.1848550579161503,1945.6921702747684,2003.289266677294
55.94433878778725,-3.1848550579161503,N,55.944638787787255,-3.1848550579161503,1945.6921702747684,2002.039266677294
55.944638787787255,-3.1848550579161503,S,55.94433878778725,-3.1848550579161503,1945.6921702747684,2000.789266677294
