55.944425,-3.188396,ESE,55.94431019497029,-3.1881188361402466,108.90117016464977,365.88283462095706
55.94431019497029,-3.1881188361402466,SE,55.944098062935936,-3.187906704105891,144.6798861677134,386.14156488158983
55.944098062935936,-3.187906704105891,NNW,55.94437522679569,-3.1880215091356003,144.6798861677134,384.89156488158983
55.94437522679569,-3.1880215091356003,NNW,55.94465239065545,-3.18813631416531,173.88938463361188,466.75256745457045
55.94465239065545,-3.18813631416531,N,55.94495239065545,-3.18813631416531,275.66158921957856,565.9718789786807
55.94495239065545,-3.18813631416531,WSW,55.94483758562574,-3.1884134780250633,275.66158921957856,564.7218789786807
55.94483758562574,-3.1884134780250633,SW,55.944625453591385,-3.188625610059419,275.66158921957856,563.4718789786807
55.944625453591385,-3.188625610059419,WSW,55.944510648561675,-3.1889027739191724,329.79668828953106,632.246326562589
55.944510648561675,-3.1889027739191724,W,55.944510648561675,-3.1892027739191726,329.79668828953106,630.996326562589
55.944510648561675,-3.1892027739191726,W,55.944510648561675,-3.189502773919173,387.787888986801,632.8695533637712
55.944510648561675,-3.189502773919173,SSW,55.94423348470192,-3.1896175789488823,439.07440440957953,667.6278729468479
55.94423348470192,-3.1896175789488823,SSE,55.94395632084216,-3.189502773919173,439.07440440957953,666.3778729468479
55.94395632084216,-3.189502773919173,SSE,55.943679156982405,-3.1893879688894633,496.09403209139606,684.0921223367166
55.943679156982405,-3.1893879688894633,WSW,55.943564351952695,-3.1896651327492167,496.09403209139606,682.8421223367166
55.943564351952695,-3.1896651327492167,W,55.943564351952695,-3.189965132749217,540.7611588554934,798.7622084407236
55.943564351952695,-3.189965132749217,W,55.943564351952695,-3.190265132749217,649.1751440454622,871.9856050550746
55.943564351952695,-3.190265132749217,NW,55.94377648398705,-3.190477264783573,649.1751440454622,870.7356050550746
55.94377648398705,-3.190477264783573,W,55.94377648398705,-3.190777264783573,725.8937571923666,904.270371224292
55.94377648398705,-3.190777264783573,W,55.94377648398705,-3.1910772647835732,733.614118963504,965.6061014724942
55.94377648398705,-3.1910772647835732,NNW,55.94405364784681,-3.1911920698132827,733.614118963504,964.3561014724942
55.94405364784681,-3.1911920698132827,NNW,55.944330811706564,-3.1913068748429922,851.8809746057345,1016.7635442256324
55.944330811706564,-3.1913068748429922,NNE,55.94460797556632,-3.1911920698132827,897.4864484615387,1051.7046960752566
55.94460797556632,-3.1911920698132827,W,55.94460797556632,-3.191492069813283,897.4864484615387,1050.4546960752566
55.94460797556632,-3.191492069813283,WSW,55.94449317053661,-3.1917692336730363,923.7867782794011,1085.9020445218537
55.94449317053661,-3.1917692336730363,WSW,55.9443783655069,-3.1920463975327897,958.4557805650817,1132.690681167453
55.9443783655069,-3.1920463975327897,S,55.9440783655069,-3.1920463975327897,1058.6307959473106,1167.6920444678506
55.9440783655069,-3.1920463975327897,SSW,55.94380120164714,-3.1921612025624992,1152.832297421685,1198.0098988654165
55.94380120164714,-3.1921612025624992,ESE,55.94368639661743,-3.191884038702746,1152.832297421685,1196.7598988654165
55.94368639661743,-3.191884038702746,E,55.94368639661743,-3.1915840387027457,1152.832297421685,1195.5098988654165
55.94368639661743,-3.1915840387027457,ESE,55.94357159158772,-3.1913068748429922,1152.832297421685,1194.2598988654165
55.94357159158772,-3.1913068748429922,SE,55.94335945955336,-3.1910947428086365,1152.832297421685,1193.0098988654165
55.94335945955336,-3.1910947428086365,SSE,55.94308229569361,-3.190979937778927,1182.10353974635,1221.324209358057
55.94308229569361,-3.190979937778927,SSE,55.94280513183385,-3.1908651327492175,1222.1136776619019,1222.319990379775
55.94280513183385,-3.1908651327492175,E,55.94280513183385,-3.1905651327492173,1222.1136776619019,1221.069990379775
55.94280513183385,-3.1905651327492173,E,55.94280513183385,-3.190265132749217,1222.1136776619019,1219.819990379775
55.94280513183385,-3.190265132749217,ENE,55.94291993686356,-3.1899879688894637,1222.1136776619019,1218.569990379775
55.94291993686356,-3.1899879688894637,E,55.94291993686356,-3.1896879688894635,1222.1136776619019,1217.319990379775
55.94291993686356,-3.1896879688894635,ENE,55.94303474189327,-3.18941080502971,1225.6101153124876,1232.338759821929
55.94303474189327,-3.18941080502971,E,55.94303474189327,-3.18911080502971,1225.6101153124876,1231.088759821929
55.94303474189327,-3.18911080502971,E,55.94303474189327,-3.1888108050297097,1277.672246544825,1338.6072998543614
55.94303474189327,-3.1888108050297097,ENE,55.94314954692298,-3.1885336411699563,1277.672246544825,1337.3572998543614
55.94314954692298,-3.1885336411699563,E,55.94314954692298,-3.188233641169956,1277.672246544825,1336.1072998543614
55.94314954692298,-3.188233641169956,ENE,55.94326435195269,-3.1879564773102027,1293.891932491651,1408.5400038796843
55.94326435195269,-3.1879564773102027,ENE,55.9433791569824,-3.1876793134504493,1325.7125905619516,1468.9563266014015
55.9433791569824,-3.1876793134504493,E,55.9433791569824,-3.187379313450449,1325.7125905619516,1467.7063266014015
55.9433791569824,-3.187379313450449,E,55.9433791569824,-3.187079313450449,1325.7125905619516,1466.4563266014015
55.9433791569824,-3.187079313450449,E,55.9433791569824,-3.1867793134504487,1330.3218359547304,1482.4125508369018
55.9433791569824,-3.1867793134504487,ESE,55.94326435195269,-3.1865021495906953,1360.1864214927864,1597.6571156860591
55.94326435195269,-3.1865021495906953,N,55.943564351952695,-3.1865021495906953,1360.1864214927864,1596.4071156860591
55.943564351952695,-3.1865021495906953,NNW,55.94384151581245,-3.186616954620405,1360.1864214927864,1595.1571156860591
55.94384151581245,-3.186616954620405,N,55.944141515812454,-3.186616954620405,1481.139786472447,1691.6096015316998
55.944141515812454,-3.186616954620405,NE,55.94435364784681,-3.186404822586049,1489.726910836669,1791.1823910031649
55.94435364784681,-3.186404822586049,NNW,55.94463081170657,-3.1865196276157586,1489.726910836669,1789.9323910031649
55.94463081170657,-3.1865196276157586,NW,55.94484294374092,-3.1867317596501143,1559.576102061629,1844.2604087212887
55.94484294374092,-3.1867317596501143,ENE,55.94495774877063,-3.186454595790361,1559.576102061629,1843.0104087212887
55.94495774877063,-3.186454595790361,ENE,55.945072553800344,-3.1861774319306075,1559.576102061629,1841.7604087212887
55.945072553800344,-3.1861774319306075,E,55.945072553800344,-3.1858774319306074,1559.576102061629,1840.5104087212887
55.945072553800344,-3.1858774319306074,ENE,55.945187358830054,-3.185600268070854,1645.040745242813,1898.660713421665
55.945187358830054,-3.185600268070854,NE,55.94539949086441,-3.185388136036498,1645.040745242813,1897.410713421665
55.94539949086441,-3.185388136036498,NE,55.94561162289877,-3.1851760040021424,1769.1780834783826,1907.2059471525884
55.94561162289877,-3.1851760040021424,WSW,55.945496817869056,-3.185453167861896,1769.1780834783826,1905.9559471525884
55.945496817869056,-3.185453167861896,S,55.94519681786905,-3.185453167861896,1769.1780834783826,1904.7059471525884
55.94519681786905,-3.185453167861896,S,55.94489681786905,-3.185453167861896,1769.1780834783826,1903.4559471525884
55.94489681786905,-3.185453167861896,S,55.94459681786905,-3.185453167861896,1769.1780834783826,1902.2059471525884
55.94459681786905,-3.185453167861896,S,55.944296817869045,-3.185453167861896,1769.1780834783826,1900.9559471525884
55.944296817869045,-3.185453167861896,SSW,55.94401965400929,-3.1855679728916053,1769.1780834783826,1899.7059471525884
55.94401965400929,-3.1855679728916053,S,55.943719654009286,-3.1855679728916053,1835.6477589950669,1936.1505234279075
55.943719654009286,-3.1855679728916053,WNW,55.943834459038996,-3.1858451367513587,1835.6477589950669,1934.9005234279075
55.943834459038996,-3.1858451367513587,WNW,55.943949264068706,-3.186122300611112,1835.6477589950669,1933.6505234279075
55.943949264068706,-3.186122300611112,WNW,55.94406406909842,-3.1863994644708655,1835.6477589950669,1932.4005234279075
55.94406406909842,-3.1863994644708655,WNW,55.94417887412813,-3.186676628330619,1835.6477589950669,1931.1505234279075
55.94417887412813,-3.186676628330619,WNW,55.94429367915784,-3.1869537921903723,1835.6477589950669,1929.9005234279075
55.94429367915784,-3.1869537921903723,WNW,55.94440848418755,-3.1872309560501257,1835.6477589950669,1928.6505234279075
55.94440848418755,-3.1872309560501257,WNW,55.94452328921726,-3.187508119909879,1835.6477589950669,1927.4005234279075
55.94452328921726,-3.187508119909879,WNW,55.94463809424697,-3.1877852837696325,1835.6477589950669,1926.1505234279075
55.94463809424697,-3.1877852837696325,SW,55.94442596221261,-3.1879974158039883,1835.6477589950669,1924.9005234279075
55.94442596221261,-3.1879974158039883,NW,55.94463809424697,-3.188209547838344,1835.6477589950669,1923.6505234279075
55.94463809424697,-3.188209547838344,WNW,55.94475289927668,-3.1884867116980975,1835.6477589950669,1922.4005234279075
55.94475289927668,-3.1884867116980975,NW,55.944965031311035,-3.1886988437324533,1835.6477589950669,1921.1505234279075
55.944965031311035,-3.1886988437324533,WNW,55.945079836340746,-3.1889760075922067,1835.6477589950669,1919.9005234279075
55.945079836340746,-3.1889760075922067,NW,55.9452919683751,-3.1891881396265624,1924.0349205605894,2021.1488921969824
55.9452919683751,-3.1891881396265624,NNW,55.94556913223486,-3.189302944656272,1924.0349205605894,2019.8988921969824
55.94556913223486,-3.189302944656272,NW,55.945781264269215,-3.1895150766906277,2019.93444063558,2119.068861853751
55.945781264269215,-3.1895150766906277,WNW,55.945896069298925,-3.189792240550381,2019.93444063558,2117.818861853751
55.945896069298925,-3.189792240550381,WNW,55.946010874328636,-3.1900694044101345,2019.93444063558,2116.568861853751
55.946010874328636,-3.1900694044101345,WNW,55.946125679358346,-3.190346568269888,2133.456259208296,2156.5018813079027
55.946125679358346,-3.190346568269888,ESE,55.946010874328636,-3.1900694044101345,2133.456259208296,2155.2518813079027
55.946010874328636,-3.1900694044101345,WNW,55.946125679358346,-3.190346568269888,2133.456259208296,2154.0018813079027
55.946125679358346,-3.190346568269888,ESE,55.946010874328636,-3.1900694044101345,2133.456259208296,2152.7518813079027
55.946010874328636,-3.1900694044101345,WNW,55.946125679358346,-3.190346568269888,2133.456259208296,2151.5018813079027
55.946125679358346,-3.190346568269888,ESE,55.946010874328636,-3.1900694044101345,2133.456259208296,2150.2518813079027
55.946010874328636,-3.1900694044101345,WNW,55.946125679358346,-3.190346568269888,2133.456259208296,2149.0018813079027
55.946125679358346,-3.190346568269888,ESE,55.946010874328636,-3.1900694044101345,2133.456259208296,2147.7518813079027
55.946010874328636,-3.1900694044101345,WNW,55.946125679358346,-3.190346568269888,2133.456259208296,2146.5018813079027
55.946125679358346,-3.190346568269888,ESE,55.946010874328636,-3.1900694044101345,2133.456259208296,2145.2518813079027
55.946010874328636,-3.1900694044101345,WNW,55.946125679358346,-3.190346568269888,2133.456259208296,2144.0018813079027
55.946125679358346,-3.190346568269888,ESE,55.946010874328636,-3.1900694044101345,2133.456259208296,2142.7518813079027
55.946010874328636,-3.1900694044101345,WNW,55.946125679358346,-3.190346568269888,2133.456259208296,2141.5018813079027
55.946125679358346,-3.190346568269888,ESE,55.946010874328636,-3.1900694044101345,2133.456259208296,2140.2518813079027
55.946010874328636,-3.1900694044101345,WNW,55.946125679358346,-3.190346568269888,2133.456259208296,2139.0018813079027
55.946125679358346,-3.190346568269888,ESE,55.946010874328636,-3.1900694044101345,2133.456259208296,2137.7518813079027
55.946010874328636,-3.1900694044101345,WNW,55.946125679358346,-3.190346568269888,2133.456259208296,2136.5018813079027
55.946125679358346,-3.190346568269888,ESE,55.946010874328636,-3.1900694044101345,2133.456259208296,2135.2518813079027
55.946010874328636,-3.1900694044101345,WNW,55.946125679358346,-3.190346568269888,2133.456259208296,2134.0018813079027
55.946125679358346,-3.190346568269888,ESE,55.946010874328636,-3.1900694044101345,2133.456259208296,2132.7518813079027
55.946010874328636,-3.1900694044101345,WNW,55.946125679358346,-3.190346568269888,2133.456259208296,2131.5018813079027
55.946125679358346,-3.190346568269888,ESE,55.946010874328636,-3.1900694044101345,2133.456259208296,2130.2518813079027
55.946010874328636,-3.1900694044101345,WNW,55.946125679358346,-3.190346568269888,2133.456259208296,2129.0018813079027
55.946125679358346,-3.190346568269888,ESE,55.946010874328636,-3.1900694044101345,2133.456259208296,2127.7518813079027
55.946010874328636,-3.1900694044101345,WNW,55.946125679358346,-3.190346568269888,2133.456259208296,2126.5018813079027
55.946125679358346,-3.190346568269888,ESE,55.946010874328636,-3.1900694044101345,2133.456259208296,2125.2518813079027
55.946010874328636,-3.1900694044101345,WNW,55.946125679358346,-3.190346568269888,2133.456259208296,2124.0018813079027
55.946125679358346,-3.190346568269888,ESE,55.946010874328636,-3.1900694044101345,2133.456259208296,2122.7518813079027
55.946010874328636,-3.1900694044101345,WNW,55.946125679358346,-3.190346568269888,2133.456259208296,2121.5018813079027
55.946125679358346,-3.190346568269888,ESE,55.946010874328636,-3.1900694044101345,2133.456259208296,2120.2518813079027
55.946010874328636,-3.1900694044101345,WNW,55.946125679358346,-3.190346568269888,2133.456259208296,2119.0018813079027
55.946125679358346,-3.190346568269888,ESE,55.946010874328636,-3.1900694044101345,2133.456259208296,2117.7518813079027
55.946010874328636,-3.1900694044101345,WNW,55.946125679358346,-3.190346568269888,2133.456259208296,2116.5018813079027
55.946125679358346,-3.190346568269888,ESE,55.946010874328636,-3.1900694044101345,2133.456259208296,2115.2518813079027
55.946010874328636,-3.1900694044101345,WNW,55.946125679358346,-3.190346568269888,2133.456259208296,2114.0018813079027
55.946125679358346,-3.190346568269888,ESE,55.946010874328636,-3.1900694044101345,2133.456259208296,2112.7518813079027
55.946010874328636,-3.1900694044101345,WNW,55.946125679358346,-3.190346568269888,2133.456259208296,2111.5018813079027
55.946125679358346,-3.190346568269888,ESE,55.946010874328636,-3.1900694044101345,2133.456259208296,2110.2518813079027
55.946010874328636,-3.1900694044101345,WNW,55.946125679358346,-3.190346568269888,2133.456259208296,2109.0018813079027
55.946125679358346,-3.190346568269888,ESE,55.946010874328636,-3.1900694044101345,2133.456259208296,2107.7518813079027
55.946010874328636,-3.1900694044101345,WNW,55.946125679358346,-3.190346568269888,2133.456259208296,2106.5018813079027
55.946125679358346,-3.190346568269888,ESE,55.946010874328636,-3.1900694044101345,2133.456259208296,2105.2518813079027
55.946010874328636,-3.1900694044101345,WNW,55.946125679358346,-3.190346568269888,2133.456259208296,2104.0018813079027
55.946125679358346,-3.190346568269888,ESE,55.946010874328636,-3.1900694044101345,2133.456259208296,2102.7518813079027
55.946010874328636,-3.1900694044101345,WNW,55.946125679358346,-3.190346568269888,2133.456259208296,2101.5018813079027
55.946125679358346,-3.190346568269888,ESE,55.946010874328636,-3.1900694044101345,2133.456259208296,2100.2518813079027
55.946010874328636,-3.1900694044101345,WNW,55.946125679358346,-3.190346568269888,2133.456259208296,2099.0018813079027
55.946125679358346,-3.190346568269888,ESE,55.946010874328636,-3.1900694044101345,2133.456259208296,2097.7518813079027
55.946010874328636,-3.1900694044101345,WNW,55.946125679358346,-3.190346568269888,2133.456259208296,2096.5018813079027
55.946125679358346,-3.190346568269888,ESE,55.946010874328636,-3.1900694044101345,2133.456259208296,2095.2518813079027
55.946010874328636,-3.1900694044101345,WNW,55.946125679358346,-3.190346568269888,2133.456259208296,2094.0018813079027
55.946125679358346,-3.190346568269888,ESE,55.946010874328636,-3.1900694044101345,2133.456259208296,2092.7518813079027
55.946010874328636,-3.1900694044101345,WNW,55.946125679358346,-3.190346568269888,2133.456259208296,2091.5018813079027
55.946125679358346,-3.190346568269888,ESE,55.946010874328636,-3.1900694044101345,2133.456259208296,2090.2518813079027
55.946010874328636,-3.1900694044101345,WNW,55.946125679358346,-3.190346568269888,2133.456259208296,2089.0018813079027
55.946125679358346,-3.190346568269888,ESE,55.946010874328636,-3.1900694044101345,2133.456259208296,2087.7518813079027
55.946010874328636,-3.1900694044101345,WNW,55.946125679358346,-3.190346568269888,2133.456259208296,2086.5018813079027
55.946125679358346,-3.190346568269888,ESE,55.946010874328636,-3.1900694044101345,2133.456259208296,2085.2518813079027
55.946010874328636,-3.1900694044101345,WNW,55.946125679358346,-3.190346568269888,2133.456259208296,2084.0018813079027
55.946125679358346,-3.190346568269888,ESE,55.946010874328636,-3.1900694044101345,2133.456259208296,2082.7518813079027
55.946010874328636,-3.1900694044101345,WNW,55.946125679358346,-3.190346568269888,2133.456259208296,2081.5018813079027
55.946125679358346,-3.190346568269888,ESE,55.946010874328636,-3.1900694044101345,2133.456259208296,2080.2518813079027
55.946010874328636,-3.1900694044101345,WNW,55.946125679358346,-3.190346568269888,2133.456259208296,2079.0018813079027
55.946125679358346,-3.190346568269888,ESE,55.946010874328636,-3.1900694044101345,2133.456259208296,2077.7518813079027
55.946010874328636,-3.1900694044101345,WNW,55.946125679358346,-3.190346568269888,2133.456259208296,2076.5018813079027
55.946125679358346,-3.190346568269888,ESE,55.946010874328636,-3.1900694044101345,2133.456259208296,2075.2518813079027
55.946010874328636,-3.1900694044101345,WNW,55.946125679358346,-3.190346568269888,2133.456259208296,2074.0018813079027
55.946125679358346,-3.190346568269888,ESE,55.946010874328636,-3.1900694044101345,2133.456259208296,2072.7518813079027
55.946010874328636,-3.1900694044101345,WNW,55.946125679358346,-3.190346568269888,2133.456259208296,2071.5018813079027
55.946125679358346,-3.190346568269888,ESE,55.946010874328636,-3.1900694044101345,2133.456259208296,2070.2518813079027
55.946010874328636,-3.1900694044101345,WNW,55.946125679358346,-3.190346568269888,2133.456259208296,2069.0018813079027
55.946125679358346,-3.190346568269888,ESE,55.946010874328636,-3.1900694044101345,2133.456259208296,2067.7518813079027
55.946010874328636,-3.1900694044101345,WNW,55.946125679358346,-3.190346568269888,2133.456259208296,2066.5018813079027
55.946125679358346,-3.190346568269888,ESE,55.946010874328636,-3.1900694044101345,2133.456259208296,2065.2518813079027
55.946010874328636,-3.1900694044101345,WNW,55.946125679358346,-3.190346568269888,2133.456259208296,2064.0018813079027
55.946125679358346,-3.190346568269888,ESE,55.946010874328636,-3.1900694044101345,2133.456259208296,2062.7518813079027
55.946010874328636,-3.1900694044101345,WNW,55.946125679358346,-3.190346568269888,2133.456259208296,2061.5018813079027
55.946125679358346,-3.190346568269888,ESE,55.946010874328636,-3.1900694044101345,2133.456259208296,2060.2518813079027
55.946010874328636,-3.1900694044101345,WNW,55.946125679358346,-3.190346568269888,2133.456259208296,2059.0018813079027
55.946125679358346,-3.190346568269888,ESE,55.946010874328636,-3.1900694044101345,2133.456259208296,2057.7518813079027
55.946010874328636,-3.1900694044101345,WNW,55.946125679358346,-3.190346568269888,2133.456259208296,2056.5018813079027
55.946125679358346,-3.190346568269888,ESE,55.946010874328636,-3.1900694044101345,2133.456259208296,2055.2518813079027
55.946010874328636,-3.1900694044101345,WNW,55.946125679358346,-3.190346568269888,2133.456259208296,2054.0018813079027
55.946125679358346,-3.190346568269888,ESE,55.946010874328636,-3.1900694044101345,2133.456259208296,2052.7518813079027
55.946010874328636,-3.1900694044101345,WNW,55.946125679358346,-3.190346568269888,2133.456259208296,2051.5018813079027
55.946125679358346,-3.190346568269888,ESE,55.946010874328636,-3.1900694044101345,2133.456259208296,2050.2518813079027
55.946010874328636,-3.1900694044101345,WNW,55.946125679358346,-3.190346568269888,2133.456259208296,2049.0018813079027
55.946125679358346,-3.190346568269888,ESE,55.946010874328636,-3.1900694044101345,2133.456259208296,2047.7518813079027
55.946010874328636,-3.1900694044101345,WNW,55.946125679358346,-3.190346568269888,2133.456259208296,2046.5018813079027
55.946125679358346,-3.190346568269888,ESE,55.946010874328636,-3.1900694044101345,2133.456259208296,2045.2518813079027
55.946010874328636,-3.1900694044101345,WNW,55.946125679358346,-3.190346568269888,2133.456259208296,2044.0018813079027
55.946125679358346,-3.190346568269888,ESE,55.946010874328636,-3.1900694044101345,2133.456259208296,2042.7518813079027
55.946010874328636,-3.1900694044101345,WNW,55.946125679358346,-3.190346568269888,2133.456259208296,2041.5018813079027
55.946125679358346,-3.190346568269888,ESE,55.946010874328636,-3.1900694044101345,2133.456259208296,2040.2518813079027
55.946010874328636,-3.1900694044101345,WNW,55.946125679358346,-3.190346568269888,2133.456259208296,2039.0018813079027
55.946125679358346,-3.190346568269888,ESE,55.946010874328636,-3.1900694044101345,2133.456259208296,2037.7518813079027
55.946010874328636,-3.1900694044101345,WNW,55.946125679358346,-3.190346568269888,2133.456259208296,2036.5018813079027
55.946125679358346,-3.190346568269888,ESE,55.946010874328636,-3.1900694044101345,2133.456259208296,2035.2518813079027
55.946010874328636,-3.1900694044101345,WNW,55.946125679358346,-3.190346568269888,2133.456259208296,2034.0018813079027
55.946125679358346,-3.190346568269888,ESE,55.946010874328636,-3.1900694044101345,2133.456259208296,2032.7518813079027
55.946010874328636,-3.1900694044101345,WNW,55.946125679358346,-3.190346568269888,2133.456259208296,2031.5018813079027
55.946125679358346,-3.190346568269888,ESE,55.946010874328636,-3.1900694044101345,2133.456259208296,2030.2518813079027
55.946010874328636,-3.1900694044101345,WNW,55.946125679358346,-3.190346568269888,2133.456259208296,2029.0018813079027
55.946125679358346,-3.190346568269888,ESE,55.946010874328636,-3.1900694044101345,2133.456259208296,2027.7518813079027
55.946010874328636,-3.1900694044101345,WNW,55.946125679358346,-3.190346568269888,2133.456259208296,2026.5018813079027
55.946125679358346,-3.190346568269888,ESE,55.946010874328636,-3.1900694044101345,2133.456259208296,2025.2518813079027
55.946010874328636,-3.1900694044101345,WNW,55.946125679358346,-3.190346568269888,2133.456259208296,2024.0018813079027
55.946125679358346,-3.190346568269888,ESE,55.946010874328636,-3.1900694044101345,2133.456259208296,2022.7518813079027
55.946010874328636,-3.1900694044101345,WNW,55.946125679358346,-3.190346568269888,2133.456259208296,2021.5018813079027
55.946125679358346,-3.190346568269888,ESE,55.946010874328636,-3.1900694044101345,2133.456259208296,2020.2518813079027
55.946010874328636,-3.1900694044101345,WNW,55.946125679358346,-3.190346568269888,2133.456259208296,2019.0018813079027
55.946125679358346,-3.190346568269888,ESE,55.946010874328636,-3.1900694044101345,2133.456259208296,2017.7518813079027
55.946010874328636,-3.1900694044101345,WNW,55.946125679358346,-3.190346568269888,2133.456259208296,2016.5018813079027
55.946125679358346,-3.190346568269888,ESE,55.946010874328636,-3.1900694044101345,2133.456259208296,2015.2518813079027
55.946010874328636,-3.1900694044101345,WNW,55.946125679358346,-3.190346568269888,2133.456259208296,2014.0018813079027
55.946125679358346,-3.190346568269888,ESE,55.946010874328636,-3.1900694044101345,2133.456259208296,2012.7518813079027
55.946010874328636,-3.1900694044101345,WNW,55.946125679358346,-3.190346568269888,2133.456259208296,2011.5018813079027
55.946125679358346,-3.190346568269888,ESE,55.946010874328636,-3.1900694044101345,2133.456259208296,2010.2518813079027
55.946010874328636,-3.1900694044101345,WNW,55.946125679358346,-3.190346568269888,2133.456259208296,2009.0018813079027
55.946125679358346,-3.190346568269888,ESE,55.946010874328636,-3.1900694044101345,2133.456259208296,2007.7518813079027
55.946010874328636,-3.1900694044101345,WNW,55.946125679358346,-3.190346568269888,2133.456259208296,2006.5018813079027
55.946125679358346,-3.190346568269888,ESE,55.946010874328636,-3.1900694044101345,2133.456259208296,2005.2518813079027
55.946010874328636,-3.1900694044101345,WNW,55.946125679358346,-3.190346568269888,2133.456259208296,2004.0018813079027
55.946125679358346,-3.190346568269888,ESE,55.946010874328636,-3.1900694044101345,2133.456259208296,2002.7518813079027
55.946010874328636,-3.1900694044101345,WNW,55.946125679358346,-3.190346568269888,2133.456259208296,2001.5018813079027
55.946125679358346,-3.190346568269888,ESE,55.946010874328636,-3.1900694044101345,2133.456259208296,2000.2518813079027
55.946010874328636,-3.1900694044101345,WNW,55.946125679358346,-3.190346568269888,2133.456259208296,1999.0018813079027
55.946125679358346,-3.190346568269888,ESE,55.946010874328636,-3.1900694044101345,2133.456259208296,1997.7518813079027
55.946010874328636,-3.1900694044101345,WNW,55.946125679358346,-3.190346568269888,2133.456259208296,1996.5018813079027
55.946125679358346,-3.190346568269888,ESE,55.946010874328636,-3.1900694044101345,2133.456259208296,1995.2518813079027
55.946010874328636,-3.1900694044101345,WNW,55.946125679358346,-3.190346568269888,2133.456259208296,1994.0018813079027
55.946125679358346,-3.190346568269888,ESE,55.946010874328636,-3.1900694044101345,2133.456259208296,1992.7518813079027
55.946010874328636,-3.1900694044101345,WNW,55.946125679358346,-3.190346568269888,2133.456259208296,1991.5018813079027
55.946125679358346,-3.190346568269888,ESE,55.946010874328636,-3.1900694044101345,2133.456259208296,1990.2518813079027
55.946010874328636,-3.1900694044101345,WNW,55.946125679358346,-3.190346568269888,2133.456259208296,1989.0018813079027
55.946125679358346,-3.190346568269888,ESE,55.946010874328636,-3.1900694044101345,2133.456259208296,1987.7518813079027
55.946010874328636,-3.1900694044101345,WNW,55.946125679358346,-3.190346568269888,2133.456259208296,1986.5018813079027
55.946125679358346,-3.190346568269888,ESE,55.946010874328636,-3.1900694044101345,2133.456259208296,1985.2518813079027
55.946010874328636,-3.1900694044101345,WNW,55.946125679358346,-3.190346568269888,2133.456259208296,1984.0018813079027
55.946125679358346,-3.190346568269888,ESE,55.946010874328636,-3.1900694044101345,2133.456259208296,1982.7518813079027
55.946010874328636,-3.1900694044101345,WNW,55.946125679358346,-3.190346568269888,2133.456259208296,1981.5018813079027
55.946125679358346,-3.190346568269888,ESE,55.946010874328636,-3.1900694044101345,2133.456259208296,1980.2518813079027
55.946010874328636,-3.1900694044101345,WNW,55.946125679358346,-3.190346568269888,2133.456259208296,1979.0018813079027
55.946125679358346,-3.190346568269888,ESE,55.946010874328636,-3.1900694044101345,2133.456259208296,1977.7518813079027
55.946010874328636,-3.1900694044101345,WNW,55.946125679358346,-3.190346568269888,2133.456259208296,1976.5018813079027
55.946125679358346,-3.190346568269888,ESE,55.946010874328636,-3.1900694044101345,2133.456259208296,1975.2518813079027
55.946010874328636,-3.1900694044101345,WNW,55.946125679358346,-3.190346568269888,2133.456259208296,1974.0018813079027
55.946125679358346,-3.190346568269888,ESE,55.946010874328636,-3.1900694044101345,2133.456259208296,1972.7518813079027
55.946010874328636,-3.1900694044101345,WNW,55.946125679358346,-3.190346568269888,2133.456259208296,1971.5018813079027
55.946125679358346,-3.190346568269888,ESE,55.946010874328636,-3.1900694044101345,2133.456259208296,1970.2518813079027
55.946010874328636,-3.1900694044101345,WNW,55.946125679358346,-3.190346568269888,2133.456259208296,1969.0018813079027
55.946125679358346,-3.190346568269888,ESE,55.946010874328636,-3.1900694044101345,2133.456259208296,1967.7518813079027
55.946010874328636,-3.1900694044101345,WNW,55.946125679358346,-3.190346568269888,2133.456259208296,1966.5018813079027
55.946125679358346,-3.190346568269888,ESE,55.946010874328636,-3.1900694044101345,2133.456259208296,1965.2518813079027
55.946010874328636,-3.1900694044101345,WNW,55.946125679358346,-3.190346568269888,2133.456259208296,1964.0018813079027
55.946125679358346,-3.190346568269888,ESE,55.946010874328636,-3.1900694044101345,2133.456259208296,1962.7518813079027
55.946010874328636,-3.1900694044101345,WNW,55.946125679358346,-3.190346568269888,2133.456259208296,1961.5018813079027
55.946125679358346,-3.190346568269888,ESE,55.946010874328636,-3.1900694044101345,2133.456259208296,1960.2518813079027
55.946010874328636,-3.1900694044101345,WNW,55.946125679358346,-3.190346568269888,2133.456259208296,1959.0018813079027
55.946125679358346,-3.190346568269888,ESE,55.946010874328636,-3.1900694044101345,2133.456259208296,1957.7518813079027
55.946010874328636,-3.1900694044101345,WNW,55.946125679358346,-3.190346568269888,2133.456259208296,1956.5018813079027
55.946125679358346,-3.190346568269888,ESE,55.946010874328636,-3.1900694044101345,2133.456259208296,1955.2518813079027
55.946010874328636,-3.1900694044101345,WNW,55.946125679358346,-3.190346568269888,2133.456259208296,1954.0018813079027
55.946125679358346,-3.190346568269888,ESE,55.946010874328636,-3.1900694044101345,2133.456259208296,1952.7518813079027
55.946010874328636,-3.1900694044101345,WNW,55.946125679358346,-3.190346568269888,2133.456259208296,1951.5018813079027
