55.944425,-3.188396,SSE,55.944147836140246,-3.1882811949702905,31.64939266945485,327.6701179503772
55.944147836140246,-3.1882811949702905,ENE,55.944262641169956,-3.188004031110537,31.64939266945485,326.4201179503772
55.944262641169956,-3.188004031110537,ENE,55.94437744619967,-3.1877268672507837,31.64939266945485,325.1701179503772
55.94437744619967,-3.1877268672507837,NE,55.94458957823402,-3.187514735216428,75.71970350061324,424.59469669789286
55.94458957823402,-3.187514735216428,NW,55.94480171026838,-3.1877268672507837,75.71970350061324,423.34469669789286
55.94480171026838,-3.1877268672507837,NW,55.945013842302735,-3.1879389992851395,75.71970350061324,422.09469669789286
55.945013842302735,-3.1879389992851395,NW,55.94522597433709,-3.1881511313194952,145.57873868062887,493.1623570485542
55.94522597433709,-3.1881511313194952,E,55.94522597433709,-3.187851131319495,145.57873868062887,491.9123570485542
55.94522597433709,-3.187851131319495,SW,55.945013842302735,-3.188063263353851,199.46770749524015,586.5534567641896
55.945013842302735,-3.188063263353851,W,55.945013842302735,-3.188363263353851,199.46770749524015,585.3034567641896
55.945013842302735,-3.188363263353851,W,55.945013842302735,-3.188663263353851,199.46770749524015,584.0534567641896
55.945013842302735,-3.188663263353851,WSW,55.944899037273025,-3.1889404272136046,199.46770749524015,582.8034567641896
55.944899037273025,-3.1889404272136046,SW,55.94468690523867,-3.1891525592479604,262.39152553971553,595.2814113104988
55.94468690523867,-3.1891525592479604,WSW,55.94457210020896,-3.1894297231077138,262.39152553971553,594.0314113104988
55.94457210020896,-3.1894297231077138,SSW,55.9442949363492,-3.1895445281374233,262.39152553971553,592.7814113104988
55.9442949363492,-3.1895445281374233,SW,55.944082804314846,-3.189756660171779,330.7202746666492,618.8527907386436
55.944082804314846,-3.189756660171779,NW,55.9442949363492,-3.189968792206135,330.7202746666492,617.6027907386436
55.9442949363492,-3.189968792206135,NW,55.94450706838356,-3.1901809242404906,330.7202746666492,616.3527907386436
55.94450706838356,-3.1901809242404906,NNW,55.944784232243315,-3.1902957292702,330.7202746666492,615.1027907386436
55.944784232243315,-3.1902957292702,NW,55.94499636427767,-3.190507861304556,335.4978085509183,673.440502515841
55.94499636427767,-3.190507861304556,W,55.94499636427767,-3.190807861304556,335.4978085509183,672.190502515841
55.94499636427767,-3.190807861304556,W,55.94499636427767,-3.1911078613045563,335.4978085509183,670.940502515841
55.94499636427767,-3.1911078613045563,WSW,55.94488155924796,-3.1913850251643097,457.1326783834513,740.2936742370347
55.94488155924796,-3.1913850251643097,W,55.94488155924796,-3.19168502516431,457.1326783834513,739.0436742370347
55.94488155924796,-3.19168502516431,W,55.94488155924796,-3.19198502516431,457.1326783834513,737.7936742370347
55.94488155924796,-3.19198502516431,WSW,55.94476675421825,-3.1922621890240634,566.4128432085089,853.3767507115114
55.94476675421825,-3.1922621890240634,N,55.94506675421825,-3.1922621890240634,566.4128432085089,852.1267507115114
55.94506675421825,-3.1922621890240634,N,55.945366754218256,-3.1922621890240634,566.4128432085089,850.8767507115114
55.945366754218256,-3.1922621890240634,NNW,55.94564391807801,-3.192376994053773,637.4151131924787,915.7964217225511
55.94564391807801,-3.192376994053773,NE,55.94585605011237,-3.192164862019417,686.0143509237445,938.5848039281617
55.94585605011237,-3.192164862019417,NNW,55.946133213972125,-3.1922796670491267,735.8156823067146,1044.5318671895923
55.946133213972125,-3.1922796670491267,S,55.94583321397212,-3.1922796670491267,735.8156823067146,1043.2818671895923
55.94583321397212,-3.1922796670491267,S,55.94553321397212,-3.1922796670491267,735.8156823067146,1042.0318671895923
55.94553321397212,-3.1922796670491267,S,55.94523321397212,-3.1922796670491267,735.8156823067146,1040.7818671895923
55.94523321397212,-3.1922796670491267,S,55.944933213972114,-3.1922796670491267,735.8156823067146,1039.5318671895923
55.944933213972114,-3.1922796670491267,S,55.94463321397211,-3.1922796670491267,735.8156823067146,1038.2818671895923
55.94463321397211,-3.1922796670491267,S,55.94433321397211,-3.1922796670491267,735.8156823067146,1037.0318671895923
55.94433321397211,-3.1922796670491267,S,55.944033213972105,-3.1922796670491267,735.8156823067146,1035.7818671895923
55.944033213972105,-3.1922796670491267,SE,55.94382108193775,-3.192067535014771,812.3972092127021,1109.7411650064562
55.94382108193775,-3.192067535014771,SSE,55.94354391807799,-3.1919527299850614,812.3972092127021,1108.4911650064562
55.94354391807799,-3.1919527299850614,SSE,55.943266754218236,-3.191837924955352,812.3972092127021,1107.2411650064562
55.943266754218236,-3.191837924955352,ESE,55.943151949188525,-3.1915607610955985,935.9216701679848,1227.9794652318487
55.943151949188525,-3.1915607610955985,S,55.94285194918852,-3.1915607610955985,946.8848346735455,1296.0314719116677
55.94285194918852,-3.1915607610955985,ENE,55.94296675421823,-3.191283597235845,946.8848346735455,1294.7814719116677
55.94296675421823,-3.191283597235845,ENE,55.94308155924794,-3.1910064333760917,946.8848346735455,1293.5314719116677
55.94308155924794,-3.1910064333760917,NE,55.9432936912823,-3.190794301341736,993.6992889413837,1389.2752482858057
55.9432936912823,-3.190794301341736,ENE,55.94340849631201,-3.1905171374819825,1042.557043621422,1413.9848872008936
55.94340849631201,-3.1905171374819825,N,55.94370849631201,-3.1905171374819825,1042.557043621422,1412.7348872008936
55.94370849631201,-3.1905171374819825,WNW,55.94382330134172,-3.190794301341736,1146.0397994970654,1523.4273898548856
55.94382330134172,-3.190794301341736,ESE,55.94370849631201,-3.1905171374819825,1146.0397994970654,1522.1773898548856
55.94370849631201,-3.1905171374819825,SE,55.94349636427766,-3.1903050054476267,1146.0397994970654,1520.9273898548856
55.94349636427766,-3.1903050054476267,ESE,55.943381559247946,-3.1900278415878733,1146.0397994970654,1519.6773898548856
55.943381559247946,-3.1900278415878733,ESE,55.943266754218236,-3.18975067772812,1146.0397994970654,1518.4273898548856
55.943266754218236,-3.18975067772812,ESE,55.943151949188525,-3.1894735138683665,1146.0397994970654,1517.1773898548856
55.943151949188525,-3.1894735138683665,ESE,55.943037144158815,-3.189196350008613,1146.0397994970654,1515.9273898548856
55.943037144158815,-3.189196350008613,SE,55.94282501212446,-3.1889842179742574,1146.0397994970654,1514.6773898548856
55.94282501212446,-3.1889842179742574,NNE,55.943102175984215,-3.188869412944548,1146.0397994970654,1513.4273898548856
55.943102175984215,-3.188869412944548,E,55.943102175984215,-3.1885694129445477,1146.0397994970654,1512.1773898548856
55.943102175984215,-3.1885694129445477,E,55.943102175984215,-3.1882694129445475,1231.444241496641,1569.248358530461
55.943102175984215,-3.1882694129445475,SE,55.94289004394986,-3.1880572809101917,1275.1401796975638,1575.4111682914672
55.94289004394986,-3.1880572809101917,W,55.94289004394986,-3.188357280910192,1275.1401796975638,1574.1611682914672
55.94289004394986,-3.188357280910192,NW,55.943102175984215,-3.1885694129445477,1275.1401796975638,1572.9111682914672
55.943102175984215,-3.1885694129445477,SE,55.94289004394986,-3.188357280910192,1275.1401796975638,1571.6611682914672
55.94289004394986,-3.188357280910192,NW,55.943102175984215,-3.1885694129445477,1275.1401796975638,1570.4111682914672
55.943102175984215,-3.1885694129445477,SE,55.94289004394986,-3.188357280910192,1275.1401796975638,1569.1611682914672
55.94289004394986,-3.188357280910192,NW,55.943102175984215,-3.1885694129445477,1275.1401796975638,1567.9111682914672
55.943102175984215,-3.1885694129445477,SE,55.94289004394986,-3.188357280910192,1275.1401796975638,1566.6611682914672
55.94289004394986,-3.188357280910192,NW,55.943102175984215,-3.1885694129445477,1275.1401796975638,1565.4111682914672
55.943102175984215,-3.1885694129445477,SE,55.94289004394986,-3.188357280910192,1275.1401796975638,1564.1611682914672
55.94289004394986,-3.188357280910192,NW,55.943102175984215,-3.1885694129445477,1275.1401796975638,1562.9111682914672
55.943102175984215,-3.1885694129445477,SE,55.94289004394986,-3.188357280910192,1275.1401796975638,1561.6611682914672
55.94289004394986,-3.188357280910192,NW,55.943102175984215,-3.1885694129445477,1275.1401796975638,1560.4111682914672
55.943102175984215,-3.1885694129445477,SE,55.94289004394986,-3.188357280910192,1275.1401796975638,1559.1611682914672
55.94289004394986,-3.188357280910192,NW,55.943102175984215,-3.1885694129445477,1275.1401796975638,1557.9111682914672
55.943102175984215,-3.1885694129445477,SE,55.94289004394986,-3.188357280910192,1275.1401796975638,1556.6611682914672
55.94289004394986,-3.188357280910192,NW,55.943102175984215,-3.1885694129445477,1275.1401796975638,1555.4111682914672
55.943102175984215,-3.1885694129445477,SE,55.94289004394986,-3.188357280910192,1275.1401796975638,1554.1611682914672
55.94289004394986,-3.188357280910192,NW,55.943102175984215,-3.1885694129445477,1275.1401796975638,1552.9111682914672
55.943102175984215,-3.1885694129445477,SE,55.94289004394986,-3.188357280910192,1275.1401796975638,1551.6611682914672
55.94289004394986,-3.188357280910192,NW,55.943102175984215,-3.1885694129445477,1275.1401796975638,1550.4111682914672
55.943102175984215,-3.1885694129445477,SE,55.94289004394986,-3.188357280910192,1275.1401796975638,1549.1611682914672
55.94289004394986,-3.188357280910192,NW,55.943102175984215,-3.1885694129445477,1275.1401796975638,1547.9111682914672
55.943102175984215,-3.1885694129445477,SE,55.94289004394986,-3.188357280910192,1275.1401796975638,1546.6611682914672
55.94289004394986,-3.188357280910192,NW,55.943102175984215,-3.1885694129445477,1275.1401796975638,1545.4111682914672
55.943102175984215,-3.1885694129445477,SE,55.94289004394986,-3.188357280910192,1275.1401796975638,1544.1611682914672
55.94289004394986,-3.188357280910192,NW,55.943102175984215,-3.1885694129445477,1275.1401796975638,1542.9111682914672
55.943102175984215,-3.1885694129445477,SE,55.94289004394986,-3.188357280910192,1275.1401796975638,1541.6611682914672
55.94289004394986,-3.188357280910192,NW,55.943102175984215,-3.1885694129445477,1275.1401796975638,1540.4111682914672
55.943102175984215,-3.1885694129445477,SE,55.94289004394986,-3.188357280910192,1275.1401796975638,1539.1611682914672
55.94289004394986,-3.188357280910192,NW,55.943102175984215,-3.1885694129445477,1275.1401796975638,1537.9111682914672
55.943102175984215,-3.1885694129445477,SE,55.94289004394986,-3.188357280910192,1275.1401796975638,1536.6611682914672
55.94289004394986,-3.188357280910192,NW,55.943102175984215,-3.1885694129445477,1275.1401796975638,1535.4111682914672
55.943102175984215,-3.1885694129445477,SE,55.94289004394986,-3.188357280910192,1275.1401796975638,1534.1611682914672
55.94289004394986,-3.188357280910192,NW,55.943102175984215,-3.1885694129445477,1275.1401796975638,1532.9111682914672
55.943102175984215,-3.1885694129445477,SE,55.94289004394986,-3.188357280910192,1275.1401796975638,1531.6611682914672
55.94289004394986,-3.188357280910192,NW,55.943102175984215,-3.1885694129445477,1275.1401796975638,1530.4111682914672
55.943102175984215,-3.1885694129445477,SE,55.94289004394986,-3.188357280910192,1275.1401796975638,1529.1611682914672
55.94289004394986,-3.188357280910192,NW,55.943102175984215,-3.1885694129445477,1275.1401796975638,1527.9111682914672
55.943102175984215,-3.1885694129445477,SE,55.94289004394986,-3.188357280910192,1275.1401796975638,1526.6611682914672
55.94289004394986,-3.188357280910192,NW,55.943102175984215,-3.1885694129445477,1275.1401796975638,1525.4111682914672
55.943102175984215,-3.1885694129445477,SE,55.94289004394986,-3.188357280910192,1275.1401796975638,1524.1611682914672
55.94289004394986,-3.188357280910192,NW,55.943102175984215,-3.1885694129445477,1275.1401796975638,1522.9111682914672
55.943102175984215,-3.1885694129445477,SE,55.94289004394986,-3.188357280910192,1275.1401796975638,1521.6611682914672
55.94289004394986,-3.188357280910192,NW,55.943102175984215,-3.1885694129445477,1275.1401796975638,1520.4111682914672
55.943102175984215,-3.1885694129445477,SE,55.94289004394986,-3.188357280910192,1275.1401796975638,1519.1611682914672
55.94289004394986,-3.188357280910192,NW,55.943102175984215,-3.1885694129445477,1275.1401796975638,1517.9111682914672
55.943102175984215,-3.1885694129445477,SE,55.94289004394986,-3.188357280910192,1275.1401796975638,1516.6611682914672
55.94289004394986,-3.188357280910192,NW,55.943102175984215,-3.1885694129445477,1275.1401796975638,1515.4111682914672
55.943102175984215,-3.1885694129445477,SE,55.94289004394986,-3.188357280910192,1275.1401796975638,1514.1611682914672
55.94289004394986,-3.188357280910192,NW,55.943102175984215,-3.1885694129445477,1275.1401796975638,1512.9111682914672
55.943102175984215,-3.1885694129445477,SE,55.94289004394986,-3.188357280910192,1275.1401796975638,1511.6611682914672
55.94289004394986,-3.188357280910192,NW,55.943102175984215,-3.1885694129445477,1275.1401796975638,1510.4111682914672
55.943102175984215,-3.1885694129445477,SE,55.94289004394986,-3.188357280910192,1275.1401796975638,1509.1611682914672
55.94289004394986,-3.188357280910192,NW,55.943102175984215,-3.1885694129445477,1275.1401796975638,1507.9111682914672
55.943102175984215,-3.1885694129445477,SE,55.94289004394986,-3.188357280910192,1275.1401796975638,1506.6611682914672
55.94289004394986,-3.188357280910192,NW,55.943102175984215,-3.1885694129445477,1275.1401796975638,1505.4111682914672
55.943102175984215,-3.1885694129445477,SE,55.94289004394986,-3.188357280910192,1275.1401796975638,1504.1611682914672
55.94289004394986,-3.188357280910192,NW,55.943102175984215,-3.1885694129445477,1275.1401796975638,1502.9111682914672
55.943102175984215,-3.1885694129445477,SE,55.94289004394986,-3.188357280910192,1275.1401796975638,1501.6611682914672
55.94289004394986,-3.188357280910192,NW,55.943102175984215,-3.1885694129445477,1275.1401796975638,1500.4111682914672
55.943102175984215,-3.1885694129445477,SE,55.94289004394986,-3.188357280910192,1275.1401796975638,1499.1611682914672
55.94289004394986,-3.188357280910192,NW,55.943102175984215,-3.1885694129445477,1275.1401796975638,1497.9111682914672
55.943102175984215,-3.1885694129445477,SE,55.94289004394986,-3.188357280910192,1275.1401796975638,1496.6611682914672
55.94289004394986,-3.188357280910192,NW,55.943102175984215,-3.1885694129445477,1275.1401796975638,1495.4111682914672
55.943102175984215,-3.1885694129445477,SE,55.94289004394986,-3.188357280910192,1275.1401796975638,1494.1611682914672
55.94289004394986,-3.188357280910192,NW,55.943102175984215,-3.1885694129445477,1275.1401796975638,1492.9111682914672
55.943102175984215,-3.1885694129445477,SE,55.94289004394986,-3.188357280910192,1275.1401796975638,1491.6611682914672
55.94289004394986,-3.188357280910192,NW,55.943102175984215,-3.1885694129445477,1275.1401796975638,1490.4111682914672
55.943102175984215,-3.1885694129445477,SE,55.94289004394986,-3.188357280910192,1275.1401796975638,1489.1611682914672
55.94289004394986,-3.188357280910192,NW,55.943102175984215,-3.1885694129445477,1275.1401796975638,1487.9111682914672
55.943102175984215,-3.1885694129445477,SE,55.94289004394986,-3.188357280910192,1275.1401796975638,1486.6611682914672
55.94289004394986,-3.188357280910192,NW,55.943102175984215,-3.1885694129445477,1275.1401796975638,1485.4111682914672
55.943102175984215,-3.1885694129445477,SE,55.94289004394986,-3.188357280910192,1275.1401796975638,1484.1611682914672
55.94289004394986,-3.188357280910192,NW,55.943102175984215,-3.1885694129445477,1275.1401796975638,1482.9111682914672
55.943102175984215,-3.1885694129445477,SE,55.94289004394986,-3.188357280910192,1275.1401796975638,1481.6611682914672
55.94289004394986,-3.188357280910192,NW,55.943102175984215,-3.1885694129445477,1275.1401796975638,1480.4111682914672
55.943102175984215,-3.1885694129445477,SE,55.94289004394986,-3.188357280910192,1275.1401796975638,1479.1611682914672
55.94289004394986,-3.188357280910192,NW,55.943102175984215,-3.1885694129445477,1275.1401796975638,1477.9111682914672
55.943102175984215,-3.1885694129445477,SE,55.94289004394986,-3.188357280910192,1275.1401796975638,1476.6611682914672
55.94289004394986,-3.188357280910192,NW,55.943102175984215,-3.1885694129445477,1275.1401796975638,1475.4111682914672
55.943102175984215,-3.1885694129445477,SE,55.94289004394986,-3.188357280910192,1275.1401796975638,1474.1611682914672
55.94289004394986,-3.188357280910192,NW,55.943102175984215,-3.1885694129445477,1275.1401796975638,1472.9111682914672
55.943102175984215,-3.1885694129445477,SE,55.94289004394986,-3.188357280910192,1275.1401796975638,1471.6611682914672
55.94289004394986,-3.188357280910192,NW,55.943102175984215,-3.1885694129445477,1275.1401796975638,1470.4111682914672
55.943102175984215,-3.1885694129445477,SE,55.94289004394986,-3.188357280910192,1275.1401796975638,1469.1611682914672
55.94289004394986,-3.188357280910192,NW,55.943102175984215,-3.1885694129445477,1275.1401796975638,1467.9111682914672
55.943102175984215,-3.1885694129445477,SE,55.94289004394986,-3.188357280910192,1275.1401796975638,1466.6611682914672
55.94289004394986,-3.188357280910192,NW,55.943102175984215,-3.1885694129445477,1275.1401796975638,1465.4111682914672
55.943102175984215,-3.1885694129445477,SE,55.94289004394986,-3.188357280910192,1275.1401796975638,1464.1611682914672
55.94289004394986,-3.188357280910192,NW,55.943102175984215,-3.1885694129445477,1275.1401796975638,1462.9111682914672
55.943102175984215,-3.1885694129445477,SE,55.94289004394986,-3.188357280910192,1275.1401796975638,1461.6611682914672
55.94289004394986,-3.188357280910192,NW,55.943102175984215,-3.1885694129445477,1275.1401796975638,1460.4111682914672
55.943102175984215,-3.1885694129445477,SE,55.94289004394986,-3.188357280910192,1275.1401796975638,1459.1611682914672
55.94289004394986,-3.188357280910192,NW,55.943102175984215,-3.1885694129445477,1275.1401796975638,1457.9111682914672
55.943102175984215,-3.1885694129445477,SE,55.94289004394986,-3.188357280910192,1275.1401796975638,1456.6611682914672
55.94289004394986,-3.188357280910192,NW,55.943102175984215,-3.1885694129445477,1275.1401796975638,1455.4111682914672
55.943102175984215,-3.1885694129445477,SE,55.94289004394986,-3.188357280910192,1275.1401796975638,1454.1611682914672
55.94289004394986,-3.188357280910192,NW,55.943102175984215,-3.1885694129445477,1275.1401796975638,1452.9111682914672
55.943102175984215,-3.1885694129445477,SE,55.94289004394986,-3.188357280910192,1275.1401796975638,1451.6611682914672
55.94289004394986,-3.188357280910192,NW,55.943102175984215,-3.1885694129445477,1275.1401796975638,1450.4111682914672
55.943102175984215,-3.1885694129445477,SE,55.94289004394986,-3.188357280910192,1275.1401796975638,1449.1611682914672
55.94289004394986,-3.188357280910192,NW,55.943102175984215,-3.1885694129445477,1275.1401796975638,1447.9111682914672
55.943102175984215,-3.1885694129445477,SE,55.94289004394986,-3.188357280910192,1275.1401796975638,1446.6611682914672
55.94289004394986,-3.188357280910192,NW,55.943102175984215,-3.1885694129445477,1275.1401796975638,1445.4111682914672
55.943102175984215,-3.1885694129445477,SE,55.94289004394986,-3.188357280910192,1275.1401796975638,1444.1611682914672
55.94289004394986,-3.188357280910192,NW,55.943102175984215,-3.1885694129445477,1275.1401796975638,1442.9111682914672
55.943102175984215,-3.1885694129445477,SE,55.94289004394986,-3.188357280910192,1275.1401796975638,1441.6611682914672
55.94289004394986,-3.188357280910192,NW,55.943102175984215,-3.1885694129445477,1275.1401796975638,1440.4111682914672
55.943102175984215,-3.1885694129445477,SE,55.94289004394986,-3.188357280910192,1275.1401796975638,1439.1611682914672
55.94289004394986,-3.188357280910192,NW,55.943102175984215,-3.1885694129445477,1275.1401796975638,1437.9111682914672
55.943102175984215,-3.1885694129445477,SE,55.94289004394986,-3.188357280910192,1275.1401796975638,1436.6611682914672
55.94289004394986,-3.188357280910192,NW,55.943102175984215,-3.1885694129445477,1275.1401796975638,1435.4111682914672
55.943102175984215,-3.1885694129445477,SE,55.94289004394986,-3.188357280910192,1275.1401796975638,1434.1611682914672
55.94289004394986,-3.188357280910192,NW,55.943102175984215,-3.1885694129445477,1275.1401796975638,1432.9111682914672
55.943102175984215,-3.1885694129445477,SE,55.94289004394986,-3.188357280910192,1275.1401796975638,1431.6611682914672
55.94289004394986,-3.188357280910192,NW,55.943102175984215,-3.1885694129445477,1275.1401796975638,1430.4111682914672
55.943102175984215,-3.1885694129445477,SE,55.94289004394986,-3.188357280910192,1275.1401796975638,1429.1611682914672
55.94289004394986,-3.188357280910192,NW,55.943102175984215,-3.1885694129445477,1275.1401796975638,1427.9111682914672
55.943102175984215,-3.1885694129445477,SE,55.94289004394986,-3.188357280910192,1275.1401796975638,1426.6611682914672
55.94289004394986,-3.188357280910192,NW,55.943102175984215,-3.1885694129445477,1275.1401796975638,1425.4111682914672
55.943102175984215,-3.1885694129445477,SE,55.94289004394986,-3.188357280910192,1275.1401796975638,1424.1611682914672
55.94289004394986,-3.188357280910192,NW,55.943102175984215,-3.1885694129445477,1275.1401796975638,1422.9111682914672
55.943102175984215,-3.1885694129445477,SE,55.94289004394986,-3.188357280910192,1275.1401796975638,1421.6611682914672
55.94289004394986,-3.188357280910192,NW,55.943102175984215,-3.1885694129445477,1275.1401796975638,1420.4111682914672
55.943102175984215,-3.1885694129445477,SE,55.94289004394986,-3.188357280910192,1275.1401796975638,1419.1611682914672
55.94289004394986,-3.188357280910192,NW,55.943102175984215,-3.1885694129445477,1275.1401796975638,1417.9111682914672
55.943102175984215,-3.1885694129445477,SE,55.94289004394986,-3.188357280910192,1275.1401796975638,1416.6611682914672
55.94289004394986,-3.188357280910192,NW,55.943102175984215,-3.1885694129445477,1275.1401796975638,1415.4111682914672
55.943102175984215,-3.1885694129445477,SE,55.94289004394986,-3.188357280910192,1275.1401796975638,1414.1611682914672
55.94289004394986,-3.188357280910192,NW,55.943102175984215,-3.1885694129445477,1275.1401796975638,1412.9111682914672
55.943102175984215,-3.1885694129445477,SE,55.94289004394986,-3.188357280910192,1275.1401796975638,1411.6611682914672
55.94289004394986,-3.188357280910192,NW,55.943102175984215,-3.1885694129445477,1275.1401796975638,1410.4111682914672
55.943102175984215,-3.1885694129445477,SE,55.94289004394986,-3.188357280910192,1275.1401796975638,1409.1611682914672
55.94289004394986,-3.188357280910192,NW,55.943102175984215,-3.1885694129445477,1275.1401796975638,1407.9111682914672
55.943102175984215,-3.1885694129445477,SE,55.94289004394986,-3.188357280910192,1275.1401796975638,1406.6611682914672
55.94289004394986,-3.188357280910192,NW,55.943102175984215,-3.1885694129445477,1275.1401796975638,1405.4111682914672
55.943102175984215,-3.1885694129445477,SE,55.94289004394986,-3.188357280910192,1275.1401796975638,1404.1611682914672
55.94289004394986,-3.188357280910192,NW,55.943102175984215,-3.1885694129445477,1275.1401796975638,1402.9111682914672
55.943102175984215,-3.1885694129445477,SE,55.94289004394986,-3.188357280910192,1275.1401796975638,1401.6611682914672
55.94289004394986,-3.188357280910192,NW,55.943102175984215,-3.1885694129445477,1275.1401796975638,1400.4111682914672
55.943102175984215,-3.1885694129445477,SE,55.94289004394986,-3.188357280910192,1275.1401796975638,1399.1611682914672
55.94289004394986,-3.188357280910192,NW,55.943102175984215,-3.1885694129445477,1275.1401796975638,1397.9111682914672
55.943102175984215,-3.1885694129445477,SE,55.94289004394986,-3.188357280910192,1275.1401796975638,1396.6611682914672
55.94289004394986,-3.188357280910192,NW,55.943102175984215,-3.1885694129445477,1275.1401796975638,1395.4111682914672
55.943102175984215,-3.1885694129445477,SE,55.94289004394986,-3.188357280910192,1275.1401796975638,1394.1611682914672
55.94289004394986,-3.188357280910192,NW,55.943102175984215,-3.1885694129445477,1275.1401796975638,1392.9111682914672
55.943102175984215,-3.1885694129445477,SE,55.94289004394986,-3.188357280910192,1275.1401796975638,1391.6611682914672
55.94289004394986,-3.188357280910192,NW,55.943102175984215,-3.1885694129445477,1275.1401796975638,1390.4111682914672
55.943102175984215,-3.1885694129445477,SE,55.94289004394986,-3.188357280910192,1275.1401796975638,1389.1611682914672
55.94289004394986,-3.188357280910192,NW,55.943102175984215,-3.1885694129445477,1275.1401796975638,1387.9111682914672
55.943102175984215,-3.1885694129445477,SE,55.94289004394986,-3.188357280910192,1275.1401796975638,1386.6611682914672
55.94289004394986,-3.188357280910192,NW,55.943102175984215,-3.1885694129445477,1275.1401796975638,1385.4111682914672
55.943102175984215,-3.1885694129445477,SE,55.94289004394986,-3.188357280910192,1275.1401796975638,1384.1611682914672
55.94289004394986,-3.188357280910192,NW,55.943102175984215,-3.1885694129445477,1275.1401796975638,1382.9111682914672
55.943102175984215,-3.1885694129445477,SE,55.94289004394986,-3.188357280910192,1275.1401796975638,1381.6611682914672
55.94289004394986,-3.188357280910192,NW,55.943102175984215,-3.1885694129445477,1275.1401796975638,1380.4111682914672
55.943102175984215,-3.1885694129445477,SE,55.94289004394986,-3.188357280910192,1275.1401796975638,1379.1611682914672
55.94289004394986,-3.188357280910192,NW,55.943102175984215,-3.1885694129445477,1275.1401796975638,1377.9111682914672
55.943102175984215,-3.1885694129445477,SE,55.94289004394986,-3.188357280910192,1275.1401796975638,1376.6611682914672
55.94289004394986,-3.188357280910192,NW,55.943102175984215,-3.1885694129445477,1275.1401796975638,1375.4111682914672
55.943102175984215,-3.1885694129445477,SE,55.94289004394986,-3.188357280910192,1275.1401796975638,1374.1611682914672
55.94289004394986,-3.188357280910192,NW,55.943102175984215,-3.1885694129445477,1275.1401796975638,1372.9111682914672
55.943102175984215,-3.1885694129445477,SE,55.94289004394986,-3.188357280910192,1275.1401796975638,1371.6611682914672
55.94289004394986,-3.188357280910192,NW,55.943102175984215,-3.1885694129445477,1275.1401796975638,1370.4111682914672
55.943102175984215,-3.1885694129445477,SE,55.94289004394986,-3.188357280910192,1275.1401796975638,1369.1611682914672
55.94289004394986,-3.188357280910192,NW,55.943102175984215,-3.1885694129445477,1275.1401796975638,1367.9111682914672
55.943102175984215,-3.1885694129445477,SE,55.94289004394986,-3.188357280910192,1275.1401796975638,1366.6611682914672
55.94289004394986,-3.188357280910192,NW,55.943102175984215,-3.1885694129445477,1275.1401796975638,1365.4111682914672
55.943102175984215,-3.1885694129445477,SE,55.94289004394986,-3.188357280910192,1275.1401796975638,1364.1611682914672
55.94289004394986,-3.188357280910192,NW,55.943102175984215,-3.1885694129445477,1275.1401796975638,1362.9111682914672
55.943102175984215,-3.1885694129445477,SE,55.94289004394986,-3.188357280910192,1275.1401796975638,1361.6611682914672
55.94289004394986,-3.188357280910192,NW,55.943102175984215,-3.1885694129445477,1275.1401796975638,1360.4111682914672
55.943102175984215,-3.1885694129445477,SE,55.94289004394986,-3.188357280910192,1275.1401796975638,1359.1611682914672
55.94289004394986,-3.188357280910192,NW,55.943102175984215,-3.1885694129445477,1275.1401796975638,1357.9111682914672
55.943102175984215,-3.1885694129445477,SE,55.94289004394986,-3.188357280910192,1275.1401796975638,1356.6611682914672
55.94289004394986,-3.188357280910192,NW,55.943102175984215,-3.1885694129445477,1275.1401796975638,1355.4111682914672
55.943102175984215,-3.1885694129445477,SE,55.94289004394986,-3.188357280910192,1275.1401796975638,1354.1611682914672
55.94289004394986,-3.188357280910192,NW,55.943102175984215,-3.1885694129445477,1275.1401796975638,1352.9111682914672
55.943102175984215,-3.1885694129445477,SE,55.94289004394986,-3.188357280910192,1275.1401796975638,1351.6611682914672
55.94289004394986,-3.188357280910192,NW,55.943102175984215,-3.1885694129445477,1275.1401796975638,1350.4111682914672
55.943102175984215,-3.1885694129445477,SE,55.94289004394986,-3.188357280910192,1275.1401796975638,1349.1611682914672
55.94289004394986,-3.188357280910192,NW,55.943102175984215,-3.1885694129445477,1275.1401796975638,1347.9111682914672
55.943102175984215,-3.1885694129445477,SE,55.94289004394986,-3.188357280910192,1275.1401796975638,1346.6611682914672
55.94289004394986,-3.188357280910192,NW,55.943102175984215,-3.1885694129445477,1275.1401796975638,1345.4111682914672
55.943102175984215,-3.1885694129445477,SE,55.94289004394986,-3.188357280910192,1275.1401796975638,1344.1611682914672
55.94289004394986,-3.188357280910192,NW,55.943102175984215,-3.1885694129445477,1275.1401796975638,1342.9111682914672
55.943102175984215,-3.1885694129445477,SE,55.94289004394986,-3.188357280910192,1275.1401796975638,1341.6611682914672
55.94289004394986,-3.188357280910192,NW,55.943102175984215,-3.1885694129445477,1275.1401796975638,1340.4111682914672
55.943102175984215,-3.1885694129445477,SE,55.94289004394986,-3.188357280910192,1275.1401796975638,1339.1611682914672
55.94289004394986,-3.188357280910192,NW,55.943102175984215,-3.1885694129445477,1275.1401796975638,1337.9111682914672
55.944425,-3.188396,SSE,55.944147836140246,-3.1882811949702905,31.64939266945485,327.6701179503772
55.944147836140246,-3.1882811949702905,ENE,55.944262641169956,-3.188004031110537,31.64939266945485,326.4201179503772
55.944262641169956,-3.188004031110537,ENE,55.94437744619967,-3.1877268672507837,31.64939266945485,325.1701179503772
55.94437744619967,-3.1877268672507837,NE,55.94458957823402,-3.187514735216428,75.71970350061324,424.59469669789286
55.94458957823402,-3.187514735216428,NW,55.94480171026838,-3.1877268672507837,75.71970350061324,423.34469669789286
55.94480171026838,-3.1877268672507837,NW,55.945013842302735,-3.1879389992851395,75.71970350061324,422.09469669789286
55.945013842302735,-3.1879389992851395,N,55.94531384230274,-3.1879389992851395,129.6086723152245,516.7357964135282
55.94531384230274,-3.1879389992851395,SW,55.94510171026838,-3.1881511313194952,199.46770749524018,587.8034567641896
55.94510171026838,-3.1881511313194952,WSW,55.94498690523867,-3.1884282951792486,199.46770749524018,586.5534567641896
55.94498690523867,-3.1884282951792486,W,55.94498690523867,-3.188728295179249,199.46770749524018,585.3034567641896
55.94498690523867,-3.188728295179249,WSW,55.94487210020896,-3.1890054590390022,262.39152553971553,597.7814113104988
55.94487210020896,-3.1890054590390022,SW,55.944659968174605,-3.189217591073358,262.39152553971553,596.5314113104988
55.944659968174605,-3.189217591073358,SW,55.94444783614025,-3.1894297231077138,262.39152553971553,595.2814113104988
55.94444783614025,-3.1894297231077138,SW,55.94423570410589,-3.1896418551420695,262.39152553971553,594.0314113104988
55.94423570410589,-3.1896418551420695,SW,55.944023572071536,-3.1898539871764253,330.7202746666492,620.1027907386436
55.944023572071536,-3.1898539871764253,S,55.943723572071534,-3.1898539871764253,330.7202746666492,618.8527907386436
55.943723572071534,-3.1898539871764253,SSW,55.94344640821178,-3.189968792206135,330.7202746666492,617.6027907386436
55.94344640821178,-3.189968792206135,WSW,55.94333160318207,-3.1902459560658882,330.7202746666492,616.3527907386436
55.94333160318207,-3.1902459560658882,SW,55.94311947114771,-3.190458088100244,379.5780293466875,641.0624296537316
55.94311947114771,-3.190458088100244,SW,55.942907339113354,-3.1906702201345998,426.39248361452564,736.8062060278695
55.942907339113354,-3.1906702201345998,SSW,55.9426301752536,-3.1907850251643093,426.39248361452564,735.5562060278695
55.9426301752536,-3.1907850251643093,W,55.9426301752536,-3.1910850251643095,426.39248361452564,734.3062060278695
55.9426301752536,-3.1910850251643095,W,55.9426301752536,-3.1913850251643097,426.39248361452564,733.0562060278695
55.9426301752536,-3.1913850251643097,W,55.9426301752536,-3.19168502516431,437.3556481200864,801.1082127076885
55.9426301752536,-3.19168502516431,N,55.9429301752536,-3.19168502516431,560.8801090753691,921.8465129330812
55.9429301752536,-3.19168502516431,NW,55.94314230728796,-3.1918971571986656,560.8801090753691,920.5965129330812
55.94314230728796,-3.1918971571986656,NNW,55.94341947114771,-3.192011962228375,560.8801090753691,919.3465129330812
55.94341947114771,-3.192011962228375,WNW,55.943534276177424,-3.1922891260881285,637.4616359813566,993.3058107499451
55.943534276177424,-3.1922891260881285,N,55.94383427617743,-3.1922891260881285,637.4616359813566,992.0558107499451
55.94383427617743,-3.1922891260881285,N,55.94413427617743,-3.1922891260881285,637.4616359813566,990.8058107499451
55.94413427617743,-3.1922891260881285,N,55.94443427617743,-3.1922891260881285,637.4616359813566,989.5558107499451
55.94443427617743,-3.1922891260881285,N,55.944734276177435,-3.1922891260881285,746.7418008064142,1105.1388872244218
55.944734276177435,-3.1922891260881285,ENE,55.944849081207146,-3.192011962228375,746.7418008064142,1103.8888872244218
55.944849081207146,-3.192011962228375,ENE,55.944963886236856,-3.1917347983686217,746.7418008064142,1102.6388872244218
55.944963886236856,-3.1917347983686217,NE,55.94517601827121,-3.191522666334266,868.3766706389472,1171.9920589456156
55.94517601827121,-3.191522666334266,NW,55.94538815030557,-3.1917347983686217,868.3766706389472,1170.7420589456156
55.94538815030557,-3.1917347983686217,NW,55.945600282339925,-3.1919469304029775,916.975908370213,1193.5304411512261
55.945600282339925,-3.1919469304029775,W,55.945600282339925,-3.1922469304029777,987.9781783541828,1258.450112162266
55.945600282339925,-3.1922469304029777,N,55.94590028233993,-3.1922469304029777,987.9781783541828,1257.200112162266
55.94590028233993,-3.1922469304029777,N,55.94620028233993,-3.1922469304029777,1037.779509737153,1363.1471754236966
55.94620028233993,-3.1922469304029777,SE,55.945988150305574,-3.192034798368622,1037.779509737153,1361.8971754236966
55.945988150305574,-3.192034798368622,ESE,55.945873345275864,-3.1917576345088685,1037.779509737153,1360.6471754236966
55.945873345275864,-3.1917576345088685,SE,55.94566121324151,-3.1915455024745127,1037.779509737153,1359.3971754236966
55.94566121324151,-3.1915455024745127,ESE,55.9455464082118,-3.1912683386147593,1037.779509737153,1358.1471754236966
55.9455464082118,-3.1912683386147593,SE,55.94533427617744,-3.1910562065804036,1037.779509737153,1356.8971754236966
55.94533427617744,-3.1910562065804036,ESE,55.94521947114773,-3.19077904272065,1037.779509737153,1355.6471754236966
55.94521947114773,-3.19077904272065,SE,55.945007339113374,-3.1905669106862944,1042.557043621422,1413.984887200894
55.945007339113374,-3.1905669106862944,SW,55.94479520707902,-3.19077904272065,1042.557043621422,1412.734887200894
55.94479520707902,-3.19077904272065,S,55.944495207079015,-3.19077904272065,1042.557043621422,1411.484887200894
55.944495207079015,-3.19077904272065,SSW,55.94421804321926,-3.1908938477503597,1042.557043621422,1410.234887200894
55.94421804321926,-3.1908938477503597,SSE,55.9439408793595,-3.19077904272065,1146.0397994970654,1520.927389854886
55.9439408793595,-3.19077904272065,ESE,55.94382607432979,-3.1905018788608968,1146.0397994970654,1519.677389854886
55.94382607432979,-3.1905018788608968,SSE,55.943548910470035,-3.1903870738311872,1146.0397994970654,1518.427389854886
55.943548910470035,-3.1903870738311872,ESE,55.943434105440325,-3.190109909971434,1146.0397994970654,1517.177389854886
55.943434105440325,-3.190109909971434,ESE,55.943319300410614,-3.1898327461116804,1146.0397994970654,1515.927389854886
55.943319300410614,-3.1898327461116804,ESE,55.943204495380904,-3.189555582251927,1146.0397994970654,1514.677389854886
55.943204495380904,-3.189555582251927,ESE,55.943089690351194,-3.1892784183921736,1146.0397994970654,1513.427389854886
55.943089690351194,-3.1892784183921736,ESE,55.94297488532148,-3.1890012545324202,1146.0397994970654,1512.177389854886
55.94297488532148,-3.1890012545324202,ENE,55.943089690351194,-3.188724090672667,1146.0397994970654,1510.927389854886
55.943089690351194,-3.188724090672667,E,55.943089690351194,-3.1884240906726666,1189.735737697988,1517.0901996158923
55.943089690351194,-3.1884240906726666,NE,55.94330182238555,-3.188211958638311,1275.1401796975638,1574.1611682914677
55.94330182238555,-3.188211958638311,SW,55.943089690351194,-3.1884240906726666,1275.1401796975638,1572.9111682914677
55.943089690351194,-3.1884240906726666,S,55.94278969035119,-3.1884240906726666,1314.1413042766803,1685.6443703489535
55.94278969035119,-3.1884240906726666,ENE,55.9429044953809,-3.1881469268129132,1314.1413042766803,1684.3943703489535
55.9429044953809,-3.1881469268129132,ENE,55.94301930041061,-3.18786976295316,1314.1413042766803,1683.1443703489535
55.94301930041061,-3.18786976295316,ENE,55.94313410544032,-3.1875925990934064,1314.1413042766803,1681.8943703489535
55.94313410544032,-3.1875925990934064,NNE,55.94341126930008,-3.187477794063697,1350.5719170554105,1720.324786595753
55.94341126930008,-3.187477794063697,ENE,55.94352607432979,-3.1872006302039435,1350.5719170554105,1719.074786595753
55.94352607432979,-3.1872006302039435,E,55.94352607432979,-3.1869006302039433,1424.4777904443176,1772.3083737004097
55.94352607432979,-3.1869006302039433,S,55.943226074329786,-3.1869006302039433,1424.4777904443176,1771.0583737004097
55.943226074329786,-3.1869006302039433,SSE,55.94294891047003,-3.186785825174234,1449.5419311337312,1830.1328744280595
55.94294891047003,-3.186785825174234,ENE,55.94306371549974,-3.1865086613144804,1545.2745283010752,1947.5100457240055
55.94306371549974,-3.1865086613144804,E,55.94306371549974,-3.18620866131448,1623.0323385848722,1955.1080501143701
55.94306371549974,-3.18620866131448,N,55.94336371549974,-3.18620866131448,1623.0323385848722,1953.8580501143701
55.94336371549974,-3.18620866131448,N,55.943663715499746,-3.18620866131448,1702.9630219925198,2010.4724653164658
55.943663715499746,-3.18620866131448,N,55.94396371549975,-3.18620866131448,1702.9630219925198,2009.2224653164658
55.94396371549975,-3.18620866131448,N,55.94426371549975,-3.18620866131448,1702.9630219925198,2007.9724653164658
55.94426371549975,-3.18620866131448,N,55.944563715499754,-3.18620866131448,1775.7877809152135,2017.6347460621869
55.944563715499754,-3.18620866131448,NNE,55.94484087935951,-3.1860938562847707,1784.5193333757197,2107.4386796676004
55.94484087935951,-3.1860938562847707,NNW,55.94511804321927,-3.18620866131448,1784.5193333757197,2106.1886796676004
55.94511804321927,-3.18620866131448,N,55.94541804321927,-3.18620866131448,1905.7564690467627,2148.474088706987
55.94541804321927,-3.18620866131448,NNW,55.94569520707903,-3.1863234663441897,1905.7564690467627,2147.224088706987
55.94569520707903,-3.1863234663441897,N,55.94599520707903,-3.1863234663441897,2020.4873239956264,2157.309263576496
55.94599520707903,-3.1863234663441897,N,55.94629520707903,-3.1863234663441897,2051.8160932380574,2185.439222973491
55.94629520707903,-3.1863234663441897,ESE,55.94618040204932,-3.1860463024844363,2051.8160932380574,2184.189222973491
55.94618040204932,-3.1860463024844363,ESE,55.94606559701961,-3.185769138624683,2051.8160932380574,2182.939222973491
55.94606559701961,-3.185769138624683,ESE,55.9459507919899,-3.1854919747649295,2051.8160932380574,2181.689222973491
55.9459507919899,-3.1854919747649295,ESE,55.94583598696019,-3.185214810905176,2051.8160932380574,2180.439222973491
55.94583598696019,-3.185214810905176,E,55.94583598696019,-3.184914810905176,2051.8160932380574,2179.189222973491
55.94583598696019,-3.184914810905176,ESE,55.94572118193048,-3.1846376470454225,2173.214139952532,2247.4217979932914
55.94572118193048,-3.1846376470454225,SE,55.945509049896124,-3.1844255150110667,2297.569185145429,2323.759052338718
55.945509049896124,-3.1844255150110667,S,55.94520904989612,-3.1844255150110667,2297.569185145429,2322.509052338718
55.94520904989612,-3.1844255150110667,S,55.94490904989612,-3.1844255150110667,2297.569185145429,2321.259052338718
55.94490904989612,-3.1844255150110667,S,55.944609049896115,-3.1844255150110667,2297.569185145429,2320.009052338718
55.944609049896115,-3.1844255150110667,S,55.94430904989611,-3.1844255150110667,2297.569185145429,2318.759052338718
55.94430904989611,-3.1844255150110667,S,55.94400904989611,-3.1844255150110667,2297.569185145429,2317.509052338718
55.94400904989611,-3.1844255150110667,S,55.94370904989611,-3.1844255150110667,2384.317398222062,2318.183245535357
55.94370904989611,-3.1844255150110667,N,55.94400904989611,-3.1844255150110667,2384.317398222062,2316.933245535357
55.94400904989611,-3.1844255150110667,S,55.94370904989611,-3.1844255150110667,2384.317398222062,2315.683245535357
55.94370904989611,-3.1844255150110667,N,55.94400904989611,-3.1844255150110667,2384.317398222062,2314.433245535357
55.94400904989611,-3.1844255150110667,S,55.94370904989611,-3.1844255150110667,2384.317398222062,2313.183245535357
55.94370904989611,-3.1844255150110667,N,55.94400904989611,-3.1844255150110667,2384.317398222062,2311.933245535357
55.94400904989611,-3.1844255150110667,S,55.94370904989611,-3.1844255150110667,2384.317398222062,2310.683245535357
55.94370904989611,-3.1844255150110667,N,55.94400904989611,-3.1844255150110667,2384.317398222062,2309.433245535357
55.94400904989611,-3.1844255150110667,S,55.94370904989611,-3.1844255150110667,2384.317398222062,2308.183245535357
55.94370904989611,-3.1844255150110667,N,55.94400904989611,-3.1844255150110667,2384.317398222062,2306.933245535357
55.94400904989611,-3.1844255150110667,S,55.94370904989611,-3.1844255150110667,2384.317398222062,2305.683245535357
55.94370904989611,-3.1844255150110667,N,55.94400904989611,-3.1844255150110667,2384.317398222062,2304.433245535357
55.94400904989611,-3.1844255150110667,S,55.94370904989611,-3.1844255150110667,2384.317398222062,2303.183245535357
55.94370904989611,-3.1844255150110667,N,55.94400904989611,-3.1844255150110667,2384.317398222062,2301.933245535357
55.94400904989611,-3.1844255150110667,S,55.94370904989611,-3.1844255150110667,2384.317398222062,2300.683245535357
55.94370904989611,-3.1844255150110667,N,55.94400904989611,-3.1844255150110667,2384.317398222062,2299.433245535357
55.94400904989611,-3.1844255150110667,S,55.94370904989611,-3.1844255150110667,2384.317398222062,2298.183245535357
55.94370904989611,-3.1844255150110667,N,55.94400904989611,-3.1844255150110667,2384.317398222062,2296.933245535357
55.94400904989611,-3.1844255150110667,S,55.94370904989611,-3.1844255150110667,2384.317398222062,2295.683245535357
55.94370904989611,-3.1844255150110667,N,55.94400904989611,-3.1844255150110667,2384.317398222062,2294.433245535357
55.94400904989611,-3.1844255150110667,S,55.94370904989611,-3.1844255150110667,2384.317398222062,2293.183245535357
55.94370904989611,-3.1844255150110667,N,55.94400904989611,-3.1844255150110667,2384.317398222062,2291.933245535357
55.94400904989611,-3.1844255150110667,S,55.94370904989611,-3.1844255150110667,2384.317398222062,2290.683245535357
55.94370904989611,-3.1844255150110667,N,55.94400904989611,-3.1844255150110667,2384.317398222062,2289.433245535357
55.94400904989611,-3.1844255150110667,S,55.94370904989611,-3.1844255150110667,2384.317398222062,2288.183245535357
55.94370904989611,-3.1844255150110667,N,55.94400904989611,-3.1844255150110667,2384.317398222062,2286.933245535357
55.94400904989611,-3.1844255150110667,S,55.94370904989611,-3.1844255150110667,2384.317398222062,2285.683245535357
55.94370904989611,-3.1844255150110667,N,55.94400904989611,-3.1844255150110667,2384.317398222062,2284.433245535357
55.94400904989611,-3.1844255150110667,S,55.94370904989611,-3.1844255150110667,2384.317398222062,2283.183245535357
55.94370904989611,-3.1844255150110667,N,55.94400904989611,-3.1844255150110667,2384.317398222062,2281.933245535357
55.94400904989611,-3.1844255150110667,S,55.94370904989611,-3.1844255150110667,2384.317398222062,2280.683245535357
55.94370904989611,-3.1844255150110667,N,55.94400904989611,-3.1844255150110667,2384.317398222062,2279.433245535357
55.94400904989611,-3.1844255150110667,S,55.94370904989611,-3.1844255150110667,2384.317398222062,2278.183245535357
55.94370904989611,-3.1844255150110667,N,55.94400904989611,-3.1844255150110667,2384.317398222062,2276.933245535357
55.94400904989611,-3.1844255150110667,S,55.94370904989611,-3.1844255150110667,2384.317398222062,2275.683245535357
55.94370904989611,-3.1844255150110667,N,55.94400904989611,-3.1844255150110667,2384.317398222062,2274.433245535357
55.94400904989611,-3.1844255150110667,S,55.94370904989611,-3.1844255150110667,2384.317398222062,2273.183245535357
55.94370904989611,-3.1844255150110667,N,55.94400904989611,-3.1844255150110667,2384.317398222062,2271.933245535357
55.94400904989611,-3.1844255150110667,S,55.94370904989611,-3.1844255150110667,2384.317398222062,2270.683245535357
55.94370904989611,-3.1844255150110667,N,55.94400904989611,-3.1844255150110667,2384.317398222062,2269.433245535357
55.94400904989611,-3.1844255150110667,S,55.94370904989611,-3.1844255150110667,2384.317398222062,2268.183245535357
55.94370904989611,-3.1844255150110667,N,55.94400904989611,-3.1844255150110667,2384.317398222062,2266.933245535357
55.94400904989611,-3.1844255150110667,S,55.94370904989611,-3.1844255150110667,2384.317398222062,2265.683245535357
55.94370904989611,-3.1844255150110667,N,55.94400904989611,-3.1844255150110667,2384.317398222062,2264.433245535357
55.94400904989611,-3.1844255150110667,S,55.94370904989611,-3.1844255150110667,2384.317398222062,2263.183245535357
55.94370904989611,-3.1844255150110667,N,55.94400904989611,-3.1844255150110667,2384.317398222062,2261.933245535357
55.94400904989611,-3.1844255150110667,S,55.94370904989611,-3.1844255150110667,2384.317398222062,2260.683245535357
55.94370904989611,-3.1844255150110667,N,55.94400904989611,-3.1844255150110667,2384.317398222062,2259.433245535357
55.94400904989611,-3.1844255150110667,S,55.94370904989611,-3.1844255150110667,2384.317398222062,2258.183245535357
55.94370904989611,-3.1844255150110667,N,55.94400904989611,-3.1844255150110667,2384.317398222062,2256.933245535357
55.94400904989611,-3.1844255150110667,S,55.94370904989611,-3.1844255150110667,2384.317398222062,2255.683245535357
55.94370904989611,-3.1844255150110667,N,55.94400904989611,-3.1844255150110667,2384.317398222062,2254.433245535357
55.94400904989611,-3.1844255150110667,S,55.94370904989611,-3.1844255150110667,2384.317398222062,2253.183245535357
55.94370904989611,-3.1844255150110667,N,55.94400904989611,-3.1844255150110667,2384.317398222062,2251.933245535357
55.94400904989611,-3.1844255150110667,S,55.94370904989611,-3.1844255150110667,2384.317398222062,2250.683245535357
55.94370904989611,-3.1844255150110667,N,55.94400904989611,-3.1844255150110667,2384.317398222062,2249.433245535357
55.94400904989611,-3.1844255150110667,S,55.94370904989611,-3.1844255150110667,2384.317398222062,2248.183245535357
55.94370904989611,-3.1844255150110667,N,55.94400904989611,-3.1844255150110667,2384.317398222062,2246.933245535357
55.94400904989611,-3.1844255150110667,S,55.94370904989611,-3.1844255150110667,2384.317398222062,2245.683245535357
55.94370904989611,-3.1844255150110667,N,55.94400904989611,-3.1844255150110667,2384.317398222062,2244.433245535357
55.94400904989611,-3.1844255150110667,S,55.94370904989611,-3.1844255150110667,2384.317398222062,2243.183245535357
55.94370904989611,-3.1844255150110667,N,55.94400904989611,-3.1844255150110667,2384.317398222062,2241.933245535357
55.94400904989611,-3.1844255150110667,S,55.94370904989611,-3.1844255150110667,2384.317398222062,2240.683245535357
55.94370904989611,-3.1844255150110667,N,55.94400904989611,-3.1844255150110667,2384.317398222062,2239.433245535357
55.94400904989611,-3.1844255150110667,S,55.94370904989611,-3.1844255150110667,2384.317398222062,2238.183245535357
55.94370904989611,-3.1844255150110667,N,55.94400904989611,-3.1844255150110667,2384.317398222062,2236.933245535357
55.94400904989611,-3.1844255150110667,S,55.94370904989611,-3.1844255150110667,2384.317398222062,2235.683245535357
55.94370904989611,-3.1844255150110667,N,55.94400904989611,-3.1844255150110667,2384.317398222062,2234.433245535357
55.94400904989611,-3.1844255150110667,S,55.94370904989611,-3.1844255150110667,2384.317398222062,2233.183245535357
55.94370904989611,-3.1844255150110667,N,55.94400904989611,-3.1844255150110667,2384.317398222062,2231.933245535357
55.94400904989611,-3.1844255150110667,S,55.94370904989611,-3.1844255150110667,2384.317398222062,2230.683245535357
55.94370904989611,-3.1844255150110667,N,55.94400904989611,-3.1844255150110667,2384.317398222062,2229.433245535357
55.94400904989611,-3.1844255150110667,S,55.94370904989611,-3.1844255150110667,2384.317398222062,2228.183245535357
55.94370904989611,-3.1844255150110667,N,55.94400904989611,-3.1844255150110667,2384.317398222062,2226.933245535357
55.94400904989611,-3.1844255150110667,S,55.94370904989611,-3.1844255150110667,2384.317398222062,2225.683245535357
55.94370904989611,-3.1844255150110667,N,55.94400904989611,-3.1844255150110667,2384.317398222062,2224.433245535357
55.94400904989611,-3.1844255150110667,S,55.94370904989611,-3.1844255150110667,2384.317398222062,2223.183245535357
55.94370904989611,-3.1844255150110667,N,55.94400904989611,-3.1844255150110667,2384.317398222062,2221.933245535357
55.94400904989611,-3.1844255150110667,S,55.94370904989611,-3.1844255150110667,2384.317398222062,2220.683245535357
55.94370904989611,-3.1844255150110667,N,55.94400904989611,-3.1844255150110667,2384.317398222062,2219.433245535357
55.94400904989611,-3.1844255150110667,S,55.94370904989611,-3.1844255150110667,2384.317398222062,2218.183245535357
55.94370904989611,-3.1844255150110667,N,55.94400904989611,-3.1844255150110667,2384.317398222062,2216.933245535357
55.94400904989611,-3.1844255150110667,S,55.94370904989611,-3.1844255150110667,2384.317398222062,2215.683245535357
55.94370904989611,-3.1844255150110667,N,55.94400904989611,-3.1844255150110667,2384.317398222062,2214.433245535357
55.94400904989611,-3.1844255150110667,S,55.94370904989611,-3.1844255150110667,2384.317398222062,2213.183245535357
55.94370904989611,-3.1844255150110667,N,55.94400904989611,-3.1844255150110667,2384.317398222062,2211.933245535357
55.94400904989611,-3.1844255150110667,S,55.94370904989611,-3.1844255150110667,2384.317398222062,2210.683245535357
55.94370904989611,-3.1844255150110667,N,55.94400904989611,-3.1844255150110667,2384.317398222062,2209.433245535357
55.94400904989611,-3.1844255150110667,S,55.94370904989611,-3.1844255150110667,2384.317398222062,2208.183245535357
55.94370904989611,-3.1844255150110667,N,55.94400904989611,-3.1844255150110667,2384.317398222062,2206.933245535357
55.94400904989611,-3.1844255150110667,S,55.94370904989611,-3.1844255150110667,2384.317398222062,2205.683245535357
55.94370904989611,-3.1844255150110667,N,55.94400904989611,-3.1844255150110667,2384.317398222062,2204.433245535357
55.94400904989611,-3.1844255150110667,S,55.94370904989611,-3.1844255150110667,2384.317398222062,2203.183245535357
55.94370904989611,-3.1844255150110667,N,55.94400904989611,-3.1844255150110667,2384.317398222062,2201.933245535357
55.94400904989611,-3.1844255150110667,S,55.94370904989611,-3.1844255150110667,2384.317398222062,2200.683245535357
55.94370904989611,-3.1844255150110667,N,55.94400904989611,-3.1844255150110667,2384.317398222062,2199.433245535357
55.94400904989611,-3.1844255150110667,S,55.94370904989611,-3.1844255150110667,2384.317398222062,2198.183245535357
55.94370904989611,-3.1844255150110667,N,55.94400904989611,-3.1844255150110667,2384.317398222062,2196.933245535357
55.94400904989611,-3.1844255150110667,S,55.94370904989611,-3.1844255150110667,2384.317398222062,2195.683245535357
55.94370904989611,-3.1844255150110667,N,55.94400904989611,-3.1844255150110667,2384.317398222062,2194.433245535357
55.94400904989611,-3.1844255150110667,S,55.94370904989611,-3.1844255150110667,2384.317398222062,2193.183245535357
55.94370904989611,-3.1844255150110667,N,55.94400904989611,-3.1844255150110667,2384.317398222062,2191.933245535357
55.94400904989611,-3.1844255150110667,S,55.94370904989611,-3.1844255150110667,2384.317398222062,2190.683245535357
55.94370904989611,-3.1844255150110667,N,55.94400904989611,-3.1844255150110667,2384.317398222062,2189.433245535357
55.94400904989611,-3.1844255150110667,S,55.94370904989611,-3.1844255150110667,2384.317398222062,2188.183245535357
55.94370904989611,-3.1844255150110667,N,55.94400904989611,-3.1844255150110667,2384.317398222062,2186.933245535357
55.94400904989611,-3.1844255150110667,S,55.94370904989611,-3.1844255150110667,2384.317398222062,2185.683245535357
55.94370904989611,-3.1844255150110667,N,55.94400904989611,-3.1844255150110667,2384.317398222062,2184.433245535357
55.94400904989611,-3.1844255150110667,S,55.94370904989611,-3.1844255150110667,2384.317398222062,2183.183245535357
55.94370904989611,-3.1844255150110667,N,55.94400904989611,-3.1844255150110667,2384.317398222062,2181.933245535357
55.94400904989611,-3.1844255150110667,S,55.94370904989611,-3.1844255150110667,2384.317398222062,2180.683245535357
55.94370904989611,-3.1844255150110667,N,55.94400904989611,-3.1844255150110667,2384.317398222062,2179.433245535357
55.94400904989611,-3.1844255150110667,S,55.94370904989611,-3.1844255150110667,2384.317398222062,2178.183245535357
55.94370904989611,-3.1844255150110667,N,55.94400904989611,-3.1844255150110667,2384.317398222062,2176.933245535357
55.94400904989611,-3.1844255150110667,S,55.94370904989611,-3.1844255150110667,2384.317398222062,2175.683245535357
55.94370904989611,-3.1844255150110667,N,55.94400904989611,-3.1844255150110667,2384.317398222062,2174.433245535357
55.94400904989611,-3.1844255150110667,S,55.94370904989611,-3.1844255150110667,2384.317398222062,2173.183245535357
55.94370904989611,-3.1844255150110667,N,55.94400904989611,-3.1844255150110667,2384.317398222062,2171.933245535357
55.94400904989611,-3.1844255150110667,S,55.94370904989611,-3.1844255150110667,2384.317398222062,2170.683245535357
55.94370904989611,-3.1844255150110667,N,55.94400904989611,-3.1844255150110667,2384.317398222062,2169.433245535357
55.94400904989611,-3.1844255150110667,S,55.94370904989611,-3.1844255150110667,2384.317398222062,2168.183245535357
55.94370904989611,-3.1844255150110667,N,55.94400904989611,-3.1844255150110667,2384.317398222062,2166.933245535357
55.94400904989611,-3.1844255150110667,S,55.94370904989611,-3.1844255150110667,2384.317398222062,2165.683245535357
55.94370904989611,-3.1844255150110667,N,55.94400904989611,-3.1844255150110667,2384.317398222062,2164.433245535357
55.94400904989611,-3.1844255150110667,S,55.94370904989611,-3.1844255150110667,2384.317398222062,2163.183245535357
55.94370904989611,-3.1844255150110667,N,55.94400904989611,-3.1844255150110667,2384.317398222062,2161.933245535357
55.94400904989611,-3.1844255150110667,S,55.94370904989611,-3.1844255150110667,2384.317398222062,2160.683245535357
55.94370904989611,-3.1844255150110667,N,55.94400904989611,-3.1844255150110667,2384.317398222062,2159.433245535357
55.94400904989611,-3.1844255150110667,S,55.94370904989611,-3.1844255150110667,2384.317398222062,2158.183245535357
55.94370904989611,-3.1844255150110667,N,55.94400904989611,-3.1844255150110667,2384.317398222062,2156.933245535357
55.94400904989611,-3.1844255150110667,S,55.94370904989611,-3.1844255150110667,2384.317398222062,2155.683245535357
55.94370904989611,-3.1844255150110667,N,55.94400904989611,-3.1844255150110667,2384.317398222062,2154.433245535357
55.94400904989611,-3.1844255150110667,S,55.94370904989611,-3.1844255150110667,2384.317398222062,2153.183245535357
55.94370904989611,-3.1844255150110667,N,55.94400904989611,-3.1844255150110667,2384.317398222062,2151.933245535357
55.94400904989611,-3.1844255150110667,S,55.94370904989611,-3.1844255150110667,2384.317398222062,2150.683245535357
55.94370904989611,-3.1844255150110667,N,55.94400904989611,-3.1844255150110667,2384.317398222062,2149.433245535357
55.94400904989611,-3.1844255150110667,S,55.94370904989611,-3.1844255150110667,2384.317398222062,2148.183245535357
55.94370904989611,-3.1844255150110667,N,55.94400904989611,-3.1844255150110667,2384.317398222062,2146.933245535357
55.94400904989611,-3.1844255150110667,S,55.94370904989611,-3.1844255150110667,2384.317398222062,2145.683245535357
55.94370904989611,-3.1844255150110667,N,55.94400904989611,-3.1844255150110667,2384.317398222062,2144.433245535357
55.94400904989611,-3.1844255150110667,S,55.94370904989611,-3.1844255150110667,2384.317398222062,2143.183245535357
55.94370904989611,-3.1844255150110667,N,55.94400904989611,-3.1844255150110667,2384.317398222062,2141.933245535357
55.94400904989611,-3.1844255150110667,S,55.94370904989611,-3.1844255150110667,2384.317398222062,2140.683245535357
55.94370904989611,-3.1844255150110667,N,55.94400904989611,-3.1844255150110667,2384.317398222062,2139.433245535357
55.94400904989611,-3.1844255150110667,S,55.94370904989611,-3.1844255150110667,2384.317398222062,2138.183245535357
55.94370904989611,-3.1844255150110667,N,55.94400904989611,-3.1844255150110667,2384.317398222062,2136.933245535357
55.94400904989611,-3.1844255150110667,S,55.94370904989611,-3.1844255150110667,2384.317398222062,2135.683245535357
55.94370904989611,-3.1844255150110667,N,55.94400904989611,-3.1844255150110667,2384.317398222062,2134.433245535357
55.94400904989611,-3.1844255150110667,S,55.94370904989611,-3.1844255150110667,2384.317398222062,2133.183245535357
55.94370904989611,-3.1844255150110667,N,55.94400904989611,-3.1844255150110667,2384.317398222062,2131.933245535357
55.94400904989611,-3.1844255150110667,S,55.94370904989611,-3.1844255150110667,2384.317398222062,2130.683245535357
55.94370904989611,-3.1844255150110667,N,55.94400904989611,-3.1844255150110667,2384.317398222062,2129.433245535357
55.94400904989611,-3.1844255150110667,S,55.94370904989611,-3.1844255150110667,2384.317398222062,2128.183245535357
55.94370904989611,-3.1844255150110667,N,55.94400904989611,-3.1844255150110667,2384.317398222062,2126.933245535357
