55.944425,-3.188396,ENE,55.94453980502971,-3.1881188361402466,0.0,248.75
55.94453980502971,-3.1881188361402466,SE,55.94432767299536,-3.187906704105891,26.64315212081242,309.2312740786568
55.94432767299536,-3.187906704105891,E,55.94432767299536,-3.1876067041058906,26.64315212081242,307.9812740786568
55.94432767299536,-3.1876067041058906,E,55.94432767299536,-3.1873067041058905,30.075879675550354,425.1246352642399
55.94432767299536,-3.1873067041058905,ESE,55.944212867965646,-3.187029540246137,133.11463682564693,506.24632071999315
55.944212867965646,-3.187029540246137,SE,55.94400073593129,-3.1868174082117813,133.11463682564693,504.99632071999315
55.94400073593129,-3.1868174082117813,SE,55.943788603896934,-3.1866052761774255,145.81202856080284,597.6059359104788
55.943788603896934,-3.1866052761774255,SSE,55.94351144003718,-3.186490471147716,145.81202856080284,596.3559359104788
55.94351144003718,-3.186490471147716,SSE,55.94323427617742,-3.1863756661180065,226.45829822015298,695.1332676591354
55.94323427617742,-3.1863756661180065,SSE,55.942957112317664,-3.186260861088297,226.45829822015298,693.8832676591354
55.942957112317664,-3.186260861088297,SSE,55.94267994845791,-3.1861460560585875,229.42268061499237,742.6748101813732
55.94267994845791,-3.1861460560585875,NNE,55.942957112317664,-3.186031251028878,229.42268061499237,741.4248101813732
55.942957112317664,-3.186031251028878,NNE,55.94323427617742,-3.1859164459991685,281.533672713789,767.9268251640873
55.94323427617742,-3.1859164459991685,NE,55.94344640821178,-3.1857043139648127,281.533672713789,766.6768251640873
55.94344640821178,-3.1857043139648127,ENE,55.94356121324149,-3.1854271501050593,318.27496247663436,862.6040719694116
55.94356121324149,-3.1854271501050593,W,55.94356121324149,-3.1857271501050595,441.82789284587597,937.54304675369
55.94356121324149,-3.1857271501050595,NNW,55.943838377101244,-3.185841955134769,441.82789284587597,936.29304675369
55.943838377101244,-3.185841955134769,N,55.94413837710125,-3.185841955134769,564.328679189054,1021.1305538461148
55.94413837710125,-3.185841955134769,NNE,55.944415540961,-3.1857271501050595,564.328679189054,1019.8805538461148
55.944415540961,-3.1857271501050595,N,55.944715540961006,-3.1857271501050595,564.328679189054,1018.6305538461148
55.944715540961006,-3.1857271501050595,NNE,55.94499270482076,-3.18561234507535,583.8365235472727,1097.7272814840946
55.94499270482076,-3.18561234507535,ESE,55.94487789979105,-3.1853351812155966,583.8365235472727,1096.4772814840946
55.94487789979105,-3.1853351812155966,ESE,55.94476309476134,-3.185058017355843,701.8807446105548,1114.5321409558526
55.94476309476134,-3.185058017355843,NNE,55.9450402586211,-3.1849432123261336,803.2012621050208,1161.650419460635
55.9450402586211,-3.1849432123261336,NNE,55.945317422480855,-3.184828407296424,819.6545021100535,1174.3774668881717
55.945317422480855,-3.184828407296424,E,55.945317422480855,-3.184528407296424,881.7912031632031,1254.1740196300198
55.945317422480855,-3.184528407296424,S,55.94501742248085,-3.184528407296424,881.7912031632031,1252.9240196300198
55.94501742248085,-3.184528407296424,SSE,55.944740258621096,-3.1844136022667144,950.8136280399203,1372.7497547485896
55.944740258621096,-3.1844136022667144,NW,55.94495239065545,-3.18462573430107,950.8136280399203,1371.4997547485896
55.94495239065545,-3.18462573430107,NNW,55.94522955451521,-3.1847405393307797,950.8136280399203,1370.2497547485896
55.94522955451521,-3.1847405393307797,NW,55.945441686549565,-3.1849526713651355,950.8136280399203,1368.9997547485896
55.945441686549565,-3.1849526713651355,NNW,55.94571885040932,-3.185067476394845,950.8136280399203,1367.7497547485896
55.94571885040932,-3.185067476394845,NW,55.94593098244368,-3.1852796084292008,979.4276175348039,1480.827465729395
55.94593098244368,-3.1852796084292008,W,55.94593098244368,-3.185579608429201,979.4276175348039,1479.577465729395
55.94593098244368,-3.185579608429201,W,55.94593098244368,-3.185879608429201,979.4276175348039,1478.327465729395
55.94593098244368,-3.185879608429201,WSW,55.94581617741397,-3.1861567722889546,979.4276175348039,1477.077465729395
55.94581617741397,-3.1861567722889546,W,55.94581617741397,-3.1864567722889547,979.4276175348039,1475.827465729395
55.94581617741397,-3.1864567722889547,W,55.94581617741397,-3.186756772288955,1061.2059202176467,1527.9259510690133
55.94581617741397,-3.186756772288955,SSW,55.94553901355421,-3.1868715773186644,1061.2059202176467,1526.6759510690133
55.94553901355421,-3.1868715773186644,SW,55.945326881519854,-3.18708370935302,1152.5070677301276,1585.336942897343
55.945326881519854,-3.18708370935302,WNW,55.945441686549565,-3.1873608732127736,1152.5070677301276,1584.086942897343
55.945441686549565,-3.1873608732127736,WNW,55.945556491579275,-3.187638037072527,1152.5070677301276,1582.836942897343
55.945556491579275,-3.187638037072527,NW,55.94576862361363,-3.187850169106883,1181.0468350751844,1593.0850958670076
55.94576862361363,-3.187850169106883,SW,55.945556491579275,-3.1880623011412386,1181.0468350751844,1591.8350958670076
55.945556491579275,-3.1880623011412386,SSE,55.94527932771952,-3.187947496111529,1181.0468350751844,1590.5850958670076
55.94527932771952,-3.187947496111529,SW,55.94506719568516,-3.188159628145885,1269.8720073712277,1651.6138310676174
55.94506719568516,-3.188159628145885,WNW,55.94518200071487,-3.1884367920056382,1269.8720073712277,1650.3638310676174
55.94518200071487,-3.1884367920056382,WSW,55.94506719568516,-3.1887139558653916,1269.8720073712277,1649.1138310676174
55.94506719568516,-3.1887139558653916,E,55.94506719568516,-3.1884139558653914,1269.8720073712277,1647.8638310676174
55.94506719568516,-3.1884139558653914,WSW,55.94495239065545,-3.188691119725145,1269.8720073712277,1646.6138310676174
55.94495239065545,-3.188691119725145,NE,55.94516452268981,-3.188478987690789,1269.8720073712277,1645.3638310676174
55.94516452268981,-3.188478987690789,WSW,55.9450497176601,-3.1887561515505425,1269.8720073712277,1644.1138310676174
55.9450497176601,-3.1887561515505425,E,55.9450497176601,-3.1884561515505423,1269.8720073712277,1642.8638310676174
55.9450497176601,-3.1884561515505423,WSW,55.94493491263039,-3.1887333154102957,1269.8720073712277,1641.6138310676174
55.94493491263039,-3.1887333154102957,SW,55.94472278059603,-3.1889454474446515,1269.8720073712277,1640.3638310676174
55.94472278059603,-3.1889454474446515,ENE,55.94483758562574,-3.188668283584898,1269.8720073712277,1639.1138310676174
55.94483758562574,-3.188668283584898,NNE,55.9451147494855,-3.1885534785551886,1269.8720073712277,1637.8638310676174
55.9451147494855,-3.1885534785551886,E,55.9451147494855,-3.1882534785551884,1269.8720073712277,1636.6138310676174
55.9451147494855,-3.1882534785551884,WSW,55.94499994445579,-3.1885306424149418,1269.8720073712277,1635.3638310676174
55.94499994445579,-3.1885306424149418,WSW,55.94488513942608,-3.188807806274695,1269.8720073712277,1634.1138310676174
55.94488513942608,-3.188807806274695,E,55.94488513942608,-3.188507806274695,1269.8720073712277,1632.8638310676174
55.94488513942608,-3.188507806274695,NNE,55.945162303285834,-3.1883930012449855,1269.8720073712277,1631.6138310676174
55.945162303285834,-3.1883930012449855,SE,55.94495017125148,-3.1881808692106297,1269.8720073712277,1630.3638310676174
55.94495017125148,-3.1881808692106297,WNW,55.94506497628119,-3.188458033070383,1269.8720073712277,1629.1138310676174
55.94506497628119,-3.188458033070383,W,55.94506497628119,-3.1887580330703833,1269.8720073712277,1627.8638310676174
55.94506497628119,-3.1887580330703833,ENE,55.9451797813109,-3.18848086921063,1269.8720073712277,1626.6138310676174
55.9451797813109,-3.18848086921063,ESE,55.94506497628119,-3.1882037053508765,1269.8720073712277,1625.3638310676174
55.94506497628119,-3.1882037053508765,W,55.94506497628119,-3.1885037053508767,1269.8720073712277,1624.1138310676174
55.94506497628119,-3.1885037053508767,WSW,55.94495017125148,-3.18878086921063,1269.8720073712277,1622.8638310676174
55.94495017125148,-3.18878086921063,E,55.94495017125148,-3.18848086921063,1269.8720073712277,1621.6138310676174
55.94495017125148,-3.18848086921063,WNW,55.94506497628119,-3.1887580330703833,1269.8720073712277,1620.3638310676174
55.94506497628119,-3.1887580330703833,ENE,55.9451797813109,-3.18848086921063,1269.8720073712277,1619.1138310676174
55.9451797813109,-3.18848086921063,ESE,55.94506497628119,-3.1882037053508765,1269.8720073712277,1617.8638310676174
55.94506497628119,-3.1882037053508765,ESE,55.94495017125148,-3.187926541491123,1269.8720073712277,1616.6138310676174
55.94495017125148,-3.187926541491123,ESE,55.94483536622177,-3.1876493776313697,1269.8720073712277,1615.3638310676174
55.94483536622177,-3.1876493776313697,ESE,55.94472056119206,-3.1873722137716163,1269.8720073712277,1614.1138310676174
55.94472056119206,-3.1873722137716163,ESE,55.944605756162346,-3.187095049911863,1269.8720073712277,1612.8638310676174
55.944605756162346,-3.187095049911863,ESE,55.944490951132636,-3.1868178860521095,1269.8720073712277,1611.6138310676174
55.944490951132636,-3.1868178860521095,ESE,55.944376146102925,-3.186540722192356,1269.8720073712277,1610.3638310676174
55.944376146102925,-3.186540722192356,ENE,55.944490951132636,-3.1862635583326027,1269.8720073712277,1609.1138310676174
55.944490951132636,-3.1862635583326027,SE,55.94427881909828,-3.186051426298247,1269.8720073712277,1607.8638310676174
55.94427881909828,-3.186051426298247,SE,55.94406668706392,-3.185839294263891,1269.8720073712277,1606.6138310676174
55.94406668706392,-3.185839294263891,SE,55.94385455502957,-3.1856271622295353,1269.8720073712277,1605.3638310676174
55.94385455502957,-3.1856271622295353,SE,55.94364242299521,-3.1854150301951796,1269.8720073712277,1604.1138310676174
55.94364242299521,-3.1854150301951796,SE,55.943430290960855,-3.185202898160824,1269.8720073712277,1602.8638310676174
55.943430290960855,-3.185202898160824,ESE,55.943315485931144,-3.1849257343010704,1269.8720073712277,1601.6138310676174
55.943315485931144,-3.1849257343010704,SE,55.94310335389679,-3.1847136022667146,1293.1708791430895,1687.4245863215463
55.94310335389679,-3.1847136022667146,WSW,55.94298854886708,-3.184990766126468,1359.480235049569,1797.6543036971223
55.94298854886708,-3.184990766126468,W,55.94298854886708,-3.185290766126468,1359.480235049569,1796.4043036971223
55.94298854886708,-3.185290766126468,WNW,55.94310335389679,-3.1855679299862216,1359.480235049569,1795.1543036971223
55.94310335389679,-3.1855679299862216,W,55.94310335389679,-3.185867929986222,1359.480235049569,1793.9043036971223
55.94310335389679,-3.185867929986222,WNW,55.9432181589265,-3.186145093845975,1359.480235049569,1792.6543036971223
55.9432181589265,-3.186145093845975,W,55.9432181589265,-3.1864450938459754,1359.480235049569,1791.4043036971223
55.9432181589265,-3.1864450938459754,WNW,55.94333296395621,-3.186722257705729,1359.480235049569,1790.1543036971223
55.94333296395621,-3.186722257705729,W,55.94333296395621,-3.187022257705729,1475.429848586865,1889.4827662200487
55.94333296395621,-3.187022257705729,SW,55.94312083192185,-3.1872343897400848,1475.429848586865,1888.2327662200487
55.94312083192185,-3.1872343897400848,W,55.94312083192185,-3.187534389740085,1475.429848586865,1886.9827662200487
55.94312083192185,-3.187534389740085,SSW,55.942843668062096,-3.1876491947697945,1588.6802636054172,1984.0274492466322
55.942843668062096,-3.1876491947697945,SW,55.94263153602774,-3.1878613268041502,1648.2359969804183,2037.7860775571294
55.94263153602774,-3.1878613268041502,NW,55.942843668062096,-3.188073458838506,1648.2359969804183,2036.5360775571294
55.942843668062096,-3.188073458838506,NNW,55.94312083192185,-3.1881882638682155,1648.2359969804183,2035.2860775571294
55.94312083192185,-3.1881882638682155,NW,55.94333296395621,-3.1884003959025713,1754.7698650505254,2085.1796134924643
55.94333296395621,-3.1884003959025713,WNW,55.94344776898592,-3.1886775597623247,1754.7698650505254,2083.9296134924643
55.94344776898592,-3.1886775597623247,WNW,55.94356257401563,-3.188954723622078,1754.7698650505254,2082.6796134924643
55.94356257401563,-3.188954723622078,WNW,55.94367737904534,-3.1892318874818315,1754.7698650505254,2081.4296134924643
55.94367737904534,-3.1892318874818315,WNW,55.94379218407505,-3.189509051341585,1754.7698650505254,2080.1796134924643
55.94379218407505,-3.189509051341585,WNW,55.94390698910476,-3.1897862152013383,1754.7698650505254,2078.9296134924643
55.94390698910476,-3.1897862152013383,WNW,55.94402179413447,-3.1900633790610917,1754.7698650505254,2077.6796134924643
55.94402179413447,-3.1900633790610917,W,55.94402179413447,-3.190363379061092,1782.8487193600104,2162.023233149859
55.94402179413447,-3.190363379061092,N,55.944321794134474,-3.190363379061092,1782.8487193600104,2160.773233149859
55.944321794134474,-3.190363379061092,N,55.94462179413448,-3.190363379061092,1854.4260269447084,2170.374071052565
55.94462179413448,-3.190363379061092,NW,55.94483392616883,-3.1905755110954477,1920.5975412234245,2267.687560470816
55.94483392616883,-3.1905755110954477,NNW,55.94511109002859,-3.190690316125157,1982.2629229345112,2364.4258296134994
55.94511109002859,-3.190690316125157,NNW,55.945388253888346,-3.1908051211548667,1982.2629229345112,2363.1758296134994
55.945388253888346,-3.1908051211548667,NNW,55.9456654177481,-3.190919926184576,2079.970355555043,2417.702213872133
55.9456654177481,-3.190919926184576,SSW,55.945388253888346,-3.1910347312142857,2079.970355555043,2416.452213872133
55.945388253888346,-3.1910347312142857,SSW,55.94511109002859,-3.191149536243995,2079.970355555043,2415.202213872133
55.94511109002859,-3.191149536243995,SSW,55.94483392616883,-3.1912643412737047,2079.970355555043,2413.952213872133
55.94483392616883,-3.1912643412737047,SSW,55.94455676230908,-3.1913791463034142,2079.970355555043,2412.702213872133
55.94455676230908,-3.1913791463034142,SSW,55.94427959844932,-3.1914939513331237,2079.970355555043,2411.452213872133
55.94427959844932,-3.1914939513331237,SSW,55.944002434589564,-3.1916087563628333,2152.140211498663,2519.478625739164
55.944002434589564,-3.1916087563628333,SSE,55.94372527072981,-3.1914939513331237,2152.140211498663,2518.228625739164
55.94372527072981,-3.1914939513331237,SSE,55.94344810687005,-3.1913791463034142,2152.140211498663,2516.978625739164
55.94344810687005,-3.1913791463034142,SSE,55.943170943010294,-3.1912643412737047,2152.140211498663,2515.728625739164
55.943170943010294,-3.1912643412737047,SSE,55.94289377915054,-3.191149536243995,2251.1206630884976,2588.0888734882756
55.94289377915054,-3.191149536243995,NE,55.943105911184894,-3.1909374042096394,2251.1206630884976,2586.8388734882756
55.943105911184894,-3.1909374042096394,NE,55.94331804321925,-3.1907252721752837,2251.1206630884976,2585.5888734882756
55.94331804321925,-3.1907252721752837,NE,55.943530175253606,-3.190513140140928,2251.1206630884976,2584.3388734882756
55.943530175253606,-3.190513140140928,NNE,55.94380733911336,-3.1903983351112184,2251.1206630884976,2583.0888734882756
55.94380733911336,-3.1903983351112184,NE,55.94401947114772,-3.1901862030768626,2251.1206630884976,2581.8388734882756
55.94401947114772,-3.1901862030768626,NNE,55.944296635007476,-3.190071398047153,2251.1206630884976,2580.5888734882756
55.944296635007476,-3.190071398047153,NE,55.94450876704183,-3.1898592660127973,2251.1206630884976,2579.3388734882756
55.94450876704183,-3.1898592660127973,NNE,55.94478593090159,-3.189744460983088,2251.1206630884976,2578.0888734882756
55.94478593090159,-3.189744460983088,S,55.944485930901585,-3.189744460983088,2251.1206630884976,2576.8388734882756
55.944485930901585,-3.189744460983088,NNE,55.94476309476134,-3.1896296559533783,2251.1206630884976,2575.5888734882756
55.94476309476134,-3.1896296559533783,NNE,55.9450402586211,-3.189514850923669,2251.1206630884976,2574.3388734882756
55.9450402586211,-3.189514850923669,NNE,55.945317422480855,-3.1894000458939593,2251.1206630884976,2573.0888734882756
55.945317422480855,-3.1894000458939593,NE,55.94552955451521,-3.1891879138596035,2251.1206630884976,2571.8388734882756
55.94552955451521,-3.1891879138596035,NNE,55.94580671837497,-3.189073108829894,2251.1206630884976,2570.5888734882756
55.94580671837497,-3.189073108829894,NE,55.946018850409324,-3.1888609767955383,2254.841000764881,2600.944164716253
55.946018850409324,-3.1888609767955383,SW,55.94580671837497,-3.189073108829894,2254.841000764881,2599.694164716253
55.94580671837497,-3.189073108829894,NE,55.946018850409324,-3.1888609767955383,2254.841000764881,2598.444164716253
55.946018850409324,-3.1888609767955383,SW,55.94580671837497,-3.189073108829894,2254.841000764881,2597.194164716253
55.94580671837497,-3.189073108829894,NE,55.946018850409324,-3.1888609767955383,2254.841000764881,2595.944164716253
55.946018850409324,-3.1888609767955383,SW,55.94580671837497,-3.189073108829894,2254.841000764881,2594.694164716253
55.94580671837497,-3.189073108829894,NE,55.946018850409324,-3.1888609767955383,2254.841000764881,2593.444164716253
55.946018850409324,-3.1888609767955383,SW,55.94580671837497,-3.189073108829894,2254.841000764881,2592.194164716253
55.94580671837497,-3.189073108829894,NE,55.946018850409324,-3.1888609767955383,2254.841000764881,2590.944164716253
55.946018850409324,-3.1888609767955383,SW,55.94580671837497,-3.189073108829894,2254.841000764881,2589.694164716253
55.94580671837497,-3.189073108829894,NE,55.946018850409324,-3.1888609767955383,2254.841000764881,2588.444164716253
55.946018850409324,-3.1888609767955383,SW,55.94580671837497,-3.189073108829894,2254.841000764881,2587.194164716253
55.94580671837497,-3.189073108829894,NE,55.946018850409324,-3.1888609767955383,2254.841000764881,2585.944164716253
55.946018850409324,-3.1888609767955383,SW,55.94580671837497,-3.189073108829894,2254.841000764881,2584.694164716253
55.94580671837497,-3.189073108829894,NE,55.946018850409324,-3.1888609767955383,2254.841000764881,2583.444164716253
55.946018850409324,-3.1888609767955383,SW,55.94580671837497,-3.189073108829894,2254.841000764881,2582.194164716253
55.94580671837497,-3.189073108829894,NE,55.946018850409324,-3.1888609767955383,2254.841000764881,2580.944164716253
55.946018850409324,-3.1888609767955383,SW,55.94580671837497,-3.189073108829894,2254.841000764881,2579.694164716253
55.94580671837497,-3.189073108829894,NE,55.946018850409324,-3.1888609767955383,2254.841000764881,2578.444164716253
55.946018850409324,-3.1888609767955383,SW,55.94580671837497,-3.189073108829894,2254.841000764881,2577.194164716253
55.94580671837497,-3.189073108829894,NE,55.946018850409324,-3.1888609767955383,2254.841000764881,2575.944164716253
55.946018850409324,-3.1888609767955383,SW,55.94580671837497,-3.189073108829894,2254.841000764881,2574.694164716253
55.94580671837497,-3.189073108829894,NE,55.946018850409324,-3.1888609767955383,2254.841000764881,2573.444164716253
55.946018850409324,-3.1888609767955383,SW,55.94580671837497,-3.189073108829894,2254.841000764881,2572.194164716253
55.94580671837497,-3.189073108829894,NE,55.946018850409324,-3.1888609767955383,2254.841000764881,2570.944164716253
55.946018850409324,-3.1888609767955383,SW,55.94580671837497,-3.189073108829894,2254.841000764881,2569.694164716253
55.94580671837497,-3.189073108829894,NE,55.946018850409324,-3.1888609767955383,2254.841000764881,2568.444164716253
55.946018850409324,-3.1888609767955383,SW,55.94580671837497,-3.189073108829894,2254.841000764881,2567.194164716253
55.94580671837497,-3.189073108829894,NE,55.946018850409324,-3.1888609767955383,2254.841000764881,2565.944164716253
55.946018850409324,-3.1888609767955383,SW,55.94580671837497,-3.189073108829894,2254.841000764881,2564.694164716253
55.94580671837497,-3.189073108829894,NE,55.946018850409324,-3.1888609767955383,2254.841000764881,2563.444164716253
55.946018850409324,-3.1888609767955383,SW,55.94580671837497,-3.189073108829894,2254.841000764881,2562.194164716253
55.94580671837497,-3.189073108829894,NE,55.946018850409324,-3.1888609767955383,2254.841000764881,2560.944164716253
55.946018850409324,-3.1888609767955383,SW,55.94580671837497,-3.189073108829894,2254.841000764881,2559.694164716253
55.94580671837497,-3.189073108829894,NE,55.946018850409324,-3.1888609767955383,2254.841000764881,2558.444164716253
55.946018850409324,-3.1888609767955383,SW,55.94580671837497,-3.189073108829894,2254.841000764881,2557.194164716253
55.94580671837497,-3.189073108829894,NE,55.946018850409324,-3.1888609767955383,2254.841000764881,2555.944164716253
55.946018850409324,-3.1888609767955383,SW,55.94580671837497,-3.189073108829894,2254.841000764881,2554.694164716253
55.94580671837497,-3.189073108829894,NE,55.946018850409324,-3.1888609767955383,2254.841000764881,2553.444164716253
55.946018850409324,-3.1888609767955383,SW,55.94580671837497,-3.189073108829894,2254.841000764881,2552.194164716253
55.94580671837497,-3.189073108829894,NE,55.946018850409324,-3.1888609767955383,2254.841000764881,2550.944164716253
55.946018850409324,-3.1888609767955383,SW,55.94580671837497,-3.189073108829894,2254.841000764881,2549.694164716253
55.94580671837497,-3.189073108829894,NE,55.946018850409324,-3.1888609767955383,2254.841000764881,2548.444164716253
55.946018850409324,-3.1888609767955383,SW,55.94580671837497,-3.189073108829894,2254.841000764881,2547.194164716253
55.94580671837497,-3.189073108829894,NE,55.946018850409324,-3.1888609767955383,2254.841000764881,2545.944164716253
55.946018850409324,-3.1888609767955383,SW,55.94580671837497,-3.189073108829894,2254.841000764881,2544.694164716253
55.94580671837497,-3.189073108829894,NE,55.946018850409324,-3.1888609767955383,2254.841000764881,2543.444164716253
55.946018850409324,-3.1888609767955383,SW,55.94580671837497,-3.189073108829894,2254.841000764881,2542.194164716253
55.94580671837497,-3.189073108829894,NE,55.946018850409324,-3.1888609767955383,2254.841000764881,2540.944164716253
55.946018850409324,-3.1888609767955383,SW,55.94580671837497,-3.189073108829894,2254.841000764881,2539.694164716253
55.94580671837497,-3.189073108829894,NE,55.946018850409324,-3.1888609767955383,2254.841000764881,2538.444164716253
55.946018850409324,-3.1888609767955383,SW,55.94580671837497,-3.189073108829894,2254.841000764881,2537.194164716253
55.94580671837497,-3.189073108829894,NE,55.946018850409324,-3.1888609767955383,2254.841000764881,2535.944164716253
55.946018850409324,-3.1888609767955383,SW,55.94580671837497,-3.189073108829894,2254.841000764881,2534.694164716253
55.94580671837497,-3.189073108829894,NE,55.946018850409324,-3.1888609767955383,2254.841000764881,2533.444164716253
55.946018850409324,-3.1888609767955383,SW,55.94580671837497,-3.189073108829894,2254.841000764881,2532.194164716253
55.94580671837497,-3.189073108829894,NE,55.946018850409324,-3.1888609767955383,2254.841000764881,2530.944164716253
55.946018850409324,-3.1888609767955383,SW,55.94580671837497,-3.189073108829894,2254.841000764881,2529.694164716253
55.94580671837497,-3.189073108829894,NE,55.946018850409324,-3.1888609767955383,2254.841000764881,2528.444164716253
55.946018850409324,-3.1888609767955383,SW,55.94580671837497,-3.189073108829894,2254.841000764881,2527.194164716253
55.94580671837497,-3.189073108829894,NE,55.946018850409324,-3.1888609767955383,2254.841000764881,2525.944164716253
55.946018850409324,-3.1888609767955383,SW,55.94580671837497,-3.189073108829894,2254.841000764881,2524.694164716253
55.94580671837497,-3.189073108829894,NE,55.946018850409324,-3.1888609767955383,2254.841000764881,2523.444164716253
55.946018850409324,-3.1888609767955383,SW,55.94580671837497,-3.189073108829894,2254.841000764881,2522.194164716253
55.94580671837497,-3.189073108829894,NE,55.946018850409324,-3.1888609767955383,2254.841000764881,2520.944164716253
55.946018850409324,-3.1888609767955383,SW,55.94580671837497,-3.189073108829894,2254.841000764881,2519.694164716253
55.94580671837497,-3.189073108829894,NE,55.946018850409324,-3.1888609767955383,2254.841000764881,2518.444164716253
55.946018850409324,-3.1888609767955383,SW,55.94580671837497,-3.189073108829894,2254.841000764881,2517.194164716253
55.94580671837497,-3.189073108829894,NE,55.946018850409324,-3.1888609767955383,2254.841000764881,2515.944164716253
55.946018850409324,-3.1888609767955383,SW,55.94580671837497,-3.189073108829894,2254.841000764881,2514.694164716253
55.94580671837497,-3.189073108829894,NE,55.946018850409324,-3.1888609767955383,2254.841000764881,2513.444164716253
55.946018850409324,-3.1888609767955383,SW,55.94580671837497,-3.189073108829894,2254.841000764881,2512.194164716253
55.94580671837497,-3.189073108829894,NE,55.946018850409324,-3.1888609767955383,2254.841000764881,2510.944164716253
55.946018850409324,-3.1888609767955383,SW,55.94580671837497,-3.189073108829894,2254.841000764881,2509.694164716253
55.94580671837497,-3.189073108829894,NE,55.946018850409324,-3.1888609767955383,2254.841000764881,2508.444164716253
55.946018850409324,-3.1888609767955383,SW,55.94580671837497,-3.189073108829894,2254.841000764881,2507.194164716253
55.94580671837497,-3.189073108829894,NE,55.946018850409324,-3.1888609767955383,2254.841000764881,2505.944164716253
55.946018850409324,-3.1888609767955383,SW,55.94580671837497,-3.189073108829894,2254.841000764881,2504.694164716253
55.94580671837497,-3.189073108829894,NE,55.946018850409324,-3.1888609767955383,2254.841000764881,2503.444164716253
55.946018850409324,-3.1888609767955383,SW,55.94580671837497,-3.189073108829894,2254.841000764881,2502.194164716253
55.94580671837497,-3.189073108829894,NE,55.946018850409324,-3.1888609767955383,2254.841000764881,2500.944164716253
55.946018850409324,-3.1888609767955383,SW,55.94580671837497,-3.189073108829894,2254.841000764881,2499.694164716253
55.94580671837497,-3.189073108829894,NE,55.946018850409324,-3.1888609767955383,2254.841000764881,2498.444164716253
55.946018850409324,-3.1888609767955383,SW,55.94580671837497,-3.189073108829894,2254.841000764881,2497.194164716253
55.94580671837497,-3.189073108829894,NE,55.946018850409324,-3.1888609767955383,2254.841000764881,2495.944164716253
55.946018850409324,-3.1888609767955383,SW,55.94580671837497,-3.189073108829894,2254.841000764881,2494.694164716253
55.94580671837497,-3.189073108829894,NE,55.946018850409324,-3.1888609767955383,2254.841000764881,2493.444164716253
55.946018850409324,-3.1888609767955383,SW,55.94580671837497,-3.189073108829894,2254.841000764881,2492.194164716253
55.94580671837497,-3.189073108829894,NE,55.946018850409324,-3.1888609767955383,2254.841000764881,2490.944164716253
55.946018850409324,-3.1888609767955383,SW,55.94580671837497,-3.189073108829894,2254.841000764881,2489.694164716253
55.94580671837497,-3.189073108829894,NE,55.946018850409324,-3.1888609767955383,2254.841000764881,2488.444164716253
55.946018850409324,-3.1888609767955383,SW,55.94580671837497,-3.189073108829894,2254.841000764881,2487.194164716253
55.94580671837497,-3.189073108829894,NE,55.946018850409324,-3.1888609767955383,2254.841000764881,2485.944164716253
55.946018850409324,-3.1888609767955383,SW,55.94580671837497,-3.189073108829894,2254.841000764881,2484.694164716253
55.94580671837497,-3.189073108829894,NE,55.946018850409324,-3.1888609767955383,2254.841000764881,2483.444164716253
55.946018850409324,-3.1888609767955383,SW,55.94580671837497,-3.189073108829894,2254.841000764881,2482.194164716253
55.94580671837497,-3.189073108829894,NE,55.946018850409324,-3.1888609767955383,2254.841000764881,2480.944164716253
55.946018850409324,-3.1888609767955383,SW,55.94580671837497,-3.189073108829894,2254.841000764881,2479.694164716253
55.94580671837497,-3.189073108829894,NE,55.946018850409324,-3.1888609767955383,2254.841000764881,2478.444164716253
55.946018850409324,-3.1888609767955383,SW,55.94580671837497,-3.189073108829894,2254.841000764881,2477.194164716253
55.94580671837497,-3.189073108829894,NE,55.946018850409324,-3.1888609767955383,2254.841000764881,2475.944164716253
55.946018850409324,-3.1888609767955383,SW,55.94580671837497,-3.189073108829894,2254.841000764881,2474.694164716253
55.94580671837497,-3.189073108829894,NE,55.946018850409324,-3.1888609767955383,2254.841000764881,2473.444164716253
55.946018850409324,-3.1888609767955383,SW,55.94580671837497,-3.189073108829894,2254.841000764881,2472.194164716253
55.94580671837497,-3.189073108829894,NE,55.946018850409324,-3.1888609767955383,2254.841000764881,2470.944164716253
55.946018850409324,-3.1888609767955383,SW,55.94580671837497,-3.189073108829894,2254.841000764881,2469.694164716253
55.94580671837497,-3.189073108829894,NE,55.946018850409324,-3.1888609767955383,2254.841000764881,2468.444164716253
55.946018850409324,-3.1888609767955383,SW,55.94580671837497,-3.189073108829894,2254.841000764881,2467.194164716253
55.94580671837497,-3.189073108829894,NE,55.946018850409324,-3.1888609767955383,2254.841000764881,2465.944164716253
55.946018850409324,-3.1888609767955383,SW,55.94580671837497,-3.189073108829894,2254.841000764881,2464.694164716253
55.94580671837497,-3.189073108829894,NE,55.946018850409324,-3.1888609767955383,2254.841000764881,2463.444164716253
