55.944425,-3.188396,SE,55.944212867965646,-3.1881838679656442,8.005124688169621,333.5002674040827
55.944212867965646,-3.1881838679656442,ESE,55.944098062935936,-3.187906704105891,8.005124688169621,332.2502674040827
55.944098062935936,-3.187906704105891,ESE,55.943983257906226,-3.1876295402461374,124.83010630041419,337.01548959622534
55.943983257906226,-3.1876295402461374,SSW,55.94370609404647,-3.187744345275847,126.80554755001417,359.4058539040335
55.94370609404647,-3.187744345275847,SSE,55.94342893018671,-3.1876295402461374,126.80554755001417,358.1558539040335
55.94342893018671,-3.1876295402461374,SSE,55.943151766326956,-3.187514735216428,126.80554755001417,356.9058539040335
55.943151766326956,-3.187514735216428,S,55.94285176632695,-3.187514735216428,214.4694279472214,445.19619481169514
55.94285176632695,-3.187514735216428,NNE,55.94312893018671,-3.1873999301867184,214.4694279472214,443.94619481169514
55.94312893018671,-3.1873999301867184,NNE,55.943406094046466,-3.187285125157009,214.4694279472214,442.69619481169514
55.943406094046466,-3.187285125157009,NNE,55.94368325790622,-3.1871703201272994,214.4694279472214,441.44619481169514
55.94368325790622,-3.1871703201272994,NNE,55.94396042176598,-3.18705551509759,214.4694279472214,440.19619481169514
55.94396042176598,-3.18705551509759,NNE,55.944237585625736,-3.1869407100678804,246.64029619828912,515.3269517778339
55.944237585625736,-3.1869407100678804,NNW,55.94451474948549,-3.18705551509759,246.64029619828912,514.0769517778339
55.94451474948549,-3.18705551509759,NNW,55.94479191334525,-3.1871703201272994,246.64029619828912,512.8269517778339
55.94479191334525,-3.1871703201272994,NNW,55.945069077205005,-3.187285125157009,310.65934322318225,582.1840694323157
55.945069077205005,-3.187285125157009,ENE,55.945183882234716,-3.1870079612972555,310.65934322318225,580.9340694323157
55.945183882234716,-3.1870079612972555,ENE,55.945298687264426,-3.186730797437502,385.5515800719355,582.2995962136341
55.945298687264426,-3.186730797437502,ENE,55.945413492294136,-3.1864536335777487,385.5515800719355,581.0495962136341
55.945413492294136,-3.1864536335777487,ENE,55.94552829732385,-3.1861764697179953,485.24241043570953,586.0935252777479
55.94552829732385,-3.1861764697179953,SSE,55.94525113346409,-3.1860616646882858,485.24241043570953,584.8435252777479
55.94525113346409,-3.1860616646882858,SSE,55.944973969604334,-3.1859468596585763,604.4734666515627,660.8280609988169
55.944973969604334,-3.1859468596585763,S,55.94467396960433,-3.1859468596585763,604.4734666515627,659.5780609988169
55.94467396960433,-3.1859468596585763,S,55.94437396960433,-3.1859468596585763,604.4734666515627,658.3280609988169
55.94437396960433,-3.1859468596585763,SSE,55.94409680574457,-3.1858320546288668,670.956353022419,705.9583167073255
55.94409680574457,-3.1858320546288668,E,55.94409680574457,-3.1855320546288666,682.5688514242871,755.7043156846589
55.94409680574457,-3.1855320546288666,NE,55.94430893777893,-3.185319922594511,705.3954949447824,840.0383742232154
55.94430893777893,-3.185319922594511,ENE,55.94442374280864,-3.1850427587347574,705.3954949447824,838.7883742232154
55.94442374280864,-3.1850427587347574,NE,55.944635874842994,-3.1848306267004016,716.1601407371504,883.0984169067897
55.944635874842994,-3.1848306267004016,NNE,55.94491303870275,-3.184715821670692,716.1601407371504,881.8484169067897
55.94491303870275,-3.184715821670692,N,55.945213038702754,-3.184715821670692,726.6831725207701,915.3276902935378
55.945213038702754,-3.184715821670692,NNE,55.94549020256251,-3.1846010166409826,787.8521386999518,955.1510783228409
55.94549020256251,-3.1846010166409826,S,55.94519020256251,-3.1846010166409826,787.8521386999518,953.9010783228409
55.94519020256251,-3.1846010166409826,S,55.944890202562505,-3.1846010166409826,787.8521386999518,952.6510783228409
55.944890202562505,-3.1846010166409826,S,55.9445902025625,-3.1846010166409826,787.8521386999518,951.4010783228409
55.9445902025625,-3.1846010166409826,S,55.9442902025625,-3.1846010166409826,787.8521386999518,950.1510783228409
55.9442902025625,-3.1846010166409826,S,55.943990202562496,-3.1846010166409826,787.8521386999518,948.9010783228409
55.943990202562496,-3.1846010166409826,S,55.94369020256249,-3.1846010166409826,787.8521386999518,947.6510783228409
55.94369020256249,-3.1846010166409826,S,55.94339020256249,-3.1846010166409826,787.8521386999518,946.4010783228409
55.94339020256249,-3.1846010166409826,S,55.94309020256249,-3.1846010166409826,886.9890540070144,967.2923875005882
55.94309020256249,-3.1846010166409826,SW,55.94287807052813,-3.1848131486753384,897.0418194175825,1044.2288365061365
55.94287807052813,-3.1848131486753384,W,55.94287807052813,-3.1851131486753386,916.6671329524,1116.5526561332074
55.94287807052813,-3.1851131486753386,NW,55.94309020256249,-3.1853252807096943,916.6671329524,1115.3026561332074
55.94309020256249,-3.1853252807096943,NNW,55.943367366422244,-3.185440085739404,916.6671329524,1114.0526561332074
55.943367366422244,-3.185440085739404,WNW,55.943482171451954,-3.1857172495991573,916.6671329524,1112.8026561332074
55.943482171451954,-3.1857172495991573,WNW,55.943596976481665,-3.1859944134589107,916.6671329524,1111.5526561332074
55.943596976481665,-3.1859944134589107,WNW,55.943711781511375,-3.186271577318664,916.6671329524,1110.3026561332074
55.943711781511375,-3.186271577318664,WNW,55.943826586541086,-3.1865487411784175,916.6671329524,1109.0526561332074
55.943826586541086,-3.1865487411784175,WNW,55.943941391570796,-3.186825905038171,916.6671329524,1107.8026561332074
55.943941391570796,-3.186825905038171,NW,55.94415352360515,-3.1870380370725266,916.6671329524,1106.5526561332074
55.94415352360515,-3.1870380370725266,SW,55.943941391570796,-3.1872501691068824,916.6671329524,1105.3026561332074
55.943941391570796,-3.1872501691068824,NW,55.94415352360515,-3.187462301141238,916.6671329524,1104.0526561332074
55.94415352360515,-3.187462301141238,NW,55.94436565563951,-3.187674433175594,916.6671329524,1102.8026561332074
55.94436565563951,-3.187674433175594,NW,55.944577787673865,-3.1878865652099497,916.6671329524,1101.5526561332074
55.944577787673865,-3.1878865652099497,NW,55.94478991970822,-3.1880986972443055,984.8710602641369,1155.9582239743686
55.94478991970822,-3.1880986972443055,WSW,55.94467511467851,-3.188375861104059,984.8710602641369,1154.7082239743686
55.94467511467851,-3.188375861104059,WSW,55.9445603096488,-3.1886530249638123,984.8710602641369,1153.4582239743686
55.9445603096488,-3.1886530249638123,WSW,55.94444550461909,-3.1889301888235657,992.3700308147836,1260.6255430667375
55.94444550461909,-3.1889301888235657,WNW,55.9445603096488,-3.189207352683319,992.3700308147836,1259.3755430667375
55.9445603096488,-3.189207352683319,WNW,55.94467511467851,-3.1894845165430725,1040.8437872434672,1345.4080604147084
55.94467511467851,-3.1894845165430725,WNW,55.94478991970822,-3.189761680402826,1040.8437872434672,1344.1580604147084
55.94478991970822,-3.189761680402826,W,55.94478991970822,-3.190061680402826,1048.0568606533268,1448.1913156569462
55.94478991970822,-3.190061680402826,N,55.945089919708224,-3.190061680402826,1048.0568606533268,1446.9413156569462
55.945089919708224,-3.190061680402826,N,55.94538991970823,-3.190061680402826,1159.9218336575425,1566.9078316129603
55.94538991970823,-3.190061680402826,W,55.94538991970823,-3.1903616804028263,1171.8334561302684,1618.6789722391286
55.94538991970823,-3.1903616804028263,NW,55.94560205174258,-3.190573812437182,1171.8334561302684,1617.4289722391286
55.94560205174258,-3.190573812437182,NW,55.94581418377694,-3.190785944471538,1265.5728275237857,1716.0385126107435
55.94581418377694,-3.190785944471538,N,55.94611418377694,-3.190785944471538,1302.8926094035542,1818.7381338569487
55.94611418377694,-3.190785944471538,SSE,55.945837019917185,-3.1906711394418283,1381.854218482571,1915.3983926453377
55.945837019917185,-3.1906711394418283,SW,55.94562488788283,-3.190883271476184,1381.854218482571,1914.1483926453377
55.94562488788283,-3.190883271476184,SW,55.94541275584847,-3.19109540351054,1381.854218482571,1912.8983926453377
55.94541275584847,-3.19109540351054,SSW,55.945135591988716,-3.1912102085402494,1425.0760710526047,1983.5277217163189
55.945135591988716,-3.1912102085402494,WSW,55.945020786959006,-3.191487372400003,1458.9674296406188,2101.2511004228572
55.945020786959006,-3.191487372400003,WNW,55.945135591988716,-3.191764536259756,1458.9674296406188,2100.0011004228572
55.945135591988716,-3.191764536259756,NW,55.94534772402307,-3.191976668294112,1530.6055733839748,2135.073295497946
55.94534772402307,-3.191976668294112,NW,55.94555985605743,-3.1921888003284677,1629.346594687696,2136.9158735373207
55.94555985605743,-3.1921888003284677,SSW,55.94528269219767,-3.1923036053581773,1664.208986520374,2260.5577944894703
55.94528269219767,-3.1923036053581773,SSE,55.945005528337916,-3.1921888003284677,1664.208986520374,2259.3077944894703
55.945005528337916,-3.1921888003284677,S,55.94470552833791,-3.1921888003284677,1664.208986520374,2258.0577944894703
55.94470552833791,-3.1921888003284677,SSE,55.944428364478156,-3.1920739952987582,1664.208986520374,2256.8077944894703
55.944428364478156,-3.1920739952987582,S,55.94412836447815,-3.1920739952987582,1664.208986520374,2255.5577944894703
55.94412836447815,-3.1920739952987582,SSE,55.9438512006184,-3.1919591902690487,1664.208986520374,2254.3077944894703
55.9438512006184,-3.1919591902690487,S,55.943551200618394,-3.1919591902690487,1664.208986520374,2253.0577944894703
55.943551200618394,-3.1919591902690487,SE,55.94333906858404,-3.191747058234693,1664.208986520374,2251.8077944894703
55.94333906858404,-3.191747058234693,S,55.943039068584035,-3.191747058234693,1692.9217215939777,2339.5059889247564
55.943039068584035,-3.191747058234693,SSW,55.94276190472428,-3.1918618632644025,1718.0253828261148,2377.9307438331325
55.94276190472428,-3.1918618632644025,E,55.94276190472428,-3.1915618632644023,1718.0253828261148,2376.6807438331325
55.94276190472428,-3.1915618632644023,ESE,55.94264709969457,-3.191284699404649,1781.7214810095302,2375.7147591753164
55.94264709969457,-3.191284699404649,ENE,55.94276190472428,-3.1910075355448955,1781.7214810095302,2374.4647591753164
55.94276190472428,-3.1910075355448955,ENE,55.94287670975399,-3.190730371685142,1781.7214810095302,2373.2147591753164
55.94287670975399,-3.190730371685142,ENE,55.9429915147837,-3.1904532078253887,1781.7214810095302,2371.9647591753164
55.9429915147837,-3.1904532078253887,NE,55.943203646818056,-3.190241075791033,1873.8573501952408,2376.6527138411934
55.943203646818056,-3.190241075791033,N,55.94350364681806,-3.190241075791033,1873.8573501952408,2375.4027138411934
55.94350364681806,-3.190241075791033,N,55.94380364681806,-3.190241075791033,1992.577460194165,2401.2363203725617
55.94380364681806,-3.190241075791033,ESE,55.94368884178835,-3.1899639119312795,1992.577460194165,2399.9863203725617
55.94368884178835,-3.1899639119312795,ESE,55.94357403675864,-3.189686748071526,1992.577460194165,2398.7363203725617
55.94357403675864,-3.189686748071526,ESE,55.94345923172893,-3.1894095842117727,2031.309727968783,2517.757755713838
55.94345923172893,-3.1894095842117727,N,55.94375923172893,-3.1894095842117727,2031.309727968783,2516.507755713838
55.94375923172893,-3.1894095842117727,NNE,55.94403639558869,-3.189294779182063,2031.309727968783,2515.257755713838
55.94403639558869,-3.189294779182063,N,55.94433639558869,-3.189294779182063,2031.309727968783,2514.007755713838
55.94433639558869,-3.189294779182063,NNE,55.94461355944845,-3.1891799741523537,2031.309727968783,2512.757755713838
55.94461355944845,-3.1891799741523537,N,55.94491355944845,-3.1891799741523537,2031.309727968783,2511.507755713838
55.94491355944845,-3.1891799741523537,NNE,55.94519072330821,-3.189065169122644,2031.309727968783,2510.257755713838
55.94519072330821,-3.189065169122644,N,55.94549072330821,-3.189065169122644,2031.309727968783,2509.007755713838
55.94549072330821,-3.189065169122644,NNE,55.94576788716797,-3.1889503640929346,2031.309727968783,2507.757755713838
55.94576788716797,-3.1889503640929346,SE,55.94555575513361,-3.188738232058579,2031.309727968783,2506.507755713838
55.94555575513361,-3.188738232058579,N,55.945855755133614,-3.188738232058579,2031.309727968783,2505.257755713838
55.945855755133614,-3.188738232058579,NNW,55.94613291899337,-3.1888530370882884,2034.0939708952435,2556.8044513025643
55.94613291899337,-3.1888530370882884,SSE,55.945855755133614,-3.188738232058579,2034.0939708952435,2555.5544513025643
55.945855755133614,-3.188738232058579,NNW,55.94613291899337,-3.1888530370882884,2034.0939708952435,2554.3044513025643
55.94613291899337,-3.1888530370882884,SSE,55.945855755133614,-3.188738232058579,2034.0939708952435,2553.0544513025643
55.945855755133614,-3.188738232058579,NNW,55.94613291899337,-3.1888530370882884,2034.0939708952435,2551.8044513025643
55.94613291899337,-3.1888530370882884,SSE,55.945855755133614,-3.188738232058579,2034.0939708952435,2550.5544513025643
55.945855755133614,-3.188738232058579,NNW,55.94613291899337,-3.1888530370882884,2034.0939708952435,2549.3044513025643
55.94613291899337,-3.1888530370882884,SSE,55.945855755133614,-3.188738232058579,2034.0939708952435,2548.0544513025643
55.945855755133614,-3.188738232058579,NNW,55.94613291899337,-3.1888530370882884,2034.0939708952435,2546.8044513025643
55.94613291899337,-3.1888530370882884,SSE,55.945855755133614,-3.188738232058579,2034.0939708952435,2545.5544513025643
55.945855755133614,-3.188738232058579,NNW,55.94613291899337,-3.1888530370882884,2034.0939708952435,2544.3044513025643
55.94613291899337,-3.1888530370882884,SSE,55.945855755133614,-3.188738232058579,2034.0939708952435,2543.0544513025643
55.945855755133614,-3.188738232058579,NNW,55.94613291899337,-3.1888530370882884,2034.0939708952435,2541.8044513025643
55.94613291899337,-3.1888530370882884,SSE,55.945855755133614,-3.188738232058579,2034.0939708952435,2540.5544513025643
55.945855755133614,-3.188738232058579,NNW,55.94613291899337,-3.1888530370882884,2034.0939708952435,2539.3044513025643
55.94613291899337,-3.1888530370882884,SSE,55.945855755133614,-3.188738232058579,2034.0939708952435,2538.0544513025643
55.945855755133614,-3.188738232058579,NNW,55.94613291899337,-3.1888530370882884,2034.0939708952435,2536.8044513025643
55.94613291899337,-3.1888530370882884,SSE,55.945855755133614,-3.188738232058579,2034.0939708952435,2535.5544513025643
55.945855755133614,-3.188738232058579,NNW,55.94613291899337,-3.1888530370882884,2034.0939708952435,2534.3044513025643
55.94613291899337,-3.1888530370882884,SSE,55.945855755133614,-3.188738232058579,2034.0939708952435,2533.0544513025643
55.945855755133614,-3.188738232058579,NNW,55.94613291899337,-3.1888530370882884,2034.0939708952435,2531.8044513025643
55.94613291899337,-3.1888530370882884,SSE,55.945855755133614,-3.188738232058579,2034.0939708952435,2530.5544513025643
55.945855755133614,-3.188738232058579,NNW,55.94613291899337,-3.1888530370882884,2034.0939708952435,2529.3044513025643
55.94613291899337,-3.1888530370882884,SSE,55.945855755133614,-3.188738232058579,2034.0939708952435,2528.0544513025643
55.945855755133614,-3.188738232058579,NNW,55.94613291899337,-3.1888530370882884,2034.0939708952435,2526.8044513025643
55.94613291899337,-3.1888530370882884,SSE,55.945855755133614,-3.188738232058579,2034.0939708952435,2525.5544513025643
55.945855755133614,-3.188738232058579,NNW,55.94613291899337,-3.1888530370882884,2034.0939708952435,2524.3044513025643
55.94613291899337,-3.1888530370882884,SSE,55.945855755133614,-3.188738232058579,2034.0939708952435,2523.0544513025643
55.945855755133614,-3.188738232058579,NNW,55.94613291899337,-3.1888530370882884,2034.0939708952435,2521.8044513025643
55.94613291899337,-3.1888530370882884,SSE,55.945855755133614,-3.188738232058579,2034.0939708952435,2520.5544513025643
55.945855755133614,-3.188738232058579,NNW,55.94613291899337,-3.1888530370882884,2034.0939708952435,2519.3044513025643
55.94613291899337,-3.1888530370882884,SSE,55.945855755133614,-3.188738232058579,2034.0939708952435,2518.0544513025643
55.945855755133614,-3.188738232058579,NNW,55.94613291899337,-3.1888530370882884,2034.0939708952435,2516.8044513025643
55.94613291899337,-3.1888530370882884,SSE,55.945855755133614,-3.188738232058579,2034.0939708952435,2515.5544513025643
55.945855755133614,-3.188738232058579,NNW,55.94613291899337,-3.1888530370882884,2034.0939708952435,2514.3044513025643
55.94613291899337,-3.1888530370882884,SSE,55.945855755133614,-3.188738232058579,2034.0939708952435,2513.0544513025643
55.945855755133614,-3.188738232058579,NNW,55.94613291899337,-3.1888530370882884,2034.0939708952435,2511.8044513025643
55.94613291899337,-3.1888530370882884,SSE,55.945855755133614,-3.188738232058579,2034.0939708952435,2510.5544513025643
55.945855755133614,-3.188738232058579,NNW,55.94613291899337,-3.1888530370882884,2034.0939708952435,2509.3044513025643
55.94613291899337,-3.1888530370882884,SSE,55.945855755133614,-3.188738232058579,2034.0939708952435,2508.0544513025643
55.945855755133614,-3.188738232058579,NNW,55.94613291899337,-3.1888530370882884,2034.0939708952435,2506.8044513025643
55.94613291899337,-3.1888530370882884,SSE,55.945855755133614,-3.188738232058579,2034.0939708952435,2505.5544513025643
55.945855755133614,-3.188738232058579,NNW,55.94613291899337,-3.1888530370882884,2034.0939708952435,2504.3044513025643
55.94613291899337,-3.1888530370882884,SSE,55.945855755133614,-3.188738232058579,2034.0939708952435,2503.0544513025643
55.945855755133614,-3.188738232058579,NNW,55.94613291899337,-3.1888530370882884,2034.0939708952435,2501.8044513025643
55.94613291899337,-3.1888530370882884,SSE,55.945855755133614,-3.188738232058579,2034.0939708952435,2500.5544513025643
55.945855755133614,-3.188738232058579,NNW,55.94613291899337,-3.1888530370882884,2034.0939708952435,2499.3044513025643
55.94613291899337,-3.1888530370882884,SSE,55.945855755133614,-3.188738232058579,2034.0939708952435,2498.0544513025643
55.945855755133614,-3.188738232058579,NNW,55.94613291899337,-3.1888530370882884,2034.0939708952435,2496.8044513025643
55.94613291899337,-3.1888530370882884,SSE,55.945855755133614,-3.188738232058579,2034.0939708952435,2495.5544513025643
55.945855755133614,-3.188738232058579,NNW,55.94613291899337,-3.1888530370882884,2034.0939708952435,2494.3044513025643
55.94613291899337,-3.1888530370882884,SSE,55.945855755133614,-3.188738232058579,2034.0939708952435,2493.0544513025643
55.945855755133614,-3.188738232058579,NNW,55.94613291899337,-3.1888530370882884,2034.0939708952435,2491.8044513025643
55.94613291899337,-3.1888530370882884,SSE,55.945855755133614,-3.188738232058579,2034.0939708952435,2490.5544513025643
55.945855755133614,-3.188738232058579,NNW,55.94613291899337,-3.1888530370882884,2034.0939708952435,2489.3044513025643
55.94613291899337,-3.1888530370882884,SSE,55.945855755133614,-3.188738232058579,2034.0939708952435,2488.0544513025643
55.945855755133614,-3.188738232058579,NNW,55.94613291899337,-3.1888530370882884,2034.0939708952435,2486.8044513025643
55.94613291899337,-3.1888530370882884,SSE,55.945855755133614,-3.188738232058579,2034.0939708952435,2485.5544513025643
55.945855755133614,-3.188738232058579,NNW,55.94613291899337,-3.1888530370882884,2034.0939708952435,2484.3044513025643
55.94613291899337,-3.1888530370882884,SSE,55.945855755133614,-3.188738232058579,2034.0939708952435,2483.0544513025643
55.945855755133614,-3.188738232058579,NNW,55.94613291899337,-3.1888530370882884,2034.0939708952435,2481.8044513025643
55.94613291899337,-3.1888530370882884,SSE,55.945855755133614,-3.188738232058579,2034.0939708952435,2480.5544513025643
55.945855755133614,-3.188738232058579,NNW,55.94613291899337,-3.1888530370882884,2034.0939708952435,2479.3044513025643
55.94613291899337,-3.1888530370882884,SSE,55.945855755133614,-3.188738232058579,2034.0939708952435,2478.0544513025643
55.945855755133614,-3.188738232058579,NNW,55.94613291899337,-3.1888530370882884,2034.0939708952435,2476.8044513025643
55.94613291899337,-3.1888530370882884,SSE,55.945855755133614,-3.188738232058579,2034.0939708952435,2475.5544513025643
55.945855755133614,-3.188738232058579,NNW,55.94613291899337,-3.1888530370882884,2034.0939708952435,2474.3044513025643
55.94613291899337,-3.1888530370882884,SSE,55.945855755133614,-3.188738232058579,2034.0939708952435,2473.0544513025643
55.945855755133614,-3.188738232058579,NNW,55.94613291899337,-3.1888530370882884,2034.0939708952435,2471.8044513025643
55.94613291899337,-3.1888530370882884,SSE,55.945855755133614,-3.188738232058579,2034.0939708952435,2470.5544513025643
55.945855755133614,-3.188738232058579,NNW,55.94613291899337,-3.1888530370882884,2034.0939708952435,2469.3044513025643
55.94613291899337,-3.1888530370882884,SSE,55.945855755133614,-3.188738232058579,2034.0939708952435,2468.0544513025643
55.945855755133614,-3.188738232058579,NNW,55.94613291899337,-3.1888530370882884,2034.0939708952435,2466.8044513025643
55.94613291899337,-3.1888530370882884,SSE,55.945855755133614,-3.188738232058579,2034.0939708952435,2465.5544513025643
55.945855755133614,-3.188738232058579,NNW,55.94613291899337,-3.1888530370882884,2034.0939708952435,2464.3044513025643
55.94613291899337,-3.1888530370882884,SSE,55.945855755133614,-3.188738232058579,2034.0939708952435,2463.0544513025643
55.945855755133614,-3.188738232058579,NNW,55.94613291899337,-3.1888530370882884,2034.0939708952435,2461.8044513025643
55.94613291899337,-3.1888530370882884,SSE,55.945855755133614,-3.188738232058579,2034.0939708952435,2460.5544513025643
55.945855755133614,-3.188738232058579,NNW,55.94613291899337,-3.1888530370882884,2034.0939708952435,2459.3044513025643
55.94613291899337,-3.1888530370882884,SSE,55.945855755133614,-3.188738232058579,2034.0939708952435,2458.0544513025643
55.945855755133614,-3.188738232058579,NNW,55.94613291899337,-3.1888530370882884,2034.0939708952435,2456.8044513025643
55.94613291899337,-3.1888530370882884,SSE,55.945855755133614,-3.188738232058579,2034.0939708952435,2455.5544513025643
55.945855755133614,-3.188738232058579,NNW,55.94613291899337,-3.1888530370882884,2034.0939708952435,2454.3044513025643
55.94613291899337,-3.1888530370882884,SSE,55.945855755133614,-3.188738232058579,2034.0939708952435,2453.0544513025643
55.945855755133614,-3.188738232058579,NNW,55.94613291899337,-3.1888530370882884,2034.0939708952435,2451.8044513025643
55.94613291899337,-3.1888530370882884,SSE,55.945855755133614,-3.188738232058579,2034.0939708952435,2450.5544513025643
55.945855755133614,-3.188738232058579,NNW,55.94613291899337,-3.1888530370882884,2034.0939708952435,2449.3044513025643
55.94613291899337,-3.1888530370882884,SSE,55.945855755133614,-3.188738232058579,2034.0939708952435,2448.0544513025643
55.945855755133614,-3.188738232058579,NNW,55.94613291899337,-3.1888530370882884,2034.0939708952435,2446.8044513025643
55.94613291899337,-3.1888530370882884,SSE,55.945855755133614,-3.188738232058579,2034.0939708952435,2445.5544513025643
55.945855755133614,-3.188738232058579,NNW,55.94613291899337,-3.1888530370882884,2034.0939708952435,2444.3044513025643
55.94613291899337,-3.1888530370882884,SSE,55.945855755133614,-3.188738232058579,2034.0939708952435,2443.0544513025643
55.945855755133614,-3.188738232058579,NNW,55.94613291899337,-3.1888530370882884,2034.0939708952435,2441.8044513025643
55.94613291899337,-3.1888530370882884,SSE,55.945855755133614,-3.188738232058579,2034.0939708952435,2440.5544513025643
55.945855755133614,-3.188738232058579,NNW,55.94613291899337,-3.1888530370882884,2034.0939708952435,2439.3044513025643
55.94613291899337,-3.1888530370882884,SSE,55.945855755133614,-3.188738232058579,2034.0939708952435,2438.0544513025643
55.945855755133614,-3.188738232058579,NNW,55.94613291899337,-3.1888530370882884,2034.0939708952435,2436.8044513025643
55.94613291899337,-3.1888530370882884,SSE,55.945855755133614,-3.188738232058579,2034.0939708952435,2435.5544513025643
55.945855755133614,-3.188738232058579,NNW,55.94613291899337,-3.1888530370882884,2034.0939708952435,2434.3044513025643
55.94613291899337,-3.1888530370882884,SSE,55.945855755133614,-3.188738232058579,2034.0939708952435,2433.0544513025643
55.945855755133614,-3.188738232058579,NNW,55.94613291899337,-3.1888530370882884,2034.0939708952435,2431.8044513025643
55.94613291899337,-3.1888530370882884,SSE,55.945855755133614,-3.188738232058579,2034.0939708952435,2430.5544513025643
55.945855755133614,-3.188738232058579,NNW,55.94613291899337,-3.1888530370882884,2034.0939708952435,2429.3044513025643
55.94613291899337,-3.1888530370882884,SSE,55.945855755133614,-3.188738232058579,2034.0939708952435,2428.0544513025643
55.945855755133614,-3.188738232058579,NNW,55.94613291899337,-3.1888530370882884,2034.0939708952435,2426.8044513025643
55.94613291899337,-3.1888530370882884,SSE,55.945855755133614,-3.188738232058579,2034.0939708952435,2425.5544513025643
55.945855755133614,-3.188738232058579,NNW,55.94613291899337,-3.1888530370882884,2034.0939708952435,2424.3044513025643
55.94613291899337,-3.1888530370882884,SSE,55.945855755133614,-3.188738232058579,2034.0939708952435,2423.0544513025643
55.945855755133614,-3.188738232058579,NNW,55.94613291899337,-3.1888530370882884,2034.0939708952435,2421.8044513025643
55.94613291899337,-3.1888530370882884,SSE,55.945855755133614,-3.188738232058579,2034.0939708952435,2420.5544513025643
55.945855755133614,-3.188738232058579,NNW,55.94613291899337,-3.1888530370882884,2034.0939708952435,2419.3044513025643
55.94613291899337,-3.1888530370882884,SSE,55.945855755133614,-3.188738232058579,2034.0939708952435,2418.0544513025643
55.945855755133614,-3.188738232058579,NNW,55.94613291899337,-3.1888530370882884,2034.0939708952435,2416.8044513025643
55.94613291899337,-3.1888530370882884,SSE,55.945855755133614,-3.188738232058579,2034.0939708952435,2415.5544513025643
55.945855755133614,-3.188738232058579,NNW,55.94613291899337,-3.1888530370882884,2034.0939708952435,2414.3044513025643
55.94613291899337,-3.1888530370882884,SSE,55.945855755133614,-3.188738232058579,2034.0939708952435,2413.0544513025643
55.945855755133614,-3.188738232058579,NNW,55.94613291899337,-3.1888530370882884,2034.0939708952435,2411.8044513025643
55.94613291899337,-3.1888530370882884,SSE,55.945855755133614,-3.188738232058579,2034.0939708952435,2410.5544513025643
55.945855755133614,-3.188738232058579,NNW,55.94613291899337,-3.1888530370882884,2034.0939708952435,2409.3044513025643
55.94613291899337,-3.1888530370882884,SSE,55.945855755133614,-3.188738232058579,2034.0939708952435,2408.0544513025643
55.945855755133614,-3.188738232058579,NNW,55.94613291899337,-3.1888530370882884,2034.0939708952435,2406.8044513025643
55.94613291899337,-3.1888530370882884,SSE,55.945855755133614,-3.188738232058579,2034.0939708952435,2405.5544513025643
55.945855755133614,-3.188738232058579,NNW,55.94613291899337,-3.1888530370882884,2034.0939708952435,2404.3044513025643
55.94613291899337,-3.1888530370882884,SSE,55.945855755133614,-3.188738232058579,2034.0939708952435,2403.0544513025643
55.945855755133614,-3.188738232058579,NNW,55.94613291899337,-3.1888530370882884,2034.0939708952435,2401.8044513025643
55.94613291899337,-3.1888530370882884,SSE,55.945855755133614,-3.188738232058579,2034.0939708952435,2400.5544513025643
55.945855755133614,-3.188738232058579,NNW,55.94613291899337,-3.1888530370882884,2034.0939708952435,2399.3044513025643
55.94613291899337,-3.1888530370882884,SSE,55.945855755133614,-3.188738232058579,2034.0939708952435,2398.0544513025643
55.945855755133614,-3.188738232058579,NNW,55.94613291899337,-3.1888530370882884,2034.0939708952435,2396.8044513025643
55.94613291899337,-3.1888530370882884,SSE,55.945855755133614,-3.188738232058579,2034.0939708952435,2395.5544513025643
55.945855755133614,-3.188738232058579,NNW,55.94613291899337,-3.1888530370882884,2034.0939708952435,2394.3044513025643
55.94613291899337,-3.1888530370882884,SSE,55.945855755133614,-3.188738232058579,2034.0939708952435,2393.0544513025643
55.945855755133614,-3.188738232058579,NNW,55.94613291899337,-3.1888530370882884,2034.0939708952435,2391.8044513025643
55.94613291899337,-3.1888530370882884,SSE,55.945855755133614,-3.188738232058579,2034.0939708952435,2390.5544513025643
55.945855755133614,-3.188738232058579,NNW,55.94613291899337,-3.1888530370882884,2034.0939708952435,2389.3044513025643
55.94613291899337,-3.1888530370882884,SSE,55.945855755133614,-3.188738232058579,2034.0939708952435,2388.0544513025643
55.945855755133614,-3.188738232058579,NNW,55.94613291899337,-3.1888530370882884,2034.0939708952435,2386.8044513025643
55.94613291899337,-3.1888530370882884,SSE,55.945855755133614,-3.188738232058579,2034.0939708952435,2385.5544513025643
55.945855755133614,-3.188738232058579,NNW,55.94613291899337,-3.1888530370882884,2034.0939708952435,2384.3044513025643
55.94613291899337,-3.1888530370882884,SSE,55.945855755133614,-3.188738232058579,2034.0939708952435,2383.0544513025643
55.945855755133614,-3.188738232058579,NNW,55.94613291899337,-3.1888530370882884,2034.0939708952435,2381.8044513025643
55.94613291899337,-3.1888530370882884,SSE,55.945855755133614,-3.188738232058579,2034.0939708952435,2380.5544513025643
55.945855755133614,-3.188738232058579,NNW,55.94613291899337,-3.1888530370882884,2034.0939708952435,2379.3044513025643
55.94613291899337,-3.1888530370882884,SSE,55.945855755133614,-3.188738232058579,2034.0939708952435,2378.0544513025643
