55.944425,-3.188396,ESE,55.94431019497029,-3.1881188361402466,59.95587712897557,275.9750361293914
55.94431019497029,-3.1881188361402466,ESE,55.94419538994058,-3.187841672280493,114.45421508250593,283.4927684765577
55.94419538994058,-3.187841672280493,SW,55.943983257906226,-3.188053804314849,114.45421508250593,282.2427684765577
55.943983257906226,-3.188053804314849,SW,55.94377112587187,-3.1882659363492047,211.99572488176574,290.5511153904152
55.94377112587187,-3.1882659363492047,SE,55.94355899383751,-3.188053804314849,211.99572488176574,289.3011153904152
55.94355899383751,-3.188053804314849,ESE,55.9434441888078,-3.1877766404550956,264.5171995949391,294.63047375358616
55.9434441888078,-3.1877766404550956,SW,55.94323205677345,-3.1879887724894513,264.5171995949391,293.38047375358616
55.94323205677345,-3.1879887724894513,SW,55.94301992473909,-3.188200904523807,273.7818917480149,374.49524011879055
55.94301992473909,-3.188200904523807,WSW,55.94290511970938,-3.1884780683835605,273.7818917480149,373.24524011879055
55.94290511970938,-3.1884780683835605,WSW,55.94279031467967,-3.188755232243314,359.56684701565115,446.2288554060232
55.94279031467967,-3.188755232243314,NW,55.943002446714026,-3.1889673642776697,359.56684701565115,444.9788554060232
55.943002446714026,-3.1889673642776697,NNW,55.94327961057378,-3.189082169307379,359.56684701565115,443.7288554060232
55.94327961057378,-3.189082169307379,NW,55.94349174260814,-3.189294301341735,371.3160251219494,473.39863342835184
55.94349174260814,-3.189294301341735,WNW,55.94360654763785,-3.1895714652014884,475.6566120690399,579.2045196089615
55.94360654763785,-3.1895714652014884,WSW,55.94349174260814,-3.189848629061242,488.36122521763633,702.6226232713824
55.94349174260814,-3.189848629061242,S,55.943191742608136,-3.189848629061242,551.5471905333814,800.6417523791418
55.943191742608136,-3.189848629061242,NNE,55.94346890646789,-3.1897338240315323,551.5471905333814,799.3917523791418
55.94346890646789,-3.1897338240315323,NNE,55.94374607032765,-3.1896190190018228,551.5471905333814,798.1417523791418
55.94374607032765,-3.1896190190018228,NE,55.943958202362005,-3.189406886967467,598.1718817518342,830.9855574736896
55.943958202362005,-3.189406886967467,NW,55.94417033439636,-3.1896190190018228,598.1718817518342,829.7355574736896
55.94417033439636,-3.1896190190018228,NW,55.94438246643072,-3.1898311510361785,598.1718817518342,828.4855574736896
55.94438246643072,-3.1898311510361785,NW,55.94459459846507,-3.1900432830705343,609.6433637765147,928.9058438957604
55.94459459846507,-3.1900432830705343,NNW,55.94487176232483,-3.190158088100244,643.0072978138589,1025.4921539429106
55.94487176232483,-3.190158088100244,WNW,55.94498656735454,-3.190435251959997,643.0072978138589,1024.2421539429106
55.94498656735454,-3.190435251959997,WNW,55.94510137238425,-3.1907124158197506,643.0072978138589,1022.9921539429106
55.94510137238425,-3.1907124158197506,W,55.94510137238425,-3.191012415819751,703.7061251113344,1107.167799278862
55.94510137238425,-3.191012415819751,NNE,55.94537853624401,-3.1908976107900413,703.7061251113344,1105.917799278862
55.94537853624401,-3.1908976107900413,NNE,55.945655700103764,-3.190782805760332,801.4475200319408,1200.9039593937578
55.945655700103764,-3.190782805760332,WNW,55.945770505133474,-3.191059969620085,801.4475200319408,1199.6539593937578
55.945770505133474,-3.191059969620085,WNW,55.945885310163185,-3.1913371334798386,801.4475200319408,1198.4039593937578
55.945885310163185,-3.1913371334798386,NW,55.94609744219754,-3.1915492655141944,831.2922521870378,1210.2936120260533
55.94609744219754,-3.1915492655141944,SSE,55.945820278337784,-3.191434460484485,831.2922521870378,1209.0436120260533
55.945820278337784,-3.191434460484485,SSE,55.94554311447803,-3.1913196554547754,831.2922521870378,1207.7936120260533
55.94554311447803,-3.1913196554547754,SSE,55.94526595061827,-3.191204850425066,831.2922521870378,1206.5436120260533
55.94526595061827,-3.191204850425066,S,55.94496595061827,-3.191204850425066,831.2922521870378,1205.2936120260533
55.94496595061827,-3.191204850425066,SSE,55.94468878675851,-3.1910900453953563,831.2922521870378,1204.0436120260533
55.94468878675851,-3.1910900453953563,S,55.94438878675851,-3.1910900453953563,831.2922521870378,1202.7936120260533
55.94438878675851,-3.1910900453953563,SSE,55.94411162289875,-3.190975240365647,919.1394401809239,1311.9988086167082
55.94411162289875,-3.190975240365647,S,55.94381162289875,-3.190975240365647,919.1394401809239,1310.7488086167082
55.94381162289875,-3.190975240365647,SSW,55.94353445903899,-3.1910900453953563,1032.2960375068747,1423.6576871997806
55.94353445903899,-3.1910900453953563,E,55.94353445903899,-3.190790045395356,1032.2960375068747,1422.4076871997806
55.94353445903899,-3.190790045395356,S,55.94323445903899,-3.190790045395356,1060.1912384826442,1473.7515715279615
55.94323445903899,-3.190790045395356,E,55.94323445903899,-3.190490045395356,1060.1912384826442,1472.5015715279615
55.94323445903899,-3.190490045395356,NE,55.94344659107335,-3.190277913361,1060.1912384826442,1471.2515715279615
55.94344659107335,-3.190277913361,NE,55.9436587231077,-3.1900657813266444,1060.1912384826442,1470.0015715279615
55.9436587231077,-3.1900657813266444,NE,55.94387085514206,-3.1898536492922887,1060.1912384826442,1468.7515715279615
55.94387085514206,-3.1898536492922887,NE,55.944082987176415,-3.189641517257933,1060.1912384826442,1467.5015715279615
55.944082987176415,-3.189641517257933,NE,55.94429511921077,-3.189429385223577,1060.1912384826442,1466.2515715279615
55.94429511921077,-3.189429385223577,NE,55.94450725124513,-3.1892172531892213,1060.1912384826442,1465.0015715279615
55.94450725124513,-3.1892172531892213,NE,55.944719383279484,-3.1890051211548656,1060.1912384826442,1463.7515715279615
55.944719383279484,-3.1890051211548656,SSW,55.94444221941973,-3.189119926184575,1060.1912384826442,1462.5015715279615
55.94444221941973,-3.189119926184575,NE,55.94465435145408,-3.1889077941502193,1060.1912384826442,1461.2515715279615
55.94465435145408,-3.1889077941502193,NE,55.94486648348844,-3.1886956621158635,1060.1912384826442,1460.0015715279615
55.94486648348844,-3.1886956621158635,NE,55.945078615522796,-3.1884835300815078,1162.1222550226807,1545.8644005363178
55.945078615522796,-3.1884835300815078,NE,55.94529074755715,-3.188271398047152,1162.1222550226807,1544.6144005363178
55.94529074755715,-3.188271398047152,ENE,55.94540555258686,-3.1879942341873986,1232.883175468686,1629.1487082779079
55.94540555258686,-3.1879942341873986,ESE,55.94529074755715,-3.187717070327645,1232.883175468686,1627.8987082779079
55.94529074755715,-3.187717070327645,ESE,55.94517594252744,-3.1874399064678918,1232.883175468686,1626.6487082779079
55.94517594252744,-3.1874399064678918,E,55.94517594252744,-3.1871399064678916,1255.3837067099196,1707.3068175490757
55.94517594252744,-3.1871399064678916,SW,55.944963810493086,-3.1873520385022474,1255.3837067099196,1706.0568175490757
55.944963810493086,-3.1873520385022474,NNE,55.94524097435284,-3.187237233472538,1294.5279589070333,1748.8336011559718
55.94524097435284,-3.187237233472538,SE,55.945028842318486,-3.187025101438182,1294.5279589070333,1747.5836011559718
55.945028842318486,-3.187025101438182,SE,55.94481671028413,-3.1868129694038263,1415.4136907022912,1764.6870046807283
55.94481671028413,-3.1868129694038263,SSE,55.94453954642437,-3.186698164374117,1456.5230339383243,1811.6697089130398
55.94453954642437,-3.186698164374117,SW,55.94432741439002,-3.1869102964084726,1497.2864071003303,1814.4809771465689
55.94432741439002,-3.1869102964084726,SE,55.94411528235566,-3.186698164374117,1497.2864071003303,1813.2309771465689
55.94411528235566,-3.186698164374117,SSE,55.943838118495904,-3.1865833593444073,1568.472603160861,1834.965560034779
55.943838118495904,-3.1865833593444073,SSE,55.94356095463615,-3.1864685543146978,1635.9188335373356,1865.1734584703474
55.94356095463615,-3.1864685543146978,SSE,55.94328379077639,-3.1863537492849883,1724.6014949729722,1964.1698656312851
55.94328379077639,-3.1863537492849883,ESE,55.94316898574668,-3.186076585425235,1765.73516745278,2080.858694738598
55.94316898574668,-3.186076585425235,NE,55.94338111778104,-3.185864453390879,1765.73516745278,2079.608694738598
55.94338111778104,-3.185864453390879,NE,55.94359324981539,-3.1856523213565233,1765.73516745278,2078.358694738598
55.94359324981539,-3.1856523213565233,NE,55.94380538184975,-3.1854401893221675,1768.603327033569,2105.0441572025898
55.94380538184975,-3.1854401893221675,N,55.94410538184975,-3.1854401893221675,1812.8607469893275,2150.004392716598
55.94410538184975,-3.1854401893221675,SE,55.943893249815396,-3.1852280572878118,1812.8607469893275,2148.754392716598
55.943893249815396,-3.1852280572878118,SE,55.94368111778104,-3.185015925253456,1899.6777191889532,2224.4574805535694
55.94368111778104,-3.185015925253456,ESE,55.94356631275133,-3.1847387613937026,1899.6777191889532,2223.2074805535694
55.94356631275133,-3.1847387613937026,ESE,55.94345150772162,-3.184461597533949,1902.3819338337476,2264.3997759451236
55.94345150772162,-3.184461597533949,W,55.94345150772162,-3.1847615975339494,1902.3819338337476,2263.1497759451236
55.94345150772162,-3.1847615975339494,WNW,55.94356631275133,-3.185038761393703,1902.3819338337476,2261.8997759451236
55.94356631275133,-3.185038761393703,WNW,55.94368111778104,-3.185315925253456,1902.3819338337476,2260.6497759451236
55.94368111778104,-3.185315925253456,WNW,55.94379592281075,-3.1855930891132096,1902.3819338337476,2259.3997759451236
55.94379592281075,-3.1855930891132096,WNW,55.94391072784046,-3.185870252972963,1902.3819338337476,2258.1497759451236
55.94391072784046,-3.185870252972963,NW,55.94412285987482,-3.1860823850073188,1902.3819338337476,2256.8997759451236
55.94412285987482,-3.1860823850073188,WNW,55.94423766490453,-3.186359548867072,1974.844778771638,2313.521611461413
55.94423766490453,-3.186359548867072,NNE,55.944514828764284,-3.1862447438373627,1974.844778771638,2312.271611461413
55.944514828764284,-3.1862447438373627,NNE,55.94479199262404,-3.186129938807653,2052.4022813017,2383.783558243402
55.94479199262404,-3.186129938807653,NE,55.9450041246584,-3.1859178067732974,2052.4022813017,2382.533558243402
55.9450041246584,-3.1859178067732974,NE,55.94521625669275,-3.1857056747389416,2052.4022813017,2381.283558243402
55.94521625669275,-3.1857056747389416,NE,55.94542838872711,-3.185493542704586,2052.4022813017,2380.033558243402
55.94542838872711,-3.185493542704586,NE,55.945640520761465,-3.18528141067023,2163.912935711234,2464.6808542565273
55.945640520761465,-3.18528141067023,ENE,55.945755325791175,-3.1850042468104767,2163.912935711234,2463.4308542565273
55.945755325791175,-3.1850042468104767,E,55.945755325791175,-3.1847042468104765,2218.009414250493,2529.548691057182
55.945755325791175,-3.1847042468104765,WSW,55.945640520761465,-3.18498141067023,2218.009414250493,2528.298691057182
55.945640520761465,-3.18498141067023,W,55.945640520761465,-3.18528141067023,2218.009414250493,2527.048691057182
55.945640520761465,-3.18528141067023,W,55.945640520761465,-3.1855814106702303,2218.009414250493,2525.798691057182
55.945640520761465,-3.1855814106702303,W,55.945640520761465,-3.1858814106702305,2218.009414250493,2524.548691057182
55.945640520761465,-3.1858814106702305,W,55.945640520761465,-3.1861814106702306,2218.009414250493,2523.298691057182
55.945640520761465,-3.1861814106702306,W,55.945640520761465,-3.186481410670231,2218.009414250493,2522.048691057182
55.945640520761465,-3.186481410670231,W,55.945640520761465,-3.186781410670231,2218.009414250493,2520.798691057182
55.945640520761465,-3.186781410670231,W,55.945640520761465,-3.187081410670231,2218.009414250493,2519.548691057182
55.945640520761465,-3.187081410670231,SE,55.94542838872711,-3.1868692786358754,2218.009414250493,2518.298691057182
55.94542838872711,-3.1868692786358754,WNW,55.94554319375682,-3.187146442495629,2218.009414250493,2517.048691057182
55.94554319375682,-3.187146442495629,W,55.94554319375682,-3.187446442495629,2218.009414250493,2515.798691057182
55.94554319375682,-3.187446442495629,WNW,55.94565799878653,-3.1877236063553824,2218.009414250493,2514.548691057182
55.94565799878653,-3.1877236063553824,W,55.94565799878653,-3.1880236063553826,2218.009414250493,2513.298691057182
55.94565799878653,-3.1880236063553826,WNW,55.94577280381624,-3.188300770215136,2218.009414250493,2512.048691057182
55.94577280381624,-3.188300770215136,W,55.94577280381624,-3.188600770215136,2218.009414250493,2510.798691057182
55.94577280381624,-3.188600770215136,WNW,55.94588760884595,-3.1888779340748896,2218.009414250493,2509.548691057182
55.94588760884595,-3.1888779340748896,N,55.94618760884595,-3.1888779340748896,2218.009414250493,2508.298691057182
55.94618760884595,-3.1888779340748896,WSW,55.94607280381624,-3.189155097934643,2303.126058467849,2561.512186614208
55.94607280381624,-3.189155097934643,ENE,55.94618760884595,-3.1888779340748896,2303.126058467849,2560.262186614208
55.94618760884595,-3.1888779340748896,WSW,55.94607280381624,-3.189155097934643,2303.126058467849,2559.012186614208
55.94607280381624,-3.189155097934643,ENE,55.94618760884595,-3.1888779340748896,2303.126058467849,2557.762186614208
55.94618760884595,-3.1888779340748896,WSW,55.94607280381624,-3.189155097934643,2303.126058467849,2556.512186614208
55.94607280381624,-3.189155097934643,ENE,55.94618760884595,-3.1888779340748896,2303.126058467849,2555.262186614208
55.94618760884595,-3.1888779340748896,WSW,55.94607280381624,-3.189155097934643,2303.126058467849,2554.012186614208
55.94607280381624,-3.189155097934643,ENE,55.94618760884595,-3.1888779340748896,2303.126058467849,2552.762186614208
55.94618760884595,-3.1888779340748896,WSW,55.94607280381624,-3.189155097934643,2303.126058467849,2551.512186614208
55.94607280381624,-3.189155097934643,ENE,55.94618760884595,-3.1888779340748896,2303.126058467849,2550.262186614208
55.94618760884595,-3.1888779340748896,WSW,55.94607280381624,-3.189155097934643,2303.126058467849,2549.012186614208
55.94607280381624,-3.189155097934643,ENE,55.94618760884595,-3.1888779340748896,2303.126058467849,2547.762186614208
55.94618760884595,-3.1888779340748896,WSW,55.94607280381624,-3.189155097934643,2303.126058467849,2546.512186614208
55.94607280381624,-3.189155097934643,ENE,55.94618760884595,-3.1888779340748896,2303.126058467849,2545.262186614208
55.94618760884595,-3.1888779340748896,WSW,55.94607280381624,-3.189155097934643,2303.126058467849,2544.012186614208
55.94607280381624,-3.189155097934643,ENE,55.94618760884595,-3.1888779340748896,2303.126058467849,2542.762186614208
55.94618760884595,-3.1888779340748896,WSW,55.94607280381624,-3.189155097934643,2303.126058467849,2541.512186614208
55.94607280381624,-3.189155097934643,ENE,55.94618760884595,-3.1888779340748896,2303.126058467849,2540.262186614208
55.94618760884595,-3.1888779340748896,WSW,55.94607280381624,-3.189155097934643,2303.126058467849,2539.012186614208
55.94607280381624,-3.189155097934643,ENE,55.94618760884595,-3.1888779340748896,2303.126058467849,2537.762186614208
55.94618760884595,-3.1888779340748896,WSW,55.94607280381624,-3.189155097934643,2303.126058467849,2536.512186614208
55.94607280381624,-3.189155097934643,ENE,55.94618760884595,-3.1888779340748896,2303.126058467849,2535.262186614208
55.94618760884595,-3.1888779340748896,WSW,55.94607280381624,-3.189155097934643,2303.126058467849,2534.012186614208
55.94607280381624,-3.189155097934643,ENE,55.94618760884595,-3.1888779340748896,2303.126058467849,2532.762186614208
55.94618760884595,-3.1888779340748896,WSW,55.94607280381624,-3.189155097934643,2303.126058467849,2531.512186614208
55.94607280381624,-3.189155097934643,ENE,55.94618760884595,-3.1888779340748896,2303.126058467849,2530.262186614208
55.94618760884595,-3.1888779340748896,WSW,55.94607280381624,-3.189155097934643,2303.126058467849,2529.012186614208
55.94607280381624,-3.189155097934643,ENE,55.94618760884595,-3.1888779340748896,2303.126058467849,2527.762186614208
55.94618760884595,-3.1888779340748896,WSW,55.94607280381624,-3.189155097934643,2303.126058467849,2526.512186614208
55.94607280381624,-3.189155097934643,ENE,55.94618760884595,-3.1888779340748896,2303.126058467849,2525.262186614208
55.94618760884595,-3.1888779340748896,WSW,55.94607280381624,-3.189155097934643,2303.126058467849,2524.012186614208
55.94607280381624,-3.189155097934643,ENE,55.94618760884595,-3.1888779340748896,2303.126058467849,2522.762186614208
55.94618760884595,-3.1888779340748896,WSW,55.94607280381624,-3.189155097934643,2303.126058467849,2521.512186614208
55.94607280381624,-3.189155097934643,ENE,55.94618760884595,-3.1888779340748896,2303.126058467849,2520.262186614208
55.94618760884595,-3.1888779340748896,WSW,55.94607280381624,-3.189155097934643,2303.126058467849,2519.012186614208
55.94607280381624,-3.189155097934643,ENE,55.94618760884595,-3.1888779340748896,2303.126058467849,2517.762186614208
55.94618760884595,-3.1888779340748896,WSW,55.94607280381624,-3.189155097934643,2303.126058467849,2516.512186614208
55.94607280381624,-3.189155097934643,ENE,55.94618760884595,-3.1888779340748896,2303.126058467849,2515.262186614208
55.94618760884595,-3.1888779340748896,WSW,55.94607280381624,-3.189155097934643,2303.126058467849,2514.012186614208
55.94607280381624,-3.189155097934643,ENE,55.94618760884595,-3.1888779340748896,2303.126058467849,2512.762186614208
55.94618760884595,-3.1888779340748896,WSW,55.94607280381624,-3.189155097934643,2303.126058467849,2511.512186614208
55.94607280381624,-3.189155097934643,ENE,55.94618760884595,-3.1888779340748896,2303.126058467849,2510.262186614208
55.94618760884595,-3.1888779340748896,WSW,55.94607280381624,-3.189155097934643,2303.126058467849,2509.012186614208
55.94607280381624,-3.189155097934643,ENE,55.94618760884595,-3.1888779340748896,2303.126058467849,2507.762186614208
55.94618760884595,-3.1888779340748896,WSW,55.94607280381624,-3.189155097934643,2303.126058467849,2506.512186614208
55.94607280381624,-3.189155097934643,ENE,55.94618760884595,-3.1888779340748896,2303.126058467849,2505.262186614208
55.94618760884595,-3.1888779340748896,WSW,55.94607280381624,-3.189155097934643,2303.126058467849,2504.012186614208
55.94607280381624,-3.189155097934643,ENE,55.94618760884595,-3.1888779340748896,2303.126058467849,2502.762186614208
55.94618760884595,-3.1888779340748896,WSW,55.94607280381624,-3.189155097934643,2303.126058467849,2501.512186614208
55.94607280381624,-3.189155097934643,ENE,55.94618760884595,-3.1888779340748896,2303.126058467849,2500.262186614208
55.94618760884595,-3.1888779340748896,WSW,55.94607280381624,-3.189155097934643,2303.126058467849,2499.012186614208
55.94607280381624,-3.189155097934643,ENE,55.94618760884595,-3.1888779340748896,2303.126058467849,2497.762186614208
55.94618760884595,-3.1888779340748896,WSW,55.94607280381624,-3.189155097934643,2303.126058467849,2496.512186614208
55.94607280381624,-3.189155097934643,ENE,55.94618760884595,-3.1888779340748896,2303.126058467849,2495.262186614208
55.94618760884595,-3.1888779340748896,WSW,55.94607280381624,-3.189155097934643,2303.126058467849,2494.012186614208
55.94607280381624,-3.189155097934643,ENE,55.94618760884595,-3.1888779340748896,2303.126058467849,2492.762186614208
55.94618760884595,-3.1888779340748896,WSW,55.94607280381624,-3.189155097934643,2303.126058467849,2491.512186614208
55.94607280381624,-3.189155097934643,ENE,55.94618760884595,-3.1888779340748896,2303.126058467849,2490.262186614208
55.94618760884595,-3.1888779340748896,WSW,55.94607280381624,-3.189155097934643,2303.126058467849,2489.012186614208
55.94607280381624,-3.189155097934643,ENE,55.94618760884595,-3.1888779340748896,2303.126058467849,2487.762186614208
55.94618760884595,-3.1888779340748896,WSW,55.94607280381624,-3.189155097934643,2303.126058467849,2486.512186614208
55.94607280381624,-3.189155097934643,ENE,55.94618760884595,-3.1888779340748896,2303.126058467849,2485.262186614208
55.94618760884595,-3.1888779340748896,WSW,55.94607280381624,-3.189155097934643,2303.126058467849,2484.012186614208
55.94607280381624,-3.189155097934643,ENE,55.94618760884595,-3.1888779340748896,2303.126058467849,2482.762186614208
55.94618760884595,-3.1888779340748896,WSW,55.94607280381624,-3.189155097934643,2303.126058467849,2481.512186614208
55.94607280381624,-3.189155097934643,ENE,55.94618760884595,-3.1888779340748896,2303.126058467849,2480.262186614208
55.94618760884595,-3.1888779340748896,WSW,55.94607280381624,-3.189155097934643,2303.126058467849,2479.012186614208
55.94607280381624,-3.189155097934643,ENE,55.94618760884595,-3.1888779340748896,2303.126058467849,2477.762186614208
55.94618760884595,-3.1888779340748896,WSW,55.94607280381624,-3.189155097934643,2303.126058467849,2476.512186614208
55.94607280381624,-3.189155097934643,ENE,55.94618760884595,-3.1888779340748896,2303.126058467849,2475.262186614208
55.94618760884595,-3.1888779340748896,WSW,55.94607280381624,-3.189155097934643,2303.126058467849,2474.012186614208
55.94607280381624,-3.189155097934643,ENE,55.94618760884595,-3.1888779340748896,2303.126058467849,2472.762186614208
55.94618760884595,-3.1888779340748896,WSW,55.94607280381624,-3.189155097934643,2303.126058467849,2471.512186614208
55.94607280381624,-3.189155097934643,ENE,55.94618760884595,-3.1888779340748896,2303.126058467849,2470.262186614208
55.94618760884595,-3.1888779340748896,WSW,55.94607280381624,-3.189155097934643,2303.126058467849,2469.012186614208
55.94607280381624,-3.189155097934643,ENE,55.94618760884595,-3.1888779340748896,2303.126058467849,2467.762186614208
55.94618760884595,-3.1888779340748896,WSW,55.94607280381624,-3.189155097934643,2303.126058467849,2466.512186614208
55.94607280381624,-3.189155097934643,ENE,55.94618760884595,-3.1888779340748896,2303.126058467849,2465.262186614208
55.94618760884595,-3.1888779340748896,WSW,55.94607280381624,-3.189155097934643,2303.126058467849,2464.012186614208
55.94607280381624,-3.189155097934643,ENE,55.94618760884595,-3.1888779340748896,2303.126058467849,2462.762186614208
55.94618760884595,-3.1888779340748896,WSW,55.94607280381624,-3.189155097934643,2303.126058467849,2461.512186614208
55.94607280381624,-3.189155097934643,ENE,55.94618760884595,-3.1888779340748896,2303.126058467849,2460.262186614208
55.94618760884595,-3.1888779340748896,WSW,55.94607280381624,-3.189155097934643,2303.126058467849,2459.012186614208
55.94607280381624,-3.189155097934643,ENE,55.94618760884595,-3.1888779340748896,2303.126058467849,2457.762186614208
55.94618760884595,-3.1888779340748896,WSW,55.94607280381624,-3.189155097934643,2303.126058467849,2456.512186614208
55.94607280381624,-3.189155097934643,ENE,55.94618760884595,-3.1888779340748896,2303.126058467849,2455.262186614208
55.94618760884595,-3.1888779340748896,WSW,55.94607280381624,-3.189155097934643,2303.126058467849,2454.012186614208
55.94607280381624,-3.189155097934643,ENE,55.94618760884595,-3.1888779340748896,2303.126058467849,2452.762186614208
55.94618760884595,-3.1888779340748896,WSW,55.94607280381624,-3.189155097934643,2303.126058467849,2451.512186614208
55.94607280381624,-3.189155097934643,ENE,55.94618760884595,-3.1888779340748896,2303.126058467849,2450.262186614208
55.94618760884595,-3.1888779340748896,WSW,55.94607280381624,-3.189155097934643,2303.126058467849,2449.012186614208
55.94607280381624,-3.189155097934643,ENE,55.94618760884595,-3.1888779340748896,2303.126058467849,2447.762186614208
55.94618760884595,-3.1888779340748896,WSW,55.94607280381624,-3.189155097934643,2303.126058467849,2446.512186614208
55.94607280381624,-3.189155097934643,ENE,55.94618760884595,-3.1888779340748896,2303.126058467849,2445.262186614208
55.94618760884595,-3.1888779340748896,WSW,55.94607280381624,-3.189155097934643,2303.126058467849,2444.012186614208
55.94607280381624,-3.189155097934643,ENE,55.94618760884595,-3.1888779340748896,2303.126058467849,2442.762186614208
55.94618760884595,-3.1888779340748896,WSW,55.94607280381624,-3.189155097934643,2303.126058467849,2441.512186614208
55.94607280381624,-3.189155097934643,ENE,55.94618760884595,-3.1888779340748896,2303.126058467849,2440.262186614208
55.94618760884595,-3.1888779340748896,WSW,55.94607280381624,-3.189155097934643,2303.126058467849,2439.012186614208
55.94607280381624,-3.189155097934643,ENE,55.94618760884595,-3.1888779340748896,2303.126058467849,2437.762186614208
55.94618760884595,-3.1888779340748896,WSW,55.94607280381624,-3.189155097934643,2303.126058467849,2436.512186614208
55.94607280381624,-3.189155097934643,ENE,55.94618760884595,-3.1888779340748896,2303.126058467849,2435.262186614208
55.94618760884595,-3.1888779340748896,WSW,55.94607280381624,-3.189155097934643,2303.126058467849,2434.012186614208
55.94607280381624,-3.189155097934643,ENE,55.94618760884595,-3.1888779340748896,2303.126058467849,2432.762186614208
55.94618760884595,-3.1888779340748896,WSW,55.94607280381624,-3.189155097934643,2303.126058467849,2431.512186614208
55.94607280381624,-3.189155097934643,ENE,55.94618760884595,-3.1888779340748896,2303.126058467849,2430.262186614208
55.94618760884595,-3.1888779340748896,WSW,55.94607280381624,-3.189155097934643,2303.126058467849,2429.012186614208
55.94607280381624,-3.189155097934643,ENE,55.94618760884595,-3.1888779340748896,2303.126058467849,2427.762186614208
55.94618760884595,-3.1888779340748896,WSW,55.94607280381624,-3.189155097934643,2303.126058467849,2426.512186614208
55.94607280381624,-3.189155097934643,ENE,55.94618760884595,-3.1888779340748896,2303.126058467849,2425.262186614208
55.94618760884595,-3.1888779340748896,WSW,55.94607280381624,-3.189155097934643,2303.126058467849,2424.012186614208
55.94607280381624,-3.189155097934643,ENE,55.94618760884595,-3.1888779340748896,2303.126058467849,2422.762186614208
55.94618760884595,-3.1888779340748896,WSW,55.94607280381624,-3.189155097934643,2303.126058467849,2421.512186614208
55.94607280381624,-3.189155097934643,ENE,55.94618760884595,-3.1888779340748896,2303.126058467849,2420.262186614208
55.94618760884595,-3.1888779340748896,WSW,55.94607280381624,-3.189155097934643,2303.126058467849,2419.012186614208
55.94607280381624,-3.189155097934643,ENE,55.94618760884595,-3.1888779340748896,2303.126058467849,2417.762186614208
55.94618760884595,-3.1888779340748896,WSW,55.94607280381624,-3.189155097934643,2303.126058467849,2416.512186614208
55.94607280381624,-3.189155097934643,ENE,55.94618760884595,-3.1888779340748896,2303.126058467849,2415.262186614208
55.94618760884595,-3.1888779340748896,WSW,55.94607280381624,-3.189155097934643,2303.126058467849,2414.012186614208
55.94607280381624,-3.189155097934643,ENE,55.94618760884595,-3.1888779340748896,2303.126058467849,2412.762186614208
55.94618760884595,-3.1888779340748896,WSW,55.94607280381624,-3.189155097934643,2303.126058467849,2411.512186614208
55.94607280381624,-3.189155097934643,ENE,55.94618760884595,-3.1888779340748896,2303.126058467849,2410.262186614208
55.94618760884595,-3.1888779340748896,WSW,55.94607280381624,-3.189155097934643,2303.126058467849,2409.012186614208
55.94607280381624,-3.189155097934643,ENE,55.94618760884595,-3.1888779340748896,2303.126058467849,2407.762186614208
55.94618760884595,-3.1888779340748896,WSW,55.94607280381624,-3.189155097934643,2303.126058467849,2406.512186614208
55.94607280381624,-3.189155097934643,ENE,55.94618760884595,-3.1888779340748896,2303.126058467849,2405.262186614208
55.94618760884595,-3.1888779340748896,WSW,55.94607280381624,-3.189155097934643,2303.126058467849,2404.012186614208
55.94607280381624,-3.189155097934643,ENE,55.94618760884595,-3.1888779340748896,2303.126058467849,2402.762186614208
55.94618760884595,-3.1888779340748896,WSW,55.94607280381624,-3.189155097934643,2303.126058467849,2401.512186614208
55.94607280381624,-3.189155097934643,ENE,55.94618760884595,-3.1888779340748896,2303.126058467849,2400.262186614208
55.94618760884595,-3.1888779340748896,WSW,55.94607280381624,-3.189155097934643,2303.126058467849,2399.012186614208
55.94607280381624,-3.189155097934643,ENE,55.94618760884595,-3.1888779340748896,2303.126058467849,2397.762186614208
55.94618760884595,-3.1888779340748896,WSW,55.94607280381624,-3.189155097934643,2303.126058467849,2396.512186614208
55.94607280381624,-3.189155097934643,ENE,55.94618760884595,-3.1888779340748896,2303.126058467849,2395.262186614208
55.94618760884595,-3.1888779340748896,WSW,55.94607280381624,-3.189155097934643,2303.126058467849,2394.012186614208
55.94607280381624,-3.189155097934643,ENE,55.94618760884595,-3.1888779340748896,2303.126058467849,2392.762186614208
55.94618760884595,-3.1888779340748896,WSW,55.94607280381624,-3.189155097934643,2303.126058467849,2391.512186614208
55.94607280381624,-3.189155097934643,ENE,55.94618760884595,-3.1888779340748896,2303.126058467849,2390.262186614208
55.94618760884595,-3.1888779340748896,WSW,55.94607280381624,-3.189155097934643,2303.126058467849,2389.012186614208
55.94607280381624,-3.189155097934643,ENE,55.94618760884595,-3.1888779340748896,2303.126058467849,2387.762186614208
