55.944425,-3.188396,N,55.944725000000005,-3.188396,80.23279845108347,292.7007973896547
55.944725000000005,-3.188396,SSE,55.94444783614025,-3.1882811949702905,101.79158252260675,380.3446800635695
55.94444783614025,-3.1882811949702905,S,55.944147836140246,-3.1882811949702905,101.79158252260675,379.0946800635695
55.944147836140246,-3.1882811949702905,SSW,55.94387067228049,-3.188396,108.6004601128804,475.66238110179654
55.94387067228049,-3.188396,ESE,55.94375586725078,-3.1881188361402466,228.41144882873746,541.7850319699972
55.94375586725078,-3.1881188361402466,SW,55.94354373521642,-3.1883309681746024,228.41144882873746,540.5350319699972
55.94354373521642,-3.1883309681746024,SW,55.94333160318207,-3.188543100208958,230.21897643861362,545.0470754965565
55.94333160318207,-3.188543100208958,NNW,55.94360876704182,-3.1886579052386677,230.21897643861362,543.7970754965565
55.94360876704182,-3.1886579052386677,NNW,55.94388593090158,-3.188772710268377,230.21897643861362,542.5470754965565
55.94388593090158,-3.188772710268377,NNW,55.944163094761336,-3.1888875152980867,230.21897643861362,541.2970754965565
55.944163094761336,-3.1888875152980867,NNW,55.94444025862109,-3.189002320327796,333.07737421370246,576.0169689592406
55.94444025862109,-3.189002320327796,W,55.94444025862109,-3.1893023203277964,409.8994016674302,594.1115647121431
55.94444025862109,-3.1893023203277964,NNE,55.94471742248085,-3.189187515298087,500.72662300954744,638.069816546561
55.94471742248085,-3.189187515298087,N,55.94501742248085,-3.189187515298087,543.3494140429232,673.1056595256946
55.94501742248085,-3.189187515298087,W,55.94501742248085,-3.189487515298087,617.2684383572868,714.6100579215788
55.94501742248085,-3.189487515298087,WSW,55.94490261745114,-3.1897646791578405,735.9622614660439,766.3660345280398
55.94490261745114,-3.1897646791578405,SW,55.944690485416785,-3.1899768111921962,735.9622614660439,765.1160345280398
55.944690485416785,-3.1899768111921962,SW,55.94447835338243,-3.190188943226552,735.9622614660439,763.8660345280398
55.94447835338243,-3.190188943226552,SW,55.94426622134807,-3.1904010752609078,859.3913821778574,837.2348804624687
55.94426622134807,-3.1904010752609078,WNW,55.94438102637778,-3.190678239120661,859.3913821778574,835.9848804624687
55.94438102637778,-3.190678239120661,WNW,55.944495831407494,-3.1909554029804146,859.3913821778574,834.7348804624687
55.944495831407494,-3.1909554029804146,WNW,55.944610636437204,-3.191232566840168,885.9672374919606,877.6630457736012
55.944610636437204,-3.191232566840168,NW,55.94482276847156,-3.1914446988745238,885.9672374919606,876.4130457736012
55.94482276847156,-3.1914446988745238,NW,55.94503490050592,-3.1916568309088795,914.8295896435734,883.7499806023471
55.94503490050592,-3.1916568309088795,NE,55.94524703254027,-3.1914446988745238,977.7405861617447,988.8542520883561
55.94524703254027,-3.1914446988745238,NE,55.94545916457463,-3.191232566840168,1002.053251414382,1088.549093893878
55.94545916457463,-3.191232566840168,NE,55.945671296608985,-3.191020434805812,1002.053251414382,1087.299093893878
55.945671296608985,-3.191020434805812,NE,55.94588342864334,-3.1908083027714564,1002.053251414382,1086.049093893878
55.94588342864334,-3.1908083027714564,NE,55.9460955606777,-3.1905961707371007,1038.6445339180061,1094.7253327270996
55.9460955606777,-3.1905961707371007,W,55.9460955606777,-3.190896170737101,1038.6445339180061,1093.4753327270996
55.9460955606777,-3.190896170737101,W,55.9460955606777,-3.191196170737101,1038.6445339180061,1092.2253327270996
55.9460955606777,-3.191196170737101,W,55.9460955606777,-3.1914961707371012,1038.6445339180061,1090.9753327270996
55.9460955606777,-3.1914961707371012,WNW,55.94621036570741,-3.1917733345968546,1052.0038769896735,1123.081510370941
55.94621036570741,-3.1917733345968546,WSW,55.9460955606777,-3.192050498456608,1052.0038769896735,1121.831510370941
55.9460955606777,-3.192050498456608,WSW,55.94598075564799,-3.1923276623163614,1173.7169668796691,1226.7119625499809
55.94598075564799,-3.1923276623163614,SSE,55.94570359178823,-3.192212857286652,1173.7169668796691,1225.4619625499809
55.94570359178823,-3.192212857286652,SSE,55.945426427928474,-3.1920980522569424,1173.7169668796691,1224.2119625499809
55.945426427928474,-3.1920980522569424,SSE,55.94514926406872,-3.191983247227233,1173.7169668796691,1222.9619625499809
55.94514926406872,-3.191983247227233,SSE,55.94487210020896,-3.1918684421975234,1173.7169668796691,1221.7119625499809
55.94487210020896,-3.1918684421975234,SSE,55.944594936349205,-3.191753637167814,1173.7169668796691,1220.4619625499809
55.944594936349205,-3.191753637167814,SSE,55.94431777248945,-3.1916388321381044,1173.7169668796691,1219.2119625499809
55.94431777248945,-3.1916388321381044,SSE,55.94404060862969,-3.191524027108395,1173.7169668796691,1217.9619625499809
55.94404060862969,-3.191524027108395,SSE,55.943763444769935,-3.1914092220786854,1223.4705952679094,1299.3806784009935
55.943763444769935,-3.1914092220786854,SE,55.94355131273558,-3.1911970900443296,1299.1555452921136,1327.2899234749596
55.94355131273558,-3.1911970900443296,SSE,55.94327414887582,-3.19108228501462,1394.733602508911,1353.6764187487713
55.94327414887582,-3.19108228501462,SSE,55.942996985016066,-3.1909674799849106,1394.733602508911,1352.4264187487713
55.942996985016066,-3.1909674799849106,S,55.94269698501606,-3.1909674799849106,1469.157812945521,1419.5048203270449
55.94269698501606,-3.1909674799849106,NNE,55.94297414887582,-3.190852674955201,1469.157812945521,1418.2548203270449
55.94297414887582,-3.190852674955201,NE,55.943186280910176,-3.1906405429208453,1580.6603112970217,1423.7854233126411
55.943186280910176,-3.1906405429208453,W,55.943186280910176,-3.1909405429208455,1580.6603112970217,1422.5354233126411
55.943186280910176,-3.1909405429208455,W,55.943186280910176,-3.1912405429208457,1580.6603112970217,1421.2854233126411
55.943186280910176,-3.1912405429208457,W,55.943186280910176,-3.191540542920846,1580.6603112970217,1420.0354233126411
55.943186280910176,-3.191540542920846,WSW,55.943071475880465,-3.1918177067805993,1580.6603112970217,1418.7854233126411
55.943071475880465,-3.1918177067805993,W,55.943071475880465,-3.1921177067805995,1659.3593013533136,1452.8672299811658
55.943071475880465,-3.1921177067805995,WNW,55.943186280910176,-3.192394870640353,1732.885962844843,1461.1142472002102
55.943186280910176,-3.192394870640353,E,55.943186280910176,-3.1920948706403527,1732.885962844843,1459.8642472002102
55.943186280910176,-3.1920948706403527,ENE,55.943301085939886,-3.1918177067805993,1732.885962844843,1458.6142472002102
55.943301085939886,-3.1918177067805993,ENE,55.9434158909696,-3.191540542920846,1732.885962844843,1457.3642472002102
55.9434158909696,-3.191540542920846,ENE,55.94353069599931,-3.1912633790610925,1732.885962844843,1456.1142472002102
55.94353069599931,-3.1912633790610925,SE,55.94331856396495,-3.1910512470267367,1732.885962844843,1454.8642472002102
55.94331856396495,-3.1910512470267367,ENE,55.94343336899466,-3.1907740831669833,1732.885962844843,1453.6142472002102
55.94343336899466,-3.1907740831669833,ENE,55.94354817402437,-3.19049691930723,1732.885962844843,1452.3642472002102
55.94354817402437,-3.19049691930723,ENE,55.94366297905408,-3.1902197554474765,1732.885962844843,1451.1142472002102
55.94366297905408,-3.1902197554474765,SW,55.943450847019726,-3.1904318874818323,1732.885962844843,1449.8642472002102
55.943450847019726,-3.1904318874818323,ENE,55.943565652049436,-3.190154723622079,1732.885962844843,1448.6142472002102
55.943565652049436,-3.190154723622079,ENE,55.94368045707915,-3.1898775597623255,1732.885962844843,1447.3642472002102
55.94368045707915,-3.1898775597623255,ENE,55.94379526210886,-3.189600395902572,1732.885962844843,1446.1142472002102
55.94379526210886,-3.189600395902572,ENE,55.94391006713857,-3.1893232320428186,1732.885962844843,1444.8642472002102
55.94391006713857,-3.1893232320428186,ENE,55.94402487216828,-3.1890460681830652,1732.885962844843,1443.6142472002102
55.94402487216828,-3.1890460681830652,E,55.94402487216828,-3.188746068183065,1732.885962844843,1442.3642472002102
55.94402487216828,-3.188746068183065,ENE,55.94413967719799,-3.1884689043233116,1732.885962844843,1441.1142472002102
55.94413967719799,-3.1884689043233116,SE,55.94392754516363,-3.188256772288956,1732.885962844843,1439.8642472002102
55.94392754516363,-3.188256772288956,ENE,55.94404235019334,-3.1879796084292025,1732.885962844843,1438.6142472002102
55.94404235019334,-3.1879796084292025,ENE,55.94415715522305,-3.187702444569449,1732.885962844843,1437.3642472002102
55.94415715522305,-3.187702444569449,ENE,55.94427196025276,-3.1874252807096957,1839.8787882420343,1483.6441523165358
55.94427196025276,-3.1874252807096957,NNE,55.94454912411252,-3.187310475679986,1839.8787882420343,1482.3941523165358
55.94454912411252,-3.187310475679986,NNE,55.944826287972276,-3.1871956706502766,1925.574361469858,1539.8575663835002
55.944826287972276,-3.1871956706502766,NNE,55.94510345183203,-3.187080865620567,2015.773351132111,1599.5530983635563
55.94510345183203,-3.187080865620567,SE,55.94489131979768,-3.1868687335862114,2015.773351132111,1598.3030983635563
55.94489131979768,-3.1868687335862114,SSE,55.94461415593792,-3.186753928556502,2028.4758484511697,1709.290772409994
55.94461415593792,-3.186753928556502,NE,55.944826287972276,-3.186541796522146,2028.4758484511697,1708.040772409994
55.944826287972276,-3.186541796522146,ENE,55.94494109300199,-3.1862646326623927,2060.1561587528627,1787.6294265929398
55.94494109300199,-3.1862646326623927,E,55.94494109300199,-3.1859646326623925,2173.7581534606406,1885.9464832425995
55.94494109300199,-3.1859646326623925,NNW,55.94521825686174,-3.186079437692102,2173.7581534606406,1884.6964832425995
55.94521825686174,-3.186079437692102,NW,55.9454303888961,-3.1862915697264578,2209.4305540633536,1897.4187200153297
55.9454303888961,-3.1862915697264578,NNW,55.945707552755856,-3.1864063747561673,2315.361729031722,1899.5163354891574
55.945707552755856,-3.1864063747561673,WNW,55.945822357785566,-3.1866835386159207,2362.6763943045175,1978.1489932431055
55.945822357785566,-3.1866835386159207,SE,55.94561022575121,-3.186471406581565,2362.6763943045175,1976.8989932431055
55.94561022575121,-3.186471406581565,ESE,55.9454954207215,-3.1861942427218115,2362.6763943045175,1975.6489932431055
55.9454954207215,-3.1861942427218115,ESE,55.94538061569179,-3.185917078862058,2362.6763943045175,1974.3989932431055
55.94538061569179,-3.185917078862058,ESE,55.94526581066208,-3.1856399150023047,2362.6763943045175,1973.1489932431055
55.94526581066208,-3.1856399150023047,ESE,55.94515100563237,-3.1853627511425513,2443.71304493434,2074.2304161033735
55.94515100563237,-3.1853627511425513,E,55.94515100563237,-3.185062751142551,2443.71304493434,2072.9804161033735
55.94515100563237,-3.185062751142551,ESE,55.94503620060266,-3.1847855872827977,2480.909686760813,2193.6128952762665
55.94503620060266,-3.1847855872827977,S,55.944736200602655,-3.1847855872827977,2480.909686760813,2192.3628952762665
55.944736200602655,-3.1847855872827977,S,55.94443620060265,-3.1847855872827977,2480.909686760813,2191.1128952762665
55.94443620060265,-3.1847855872827977,S,55.94413620060265,-3.1847855872827977,2480.909686760813,2189.8628952762665
55.94413620060265,-3.1847855872827977,S,55.94383620060265,-3.1847855872827977,2480.909686760813,2188.6128952762665
55.94383620060265,-3.1847855872827977,SSW,55.94355903674289,-3.184900392312507,2480.909686760813,2187.3628952762665
55.94355903674289,-3.184900392312507,S,55.94325903674289,-3.184900392312507,2566.0476119526024,2260.4467658574513
55.94325903674289,-3.184900392312507,W,55.94325903674289,-3.1852003923125074,2566.0476119526024,2259.1967658574513
55.94325903674289,-3.1852003923125074,W,55.94325903674289,-3.1855003923125076,2566.0476119526024,2257.9467658574513
55.94325903674289,-3.1855003923125076,W,55.94325903674289,-3.185800392312508,2566.0476119526024,2256.6967658574513
55.94325903674289,-3.185800392312508,WNW,55.9433738417726,-3.186077556172261,2602.451760576937,2263.958263683602
55.9433738417726,-3.186077556172261,ESE,55.94325903674289,-3.185800392312508,2602.451760576937,2262.708263683602
55.94325903674289,-3.185800392312508,WNW,55.9433738417726,-3.186077556172261,2602.451760576937,2261.458263683602
55.9433738417726,-3.186077556172261,ESE,55.94325903674289,-3.185800392312508,2602.451760576937,2260.208263683602
55.94325903674289,-3.185800392312508,WNW,55.9433738417726,-3.186077556172261,2602.451760576937,2258.958263683602
55.9433738417726,-3.186077556172261,ESE,55.94325903674289,-3.185800392312508,2602.451760576937,2257.708263683602
55.94325903674289,-3.185800392312508,WNW,55.9433738417726,-3.186077556172261,2602.451760576937,2256.458263683602
55.9433738417726,-3.186077556172261,ESE,55.94325903674289,-3.185800392312508,2602.451760576937,2255.208263683602
55.94325903674289,-3.185800392312508,WNW,55.9433738417726,-3.186077556172261,2602.451760576937,2253.958263683602
55.9433738417726,-3.186077556172261,ESE,55.94325903674289,-3.185800392312508,2602.451760576937,2252.708263683602
55.94325903674289,-3.185800392312508,WNW,55.9433738417726,-3.186077556172261,2602.451760576937,2251.458263683602
55.9433738417726,-3.186077556172261,ESE,55.94325903674289,-3.185800392312508,2602.451760576937,2250.208263683602
55.94325903674289,-3.185800392312508,WNW,55.9433738417726,-3.186077556172261,2602.451760576937,2248.958263683602
55.9433738417726,-3.186077556172261,ESE,55.94325903674289,-3.185800392312508,2602.451760576937,2247.708263683602
55.94325903674289,-3.185800392312508,WNW,55.9433738417726,-3.186077556172261,2602.451760576937,2246.458263683602
55.9433738417726,-3.186077556172261,ESE,55.94325903674289,-3.185800392312508,2602.451760576937,2245.208263683602
55.94325903674289,-3.185800392312508,WNW,55.9433738417726,-3.186077556172261,2602.451760576937,2243.958263683602
55.9433738417726,-3.186077556172261,ESE,55.94325903674289,-3.185800392312508,2602.451760576937,2242.708263683602
55.94325903674289,-3.185800392312508,WNW,55.9433738417726,-3.186077556172261,2602.451760576937,2241.458263683602
55.9433738417726,-3.186077556172261,ESE,55.94325903674289,-3.185800392312508,2602.451760576937,2240.208263683602
55.94325903674289,-3.185800392312508,WNW,55.9433738417726,-3.186077556172261,2602.451760576937,2238.958263683602
55.9433738417726,-3.186077556172261,ESE,55.94325903674289,-3.185800392312508,2602.451760576937,2237.708263683602
55.94325903674289,-3.185800392312508,WNW,55.9433738417726,-3.186077556172261,2602.451760576937,2236.458263683602
55.9433738417726,-3.186077556172261,ESE,55.94325903674289,-3.185800392312508,2602.451760576937,2235.208263683602
55.94325903674289,-3.185800392312508,WNW,55.9433738417726,-3.186077556172261,2602.451760576937,2233.958263683602
55.9433738417726,-3.186077556172261,ESE,55.94325903674289,-3.185800392312508,2602.451760576937,2232.708263683602
55.94325903674289,-3.185800392312508,WNW,55.9433738417726,-3.186077556172261,2602.451760576937,2231.458263683602
55.9433738417726,-3.186077556172261,ESE,55.94325903674289,-3.185800392312508,2602.451760576937,2230.208263683602
55.94325903674289,-3.185800392312508,WNW,55.9433738417726,-3.186077556172261,2602.451760576937,2228.958263683602
55.9433738417726,-3.186077556172261,ESE,55.94325903674289,-3.185800392312508,2602.451760576937,2227.708263683602
55.94325903674289,-3.185800392312508,WNW,55.9433738417726,-3.186077556172261,2602.451760576937,2226.458263683602
55.9433738417726,-3.186077556172261,ESE,55.94325903674289,-3.185800392312508,2602.451760576937,2225.208263683602
55.94325903674289,-3.185800392312508,WNW,55.9433738417726,-3.186077556172261,2602.451760576937,2223.958263683602
55.9433738417726,-3.186077556172261,ESE,55.94325903674289,-3.185800392312508,2602.451760576937,2222.708263683602
55.94325903674289,-3.185800392312508,WNW,55.9433738417726,-3.186077556172261,2602.451760576937,2221.458263683602
55.9433738417726,-3.186077556172261,ESE,55.94325903674289,-3.185800392312508,2602.451760576937,2220.208263683602
55.94325903674289,-3.185800392312508,WNW,55.9433738417726,-3.186077556172261,2602.451760576937,2218.958263683602
55.9433738417726,-3.186077556172261,ESE,55.94325903674289,-3.185800392312508,2602.451760576937,2217.708263683602
55.94325903674289,-3.185800392312508,WNW,55.9433738417726,-3.186077556172261,2602.451760576937,2216.458263683602
55.9433738417726,-3.186077556172261,ESE,55.94325903674289,-3.185800392312508,2602.451760576937,2215.208263683602
55.94325903674289,-3.185800392312508,WNW,55.9433738417726,-3.186077556172261,2602.451760576937,2213.958263683602
55.9433738417726,-3.186077556172261,ESE,55.94325903674289,-3.185800392312508,2602.451760576937,2212.708263683602
55.94325903674289,-3.185800392312508,WNW,55.9433738417726,-3.186077556172261,2602.451760576937,2211.458263683602
55.9433738417726,-3.186077556172261,ESE,55.94325903674289,-3.185800392312508,2602.451760576937,2210.208263683602
55.94325903674289,-3.185800392312508,WNW,55.9433738417726,-3.186077556172261,2602.451760576937,2208.958263683602
55.9433738417726,-3.186077556172261,ESE,55.94325903674289,-3.185800392312508,2602.451760576937,2207.708263683602
55.94325903674289,-3.185800392312508,WNW,55.9433738417726,-3.186077556172261,2602.451760576937,2206.458263683602
55.9433738417726,-3.186077556172261,ESE,55.94325903674289,-3.185800392312508,2602.451760576937,2205.208263683602
55.94325903674289,-3.185800392312508,WNW,55.9433738417726,-3.186077556172261,2602.451760576937,2203.958263683602
55.9433738417726,-3.186077556172261,ESE,55.94325903674289,-3.185800392312508,2602.451760576937,2202.708263683602
55.94325903674289,-3.185800392312508,WNW,55.9433738417726,-3.186077556172261,2602.451760576937,2201.458263683602
55.9433738417726,-3.186077556172261,ESE,55.94325903674289,-3.185800392312508,2602.451760576937,2200.208263683602
55.94325903674289,-3.185800392312508,WNW,55.9433738417726,-3.186077556172261,2602.451760576937,2198.958263683602
55.9433738417726,-3.186077556172261,ESE,55.94325903674289,-3.185800392312508,2602.451760576937,2197.708263683602
55.94325903674289,-3.185800392312508,WNW,55.9433738417726,-3.186077556172261,2602.451760576937,2196.458263683602
55.9433738417726,-3.186077556172261,ESE,55.94325903674289,-3.185800392312508,2602.451760576937,2195.208263683602
55.94325903674289,-3.185800392312508,WNW,55.9433738417726,-3.186077556172261,2602.451760576937,2193.958263683602
55.9433738417726,-3.186077556172261,ESE,55.94325903674289,-3.185800392312508,2602.451760576937,2192.708263683602
55.94325903674289,-3.185800392312508,WNW,55.9433738417726,-3.186077556172261,2602.451760576937,2191.458263683602
55.9433738417726,-3.186077556172261,ESE,55.94325903674289,-3.185800392312508,2602.451760576937,2190.208263683602
55.94325903674289,-3.185800392312508,WNW,55.9433738417726,-3.186077556172261,2602.451760576937,2188.958263683602
55.9433738417726,-3.186077556172261,ESE,55.94325903674289,-3.185800392312508,2602.451760576937,2187.708263683602
55.94325903674289,-3.185800392312508,WNW,55.9433738417726,-3.186077556172261,2602.451760576937,2186.458263683602
55.9433738417726,-3.186077556172261,ESE,55.94325903674289,-3.185800392312508,2602.451760576937,2185.208263683602
55.94325903674289,-3.185800392312508,WNW,55.9433738417726,-3.186077556172261,2602.451760576937,2183.958263683602
55.9433738417726,-3.186077556172261,ESE,55.94325903674289,-3.185800392312508,2602.451760576937,2182.708263683602
55.94325903674289,-3.185800392312508,WNW,55.9433738417726,-3.186077556172261,2602.451760576937,2181.458263683602
55.9433738417726,-3.186077556172261,ESE,55.94325903674289,-3.185800392312508,2602.451760576937,2180.208263683602
55.94325903674289,-3.185800392312508,WNW,55.9433738417726,-3.186077556172261,2602.451760576937,2178.958263683602
55.9433738417726,-3.186077556172261,ESE,55.94325903674289,-3.185800392312508,2602.451760576937,2177.708263683602
55.94325903674289,-3.185800392312508,WNW,55.9433738417726,-3.186077556172261,2602.451760576937,2176.458263683602
55.9433738417726,-3.186077556172261,ESE,55.94325903674289,-3.185800392312508,2602.451760576937,2175.208263683602
55.94325903674289,-3.185800392312508,WNW,55.9433738417726,-3.186077556172261,2602.451760576937,2173.958263683602
55.9433738417726,-3.186077556172261,ESE,55.94325903674289,-3.185800392312508,2602.451760576937,2172.708263683602
55.94325903674289,-3.185800392312508,WNW,55.9433738417726,-3.186077556172261,2602.451760576937,2171.458263683602
55.9433738417726,-3.186077556172261,ESE,55.94325903674289,-3.185800392312508,2602.451760576937,2170.208263683602
55.94325903674289,-3.185800392312508,WNW,55.9433738417726,-3.186077556172261,2602.451760576937,2168.958263683602
55.9433738417726,-3.186077556172261,ESE,55.94325903674289,-3.185800392312508,2602.451760576937,2167.708263683602
55.94325903674289,-3.185800392312508,WNW,55.9433738417726,-3.186077556172261,2602.451760576937,2166.458263683602
55.9433738417726,-3.186077556172261,ESE,55.94325903674289,-3.185800392312508,2602.451760576937,2165.208263683602
55.94325903674289,-3.185800392312508,WNW,55.9433738417726,-3.186077556172261,2602.451760576937,2163.958263683602
55.9433738417726,-3.186077556172261,ESE,55.94325903674289,-3.185800392312508,2602.451760576937,2162.708263683602
55.94325903674289,-3.185800392312508,WNW,55.9433738417726,-3.186077556172261,2602.451760576937,2161.458263683602
55.9433738417726,-3.186077556172261,ESE,55.94325903674289,-3.185800392312508,2602.451760576937,2160.208263683602
55.94325903674289,-3.185800392312508,WNW,55.9433738417726,-3.186077556172261,2602.451760576937,2158.958263683602
55.9433738417726,-3.186077556172261,ESE,55.94325903674289,-3.185800392312508,2602.451760576937,2157.708263683602
55.94325903674289,-3.185800392312508,WNW,55.9433738417726,-3.186077556172261,2602.451760576937,2156.458263683602
55.9433738417726,-3.186077556172261,ESE,55.94325903674289,-3.185800392312508,2602.451760576937,2155.208263683602
55.94325903674289,-3.185800392312508,WNW,55.9433738417726,-3.186077556172261,2602.451760576937,2153.958263683602
55.9433738417726,-3.186077556172261,ESE,55.94325903674289,-3.185800392312508,2602.451760576937,2152.708263683602
55.94325903674289,-3.185800392312508,WNW,55.9433738417726,-3.186077556172261,2602.451760576937,2151.458263683602
55.9433738417726,-3.186077556172261,ESE,55.94325903674289,-3.185800392312508,2602.451760576937,2150.208263683602
55.94325903674289,-3.185800392312508,WNW,55.9433738417726,-3.186077556172261,2602.451760576937,2148.958263683602
55.9433738417726,-3.186077556172261,ESE,55.94325903674289,-3.185800392312508,2602.451760576937,2147.708263683602
55.94325903674289,-3.185800392312508,WNW,55.9433738417726,-3.186077556172261,2602.451760576937,2146.458263683602
55.9433738417726,-3.186077556172261,ESE,55.94325903674289,-3.185800392312508,2602.451760576937,2145.208263683602
55.94325903674289,-3.185800392312508,WNW,55.9433738417726,-3.186077556172261,2602.451760576937,2143.958263683602
55.9433738417726,-3.186077556172261,ESE,55.94325903674289,-3.185800392312508,2602.451760576937,2142.708263683602
55.94325903674289,-3.185800392312508,WNW,55.9433738417726,-3.186077556172261,2602.451760576937,2141.458263683602
55.9433738417726,-3.186077556172261,ESE,55.94325903674289,-3.185800392312508,2602.451760576937,2140.208263683602
55.94325903674289,-3.185800392312508,WNW,55.9433738417726,-3.186077556172261,2602.451760576937,2138.958263683602
55.9433738417726,-3.186077556172261,ESE,55.94325903674289,-3.185800392312508,2602.451760576937,2137.708263683602
55.94325903674289,-3.185800392312508,WNW,55.9433738417726,-3.186077556172261,2602.451760576937,2136.458263683602
55.9433738417726,-3.186077556172261,ESE,55.94325903674289,-3.185800392312508,2602.451760576937,2135.208263683602
55.94325903674289,-3.185800392312508,WNW,55.9433738417726,-3.186077556172261,2602.451760576937,2133.958263683602
55.9433738417726,-3.186077556172261,ESE,55.94325903674289,-3.185800392312508,2602.451760576937,2132.708263683602
55.94325903674289,-3.185800392312508,WNW,55.9433738417726,-3.186077556172261,2602.451760576937,2131.458263683602
55.9433738417726,-3.186077556172261,ESE,55.94325903674289,-3.185800392312508,2602.451760576937,2130.208263683602
55.94325903674289,-3.185800392312508,WNW,55.9433738417726,-3.186077556172261,2602.451760576937,2128.958263683602
55.9433738417726,-3.186077556172261,ESE,55.94325903674289,-3.185800392312508,2602.451760576937,2127.708263683602
55.94325903674289,-3.185800392312508,WNW,55.9433738417726,-3.186077556172261,2602.451760576937,2126.458263683602
55.9433738417726,-3.186077556172261,ESE,55.94325903674289,-3.185800392312508,2602.451760576937,2125.208263683602
55.94325903674289,-3.185800392312508,WNW,55.9433738417726,-3.186077556172261,2602.451760576937,2123.958263683602
55.9433738417726,-3.186077556172261,ESE,55.94325903674289,-3.185800392312508,2602.451760576937,2122.708263683602
55.94325903674289,-3.185800392312508,WNW,55.9433738417726,-3.186077556172261,2602.451760576937,2121.458263683602
55.9433738417726,-3.186077556172261,ESE,55.94325903674289,-3.185800392312508,2602.451760576937,2120.208263683602
55.94325903674289,-3.185800392312508,WNW,55.9433738417726,-3.186077556172261,2602.451760576937,2118.958263683602
55.9433738417726,-3.186077556172261,ESE,55.94325903674289,-3.185800392312508,2602.451760576937,2117.708263683602
55.94325903674289,-3.185800392312508,WNW,55.9433738417726,-3.186077556172261,2602.451760576937,2116.458263683602
55.9433738417726,-3.186077556172261,ESE,55.94325903674289,-3.185800392312508,2602.451760576937,2115.208263683602
55.94325903674289,-3.185800392312508,WNW,55.9433738417726,-3.186077556172261,2602.451760576937,2113.958263683602
55.9433738417726,-3.186077556172261,ESE,55.94325903674289,-3.185800392312508,2602.451760576937,2112.708263683602
55.94325903674289,-3.185800392312508,WNW,55.9433738417726,-3.186077556172261,2602.451760576937,2111.458263683602
55.9433738417726,-3.186077556172261,ESE,55.94325903674289,-3.185800392312508,2602.451760576937,2110.208263683602
55.94325903674289,-3.185800392312508,WNW,55.9433738417726,-3.186077556172261,2602.451760576937,2108.958263683602
55.9433738417726,-3.186077556172261,ESE,55.94325903674289,-3.185800392312508,2602.451760576937,2107.708263683602
55.94325903674289,-3.185800392312508,WNW,55.9433738417726,-3.186077556172261,2602.451760576937,2106.458263683602
55.9433738417726,-3.186077556172261,ESE,55.94325903674289,-3.185800392312508,2602.451760576937,2105.208263683602
55.94325903674289,-3.185800392312508,WNW,55.9433738417726,-3.186077556172261,2602.451760576937,2103.958263683602
55.9433738417726,-3.186077556172261,ESE,55.94325903674289,-3.185800392312508,2602.451760576937,2102.708263683602
55.94325903674289,-3.185800392312508,WNW,55.9433738417726,-3.186077556172261,2602.451760576937,2101.458263683602
55.9433738417726,-3.186077556172261,ESE,55.94325903674289,-3.185800392312508,2602.451760576937,2100.208263683602
55.94325903674289,-3.185800392312508,WNW,55.9433738417726,-3.186077556172261,2602.451760576937,2098.958263683602
55.9433738417726,-3.186077556172261,ESE,55.94325903674289,-3.185800392312508,2602.451760576937,2097.708263683602
55.94325903674289,-3.185800392312508,WNW,55.9433738417726,-3.186077556172261,2602.451760576937,2096.458263683602
55.9433738417726,-3.186077556172261,ESE,55.94325903674289,-3.185800392312508,2602.451760576937,2095.208263683602
55.94325903674289,-3.185800392312508,WNW,55.9433738417726,-3.186077556172261,2602.451760576937,2093.958263683602
55.9433738417726,-3.186077556172261,ESE,55.94325903674289,-3.185800392312508,2602.451760576937,2092.708263683602
55.94325903674289,-3.185800392312508,WNW,55.9433738417726,-3.186077556172261,2602.451760576937,2091.458263683602
55.9433738417726,-3.186077556172261,ESE,55.94325903674289,-3.185800392312508,2602.451760576937,2090.208263683602
55.94325903674289,-3.185800392312508,WNW,55.9433738417726,-3.186077556172261,2602.451760576937,2088.958263683602
55.9433738417726,-3.186077556172261,ESE,55.94325903674289,-3.185800392312508,2602.451760576937,2087.708263683602
55.94325903674289,-3.185800392312508,WNW,55.9433738417726,-3.186077556172261,2602.451760576937,2086.458263683602
55.9433738417726,-3.186077556172261,ESE,55.94325903674289,-3.185800392312508,2602.451760576937,2085.208263683602
55.94325903674289,-3.185800392312508,WNW,55.9433738417726,-3.186077556172261,2602.451760576937,2083.958263683602
55.9433738417726,-3.186077556172261,ESE,55.94325903674289,-3.185800392312508,2602.451760576937,2082.708263683602
55.94325903674289,-3.185800392312508,WNW,55.9433738417726,-3.186077556172261,2602.451760576937,2081.458263683602
