55.944425,-3.188396,SW,55.944212867965646,-3.188608132034356,0.0,248.75
55.944212867965646,-3.188608132034356,SW,55.94400073593129,-3.1888202640687116,28.788620665651106,297.71819009880613
55.94400073593129,-3.1888202640687116,SSE,55.943723572071534,-3.188705459039002,115.79728181172052,350.66298376525606
55.943723572071534,-3.188705459039002,SW,55.94351144003718,-3.188917591073358,196.731502928341,415.86833492414627
55.94351144003718,-3.188917591073358,SSW,55.94323427617742,-3.1890323961030673,196.731502928341,414.61833492414627
55.94323427617742,-3.1890323961030673,SW,55.943022144143065,-3.189244528137423,302.18339223682375,503.00526554703436
55.943022144143065,-3.189244528137423,SSE,55.94274498028331,-3.1891297231077136,315.4711287497253,510.32983288422486
55.94274498028331,-3.1891297231077136,ENE,55.94285978531302,-3.18885255924796,315.4711287497253,509.07983288422486
55.94285978531302,-3.18885255924796,ENE,55.94297459034273,-3.188575395388207,315.4711287497253,507.82983288422486
55.94297459034273,-3.188575395388207,E,55.94297459034273,-3.1882753953882066,384.59533166288463,559.5032477126736
55.94297459034273,-3.1882753953882066,NE,55.943186722377085,-3.188063263353851,384.59533166288463,558.2532477126736
55.943186722377085,-3.188063263353851,E,55.943186722377085,-3.1877632633538506,384.59533166288463,557.0032477126736
55.943186722377085,-3.1877632633538506,ESE,55.943071917347375,-3.1874860994940972,498.3045627023371,595.5842332632664
55.943071917347375,-3.1874860994940972,E,55.943071917347375,-3.187186099494097,498.3045627023371,594.3342332632664
55.943071917347375,-3.187186099494097,ESE,55.942957112317664,-3.1869089356343436,565.6856262224287,637.9642635467634
55.942957112317664,-3.1869089356343436,NNE,55.94323427617742,-3.186794130604634,565.6856262224287,636.7142635467634
55.94323427617742,-3.186794130604634,SSE,55.942957112317664,-3.1866793255749246,565.6856262224287,635.4642635467634
55.942957112317664,-3.1866793255749246,ESE,55.942842307287954,-3.186402161715171,565.6856262224287,634.2142635467634
55.942842307287954,-3.186402161715171,ENE,55.942957112317664,-3.186124997855418,565.6856262224287,632.9642635467634
55.942957112317664,-3.186124997855418,ENE,55.943071917347375,-3.1858478339956644,613.5160718394969,719.5080779665719
55.943071917347375,-3.1858478339956644,E,55.943071917347375,-3.185547833995664,613.5160718394969,718.2580779665719
55.943071917347375,-3.185547833995664,ESE,55.942957112317664,-3.185270670135911,730.53217783855,835.2937127997515
55.942957112317664,-3.185270670135911,E,55.942957112317664,-3.1849706701359106,730.53217783855,834.0437127997515
55.942957112317664,-3.1849706701359106,E,55.942957112317664,-3.1846706701359104,803.4193591318858,939.1387884482795
55.942957112317664,-3.1846706701359104,WNW,55.943071917347375,-3.184947833995664,803.4193591318858,937.8887884482795
55.943071917347375,-3.184947833995664,NNW,55.94334908120713,-3.1850626390253733,803.4193591318858,936.6387884482795
55.94334908120713,-3.1850626390253733,NNW,55.94362624506689,-3.185177444055083,803.4193591318858,935.3887884482795
55.94362624506689,-3.185177444055083,NE,55.943838377101244,-3.184965312020727,803.4193591318858,934.1387884482795
55.943838377101244,-3.184965312020727,NE,55.9440505091356,-3.1847531799863713,901.4207834201256,944.966553273048
55.9440505091356,-3.1847531799863713,NNW,55.94432767299536,-3.184867985016081,909.8133778948016,947.1109306986145
55.94432767299536,-3.184867985016081,WNW,55.94444247802507,-3.185145148875834,984.4438319795435,1014.5443211273098
55.94444247802507,-3.185145148875834,NNW,55.944719641884824,-3.1852599539055437,984.4438319795435,1013.2943211273098
55.944719641884824,-3.1852599539055437,NNW,55.94499680574458,-3.1853747589352532,984.4438319795435,1012.0443211273098
55.94499680574458,-3.1853747589352532,NNW,55.94527396960434,-3.1854895639649627,984.4438319795435,1010.7943211273098
55.94527396960434,-3.1854895639649627,NNW,55.94555113346409,-3.1856043689946723,1088.8538786891993,1022.7154792206129
55.94555113346409,-3.1856043689946723,NNW,55.94582829732385,-3.1857191740243818,1088.8538786891993,1021.4654792206129
55.94582829732385,-3.1857191740243818,NW,55.946040429358206,-3.1859313060587375,1203.4658445102261,1136.0264247169107
55.946040429358206,-3.1859313060587375,E,55.946040429358206,-3.1856313060587373,1203.4658445102261,1134.7764247169107
55.946040429358206,-3.1856313060587373,ENE,55.946155234387916,-3.185354142198984,1320.7969328442578,1174.193029054229
55.946155234387916,-3.185354142198984,SW,55.94594310235356,-3.1855662742333397,1320.7969328442578,1172.943029054229
55.94594310235356,-3.1855662742333397,SW,55.945730970319204,-3.1857784062676955,1320.7969328442578,1171.693029054229
55.945730970319204,-3.1857784062676955,SW,55.94551883828485,-3.1859905383020513,1320.7969328442578,1170.443029054229
55.94551883828485,-3.1859905383020513,SSW,55.94524167442509,-3.1861053433317608,1320.7969328442578,1169.193029054229
55.94524167442509,-3.1861053433317608,SW,55.945029542390735,-3.1863174753661165,1412.8059866910362,1292.4108723564705
55.945029542390735,-3.1863174753661165,WSW,55.944914737361024,-3.18659463922587,1440.4744609249738,1301.573929117819
55.944914737361024,-3.18659463922587,S,55.94461473736102,-3.18659463922587,1440.4744609249738,1300.323929117819
55.94461473736102,-3.18659463922587,WSW,55.94449993233131,-3.1868718030856233,1440.4744609249738,1299.073929117819
55.94449993233131,-3.1868718030856233,WNW,55.94461473736102,-3.1871489669453767,1540.9083816285884,1396.3040757279075
55.94461473736102,-3.1871489669453767,W,55.94461473736102,-3.187448966945377,1540.9083816285884,1395.0540757279075
55.94461473736102,-3.187448966945377,NW,55.94482686939538,-3.1876610989797327,1540.9083816285884,1393.8040757279075
55.94482686939538,-3.1876610989797327,WSW,55.94471206436567,-3.187938262839486,1540.9083816285884,1392.5540757279075
55.94471206436567,-3.187938262839486,W,55.94471206436567,-3.1882382628394863,1540.9083816285884,1391.3040757279075
55.94471206436567,-3.1882382628394863,NNW,55.944989228225424,-3.188353067869196,1540.9083816285884,1390.0540757279075
55.944989228225424,-3.188353067869196,NNE,55.94526639208518,-3.1882382628394863,1578.447447156053,1394.6900462613246
55.94526639208518,-3.1882382628394863,N,55.94556639208518,-3.1882382628394863,1578.447447156053,1393.4400462613246
55.94556639208518,-3.1882382628394863,N,55.945866392085186,-3.1882382628394863,1623.7011083952166,1460.204652101464
55.945866392085186,-3.1882382628394863,SSW,55.94558922822543,-3.188353067869196,1623.7011083952166,1458.954652101464
55.94558922822543,-3.188353067869196,W,55.94558922822543,-3.188653067869196,1623.7011083952166,1457.704652101464
55.94558922822543,-3.188653067869196,W,55.94558922822543,-3.188953067869196,1623.7011083952166,1456.454652101464
55.94558922822543,-3.188953067869196,W,55.94558922822543,-3.1892530678691964,1623.7011083952166,1455.204652101464
55.94558922822543,-3.1892530678691964,W,55.94558922822543,-3.1895530678691966,1623.7011083952166,1453.954652101464
55.94558922822543,-3.1895530678691966,W,55.94558922822543,-3.1898530678691968,1623.7011083952166,1452.704652101464
55.94558922822543,-3.1898530678691968,WNW,55.94570403325514,-3.19013023172895,1703.7659242467846,1516.8419318845588
55.94570403325514,-3.19013023172895,W,55.94570403325514,-3.1904302317289503,1703.7659242467846,1515.5919318845588
55.94570403325514,-3.1904302317289503,W,55.94570403325514,-3.1907302317289505,1703.7659242467846,1514.3419318845588
55.94570403325514,-3.1907302317289505,W,55.94570403325514,-3.1910302317289507,1703.7659242467846,1513.0919318845588
55.94570403325514,-3.1910302317289507,WSW,55.94558922822543,-3.191307395588704,1742.9896639583594,1624.7442792299014
55.94558922822543,-3.191307395588704,SW,55.94537709619107,-3.19151952762306,1742.9896639583594,1623.4942792299014
55.94537709619107,-3.19151952762306,SW,55.94516496415672,-3.1917316596574157,1742.9896639583594,1622.2442792299014
55.94516496415672,-3.1917316596574157,SW,55.94495283212236,-3.1919437916917714,1867.2845648323582,1723.4682415292366
55.94495283212236,-3.1919437916917714,S,55.94465283212236,-3.1919437916917714,1867.2845648323582,1722.2182415292366
55.94465283212236,-3.1919437916917714,SSW,55.9443756682626,-3.192058596721481,1867.2845648323582,1720.9682415292366
55.9443756682626,-3.192058596721481,S,55.9440756682626,-3.192058596721481,1988.5915097539844,1744.9865405548846
55.9440756682626,-3.192058596721481,ESE,55.94396086323289,-3.1917814328617276,1988.5915097539844,1743.7365405548846
55.94396086323289,-3.1917814328617276,SE,55.94374873119853,-3.191569300827372,1988.5915097539844,1742.4865405548846
55.94374873119853,-3.191569300827372,ESE,55.94363392616882,-3.1912921369676184,2029.5933949608175,1862.5441489387513
55.94363392616882,-3.1912921369676184,ESE,55.94351912113911,-3.191014973107865,2029.5933949608175,1861.2941489387513
55.94351912113911,-3.191014973107865,ESE,55.9434043161094,-3.1907378092481116,2029.5933949608175,1860.0441489387513
55.9434043161094,-3.1907378092481116,SE,55.943192184075045,-3.190525677213756,2045.689919700067,1937.35340369148
55.943192184075045,-3.190525677213756,NE,55.9434043161094,-3.1903135451794,2045.689919700067,1936.10340369148
55.9434043161094,-3.1903135451794,NNE,55.94368147996916,-3.1901987401496905,2101.798313960515,2034.614422916164
55.94368147996916,-3.1901987401496905,SSW,55.9434043161094,-3.1903135451794,2101.798313960515,2033.364422916164
55.9434043161094,-3.1903135451794,NNE,55.94368147996916,-3.1901987401496905,2101.798313960515,2032.114422916164
55.94368147996916,-3.1901987401496905,SSW,55.9434043161094,-3.1903135451794,2101.798313960515,2030.864422916164
55.9434043161094,-3.1903135451794,NNE,55.94368147996916,-3.1901987401496905,2101.798313960515,2029.614422916164
55.94368147996916,-3.1901987401496905,SSW,55.9434043161094,-3.1903135451794,2101.798313960515,2028.364422916164
55.9434043161094,-3.1903135451794,NNE,55.94368147996916,-3.1901987401496905,2101.798313960515,2027.114422916164
55.94368147996916,-3.1901987401496905,SSW,55.9434043161094,-3.1903135451794,2101.798313960515,2025.864422916164
55.9434043161094,-3.1903135451794,NNE,55.94368147996916,-3.1901987401496905,2101.798313960515,2024.614422916164
55.94368147996916,-3.1901987401496905,SSW,55.9434043161094,-3.1903135451794,2101.798313960515,2023.364422916164
55.9434043161094,-3.1903135451794,NNE,55.94368147996916,-3.1901987401496905,2101.798313960515,2022.114422916164
55.94368147996916,-3.1901987401496905,SSW,55.9434043161094,-3.1903135451794,2101.798313960515,2020.864422916164
55.9434043161094,-3.1903135451794,NNE,55.94368147996916,-3.1901987401496905,2101.798313960515,2019.614422916164
55.94368147996916,-3.1901987401496905,SSW,55.9434043161094,-3.1903135451794,2101.798313960515,2018.364422916164
55.9434043161094,-3.1903135451794,NNE,55.94368147996916,-3.1901987401496905,2101.798313960515,2017.114422916164
55.94368147996916,-3.1901987401496905,SSW,55.9434043161094,-3.1903135451794,2101.798313960515,2015.864422916164
55.9434043161094,-3.1903135451794,NNE,55.94368147996916,-3.1901987401496905,2101.798313960515,2014.614422916164
55.94368147996916,-3.1901987401496905,SSW,55.9434043161094,-3.1903135451794,2101.798313960515,2013.364422916164
55.9434043161094,-3.1903135451794,NNE,55.94368147996916,-3.1901987401496905,2101.798313960515,2012.114422916164
55.94368147996916,-3.1901987401496905,SSW,55.9434043161094,-3.1903135451794,2101.798313960515,2010.864422916164
55.9434043161094,-3.1903135451794,NNE,55.94368147996916,-3.1901987401496905,2101.798313960515,2009.614422916164
55.94368147996916,-3.1901987401496905,SSW,55.9434043161094,-3.1903135451794,2101.798313960515,2008.364422916164
55.9434043161094,-3.1903135451794,NNE,55.94368147996916,-3.1901987401496905,2101.798313960515,2007.114422916164
55.94368147996916,-3.1901987401496905,SSW,55.9434043161094,-3.1903135451794,2101.798313960515,2005.864422916164
55.9434043161094,-3.1903135451794,NNE,55.94368147996916,-3.1901987401496905,2101.798313960515,2004.614422916164
55.94368147996916,-3.1901987401496905,SSW,55.9434043161094,-3.1903135451794,2101.798313960515,2003.364422916164
55.9434043161094,-3.1903135451794,NNE,55.94368147996916,-3.1901987401496905,2101.798313960515,2002.114422916164
55.94368147996916,-3.1901987401496905,SSW,55.9434043161094,-3.1903135451794,2101.798313960515,2000.864422916164
55.9434043161094,-3.1903135451794,NNE,55.94368147996916,-3.1901987401496905,2101.798313960515,1999.614422916164
55.94368147996916,-3.1901987401496905,SSW,55.9434043161094,-3.1903135451794,2101.798313960515,1998.364422916164
55.9434043161094,-3.1903135451794,NNE,55.94368147996916,-3.1901987401496905,2101.798313960515,1997.114422916164
55.94368147996916,-3.1901987401496905,SSW,55.9434043161094,-3.1903135451794,2101.798313960515,1995.864422916164
55.9434043161094,-3.1903135451794,NNE,55.94368147996916,-3.1901987401496905,2101.798313960515,1994.614422916164
55.94368147996916,-3.1901987401496905,SSW,55.9434043161094,-3.1903135451794,2101.798313960515,1993.364422916164
55.9434043161094,-3.1903135451794,NNE,55.94368147996916,-3.1901987401496905,2101.798313960515,1992.114422916164
55.94368147996916,-3.1901987401496905,SSW,55.9434043161094,-3.1903135451794,2101.798313960515,1990.864422916164
55.9434043161094,-3.1903135451794,NNE,55.94368147996916,-3.1901987401496905,2101.798313960515,1989.614422916164
55.94368147996916,-3.1901987401496905,SSW,55.9434043161094,-3.1903135451794,2101.798313960515,1988.364422916164
55.9434043161094,-3.1903135451794,NNE,55.94368147996916,-3.1901987401496905,2101.798313960515,1987.114422916164
55.94368147996916,-3.1901987401496905,SSW,55.9434043161094,-3.1903135451794,2101.798313960515,1985.864422916164
55.9434043161094,-3.1903135451794,NNE,55.94368147996916,-3.1901987401496905,2101.798313960515,1984.614422916164
55.94368147996916,-3.1901987401496905,SSW,55.9434043161094,-3.1903135451794,2101.798313960515,1983.364422916164
55.9434043161094,-3.1903135451794,NNE,55.94368147996916,-3.1901987401496905,2101.798313960515,1982.114422916164
55.94368147996916,-3.1901987401496905,SSW,55.9434043161094,-3.1903135451794,2101.798313960515,1980.864422916164
55.9434043161094,-3.1903135451794,NNE,55.94368147996916,-3.1901987401496905,2101.798313960515,1979.614422916164
55.94368147996916,-3.1901987401496905,SSW,55.9434043161094,-3.1903135451794,2101.798313960515,1978.364422916164
55.9434043161094,-3.1903135451794,NNE,55.94368147996916,-3.1901987401496905,2101.798313960515,1977.114422916164
55.94368147996916,-3.1901987401496905,SSW,55.9434043161094,-3.1903135451794,2101.798313960515,1975.864422916164
55.9434043161094,-3.1903135451794,NNE,55.94368147996916,-3.1901987401496905,2101.798313960515,1974.614422916164
55.94368147996916,-3.1901987401496905,SSW,55.9434043161094,-3.1903135451794,2101.798313960515,1973.364422916164
55.9434043161094,-3.1903135451794,NNE,55.94368147996916,-3.1901987401496905,2101.798313960515,1972.114422916164
55.94368147996916,-3.1901987401496905,SSW,55.9434043161094,-3.1903135451794,2101.798313960515,1970.864422916164
55.9434043161094,-3.1903135451794,NNE,55.94368147996916,-3.1901987401496905,2101.798313960515,1969.614422916164
55.94368147996916,-3.1901987401496905,SSW,55.9434043161094,-3.1903135451794,2101.798313960515,1968.364422916164
55.9434043161094,-3.1903135451794,NNE,55.94368147996916,-3.1901987401496905,2101.798313960515,1967.114422916164
55.94368147996916,-3.1901987401496905,SSW,55.9434043161094,-3.1903135451794,2101.798313960515,1965.864422916164
55.9434043161094,-3.1903135451794,NNE,55.94368147996916,-3.1901987401496905,2101.798313960515,1964.614422916164
55.94368147996916,-3.1901987401496905,SSW,55.9434043161094,-3.1903135451794,2101.798313960515,1963.364422916164
55.9434043161094,-3.1903135451794,NNE,55.94368147996916,-3.1901987401496905,2101.798313960515,1962.114422916164
55.94368147996916,-3.1901987401496905,SSW,55.9434043161094,-3.1903135451794,2101.798313960515,1960.864422916164
55.9434043161094,-3.1903135451794,NNE,55.94368147996916,-3.1901987401496905,2101.798313960515,1959.614422916164
55.94368147996916,-3.1901987401496905,SSW,55.9434043161094,-3.1903135451794,2101.798313960515,1958.364422916164
55.9434043161094,-3.1903135451794,NNE,55.94368147996916,-3.1901987401496905,2101.798313960515,1957.114422916164
55.94368147996916,-3.1901987401496905,SSW,55.9434043161094,-3.1903135451794,2101.798313960515,1955.864422916164
55.9434043161094,-3.1903135451794,NNE,55.94368147996916,-3.1901987401496905,2101.798313960515,1954.614422916164
55.94368147996916,-3.1901987401496905,SSW,55.9434043161094,-3.1903135451794,2101.798313960515,1953.364422916164
55.9434043161094,-3.1903135451794,NNE,55.94368147996916,-3.1901987401496905,2101.798313960515,1952.114422916164
55.94368147996916,-3.1901987401496905,SSW,55.9434043161094,-3.1903135451794,2101.798313960515,1950.864422916164
55.9434043161094,-3.1903135451794,NNE,55.94368147996916,-3.1901987401496905,2101.798313960515,1949.614422916164
55.94368147996916,-3.1901987401496905,SSW,55.9434043161094,-3.1903135451794,2101.798313960515,1948.364422916164
55.9434043161094,-3.1903135451794,NNE,55.94368147996916,-3.1901987401496905,2101.798313960515,1947.114422916164
55.94368147996916,-3.1901987401496905,SSW,55.9434043161094,-3.1903135451794,2101.798313960515,1945.864422916164
55.9434043161094,-3.1903135451794,NNE,55.94368147996916,-3.1901987401496905,2101.798313960515,1944.614422916164
55.94368147996916,-3.1901987401496905,SSW,55.9434043161094,-3.1903135451794,2101.798313960515,1943.364422916164
55.9434043161094,-3.1903135451794,NNE,55.94368147996916,-3.1901987401496905,2101.798313960515,1942.114422916164
55.94368147996916,-3.1901987401496905,SSW,55.9434043161094,-3.1903135451794,2101.798313960515,1940.864422916164
55.9434043161094,-3.1903135451794,NNE,55.94368147996916,-3.1901987401496905,2101.798313960515,1939.614422916164
55.94368147996916,-3.1901987401496905,SSW,55.9434043161094,-3.1903135451794,2101.798313960515,1938.364422916164
55.9434043161094,-3.1903135451794,NNE,55.94368147996916,-3.1901987401496905,2101.798313960515,1937.114422916164
55.94368147996916,-3.1901987401496905,SSW,55.9434043161094,-3.1903135451794,2101.798313960515,1935.864422916164
55.9434043161094,-3.1903135451794,NNE,55.94368147996916,-3.1901987401496905,2101.798313960515,1934.614422916164
55.94368147996916,-3.1901987401496905,SSW,55.9434043161094,-3.1903135451794,2101.798313960515,1933.364422916164
55.9434043161094,-3.1903135451794,NNE,55.94368147996916,-3.1901987401496905,2101.798313960515,1932.114422916164
55.94368147996916,-3.1901987401496905,SSW,55.9434043161094,-3.1903135451794,2101.798313960515,1930.864422916164
55.9434043161094,-3.1903135451794,NNE,55.94368147996916,-3.1901987401496905,2101.798313960515,1929.614422916164
55.94368147996916,-3.1901987401496905,SSW,55.9434043161094,-3.1903135451794,2101.798313960515,1928.364422916164
55.9434043161094,-3.1903135451794,NNE,55.94368147996916,-3.1901987401496905,2101.798313960515,1927.114422916164
55.94368147996916,-3.1901987401496905,SSW,55.9434043161094,-3.1903135451794,2101.798313960515,1925.864422916164
55.9434043161094,-3.1903135451794,NNE,55.94368147996916,-3.1901987401496905,2101.798313960515,1924.614422916164
55.94368147996916,-3.1901987401496905,SSW,55.9434043161094,-3.1903135451794,2101.798313960515,1923.364422916164
55.9434043161094,-3.1903135451794,NNE,55.94368147996916,-3.1901987401496905,2101.798313960515,1922.114422916164
55.94368147996916,-3.1901987401496905,SSW,55.9434043161094,-3.1903135451794,2101.798313960515,1920.864422916164
55.9434043161094,-3.1903135451794,NNE,55.94368147996916,-3.1901987401496905,2101.798313960515,1919.614422916164
55.94368147996916,-3.1901987401496905,SSW,55.9434043161094,-3.1903135451794,2101.798313960515,1918.364422916164
55.9434043161094,-3.1903135451794,NNE,55.94368147996916,-3.1901987401496905,2101.798313960515,1917.114422916164
55.94368147996916,-3.1901987401496905,SSW,55.9434043161094,-3.1903135451794,2101.798313960515,1915.864422916164
55.9434043161094,-3.1903135451794,NNE,55.94368147996916,-3.1901987401496905,2101.798313960515,1914.614422916164
55.94368147996916,-3.1901987401496905,SSW,55.9434043161094,-3.1903135451794,2101.798313960515,1913.364422916164
55.9434043161094,-3.1903135451794,NNE,55.94368147996916,-3.1901987401496905,2101.798313960515,1912.114422916164
55.94368147996916,-3.1901987401496905,SSW,55.9434043161094,-3.1903135451794,2101.798313960515,1910.864422916164
55.9434043161094,-3.1903135451794,NNE,55.94368147996916,-3.1901987401496905,2101.798313960515,1909.614422916164
55.94368147996916,-3.1901987401496905,SSW,55.9434043161094,-3.1903135451794,2101.798313960515,1908.364422916164
55.9434043161094,-3.1903135451794,NNE,55.94368147996916,-3.1901987401496905,2101.798313960515,1907.114422916164
55.94368147996916,-3.1901987401496905,SSW,55.9434043161094,-3.1903135451794,2101.798313960515,1905.864422916164
55.9434043161094,-3.1903135451794,NNE,55.94368147996916,-3.1901987401496905,2101.798313960515,1904.614422916164
55.94368147996916,-3.1901987401496905,SSW,55.9434043161094,-3.1903135451794,2101.798313960515,1903.364422916164
55.9434043161094,-3.1903135451794,NNE,55.94368147996916,-3.1901987401496905,2101.798313960515,1902.114422916164
55.94368147996916,-3.1901987401496905,SSW,55.9434043161094,-3.1903135451794,2101.798313960515,1900.864422916164
55.9434043161094,-3.1903135451794,NNE,55.94368147996916,-3.1901987401496905,2101.798313960515,1899.614422916164
55.94368147996916,-3.1901987401496905,SSW,55.9434043161094,-3.1903135451794,2101.798313960515,1898.364422916164
55.9434043161094,-3.1903135451794,NNE,55.94368147996916,-3.1901987401496905,2101.798313960515,1897.114422916164
55.94368147996916,-3.1901987401496905,SSW,55.9434043161094,-3.1903135451794,2101.798313960515,1895.864422916164
55.9434043161094,-3.1903135451794,NNE,55.94368147996916,-3.1901987401496905,2101.798313960515,1894.614422916164
55.94368147996916,-3.1901987401496905,SSW,55.9434043161094,-3.1903135451794,2101.798313960515,1893.364422916164
55.9434043161094,-3.1903135451794,NNE,55.94368147996916,-3.1901987401496905,2101.798313960515,1892.114422916164
55.94368147996916,-3.1901987401496905,SSW,55.9434043161094,-3.1903135451794,2101.798313960515,1890.864422916164
55.9434043161094,-3.1903135451794,NNE,55.94368147996916,-3.1901987401496905,2101.798313960515,1889.614422916164
55.94368147996916,-3.1901987401496905,SSW,55.9434043161094,-3.1903135451794,2101.798313960515,1888.364422916164
55.9434043161094,-3.1903135451794,NNE,55.94368147996916,-3.1901987401496905,2101.798313960515,1887.114422916164
55.94368147996916,-3.1901987401496905,SSW,55.9434043161094,-3.1903135451794,2101.798313960515,1885.864422916164
55.9434043161094,-3.1903135451794,NNE,55.94368147996916,-3.1901987401496905,2101.798313960515,1884.614422916164
55.94368147996916,-3.1901987401496905,SSW,55.9434043161094,-3.1903135451794,2101.798313960515,1883.364422916164
55.9434043161094,-3.1903135451794,NNE,55.94368147996916,-3.1901987401496905,2101.798313960515,1882.114422916164
55.94368147996916,-3.1901987401496905,SSW,55.9434043161094,-3.1903135451794,2101.798313960515,1880.864422916164
55.9434043161094,-3.1903135451794,NNE,55.94368147996916,-3.1901987401496905,2101.798313960515,1879.614422916164
55.94368147996916,-3.1901987401496905,SSW,55.9434043161094,-3.1903135451794,2101.798313960515,1878.364422916164
55.9434043161094,-3.1903135451794,NNE,55.94368147996916,-3.1901987401496905,2101.798313960515,1877.114422916164
55.94368147996916,-3.1901987401496905,SSW,55.9434043161094,-3.1903135451794,2101.798313960515,1875.864422916164
55.9434043161094,-3.1903135451794,NNE,55.94368147996916,-3.1901987401496905,2101.798313960515,1874.614422916164
55.94368147996916,-3.1901987401496905,SSW,55.9434043161094,-3.1903135451794,2101.798313960515,1873.364422916164
55.9434043161094,-3.1903135451794,NNE,55.94368147996916,-3.1901987401496905,2101.798313960515,1872.114422916164
55.94368147996916,-3.1901987401496905,SSW,55.9434043161094,-3.1903135451794,2101.798313960515,1870.864422916164
55.9434043161094,-3.1903135451794,NNE,55.94368147996916,-3.1901987401496905,2101.798313960515,1869.614422916164
55.94368147996916,-3.1901987401496905,SSW,55.9434043161094,-3.1903135451794,2101.798313960515,1868.364422916164
55.9434043161094,-3.1903135451794,NNE,55.94368147996916,-3.1901987401496905,2101.798313960515,1867.114422916164
55.94368147996916,-3.1901987401496905,SSW,55.9434043161094,-3.1903135451794,2101.798313960515,1865.864422916164
55.9434043161094,-3.1903135451794,NNE,55.94368147996916,-3.1901987401496905,2101.798313960515,1864.614422916164
55.94368147996916,-3.1901987401496905,SSW,55.9434043161094,-3.1903135451794,2101.798313960515,1863.364422916164
55.9434043161094,-3.1903135451794,NNE,55.94368147996916,-3.1901987401496905,2101.798313960515,1862.114422916164
55.94368147996916,-3.1901987401496905,SSW,55.9434043161094,-3.1903135451794,2101.798313960515,1860.864422916164
55.9434043161094,-3.1903135451794,NNE,55.94368147996916,-3.1901987401496905,2101.798313960515,1859.614422916164
55.94368147996916,-3.1901987401496905,SSW,55.9434043161094,-3.1903135451794,2101.798313960515,1858.364422916164
55.9434043161094,-3.1903135451794,NNE,55.94368147996916,-3.1901987401496905,2101.798313960515,1857.114422916164
55.94368147996916,-3.1901987401496905,SSW,55.9434043161094,-3.1903135451794,2101.798313960515,1855.864422916164
55.9434043161094,-3.1903135451794,NNE,55.94368147996916,-3.1901987401496905,2101.798313960515,1854.614422916164
55.94368147996916,-3.1901987401496905,SSW,55.9434043161094,-3.1903135451794,2101.798313960515,1853.364422916164
55.9434043161094,-3.1903135451794,NNE,55.94368147996916,-3.1901987401496905,2101.798313960515,1852.114422916164
55.94368147996916,-3.1901987401496905,SSW,55.9434043161094,-3.1903135451794,2101.798313960515,1850.864422916164
55.9434043161094,-3.1903135451794,NNE,55.94368147996916,-3.1901987401496905,2101.798313960515,1849.614422916164
55.94368147996916,-3.1901987401496905,SSW,55.9434043161094,-3.1903135451794,2101.798313960515,1848.364422916164
55.9434043161094,-3.1903135451794,NNE,55.94368147996916,-3.1901987401496905,2101.798313960515,1847.114422916164
55.94368147996916,-3.1901987401496905,SSW,55.9434043161094,-3.1903135451794,2101.798313960515,1845.864422916164
55.9434043161094,-3.1903135451794,NNE,55.94368147996916,-3.1901987401496905,2101.798313960515,1844.614422916164
55.94368147996916,-3.1901987401496905,SSW,55.9434043161094,-3.1903135451794,2101.798313960515,1843.364422916164
55.9434043161094,-3.1903135451794,NNE,55.94368147996916,-3.1901987401496905,2101.798313960515,1842.114422916164
55.94368147996916,-3.1901987401496905,SSW,55.9434043161094,-3.1903135451794,2101.798313960515,1840.864422916164
55.9434043161094,-3.1903135451794,NNE,55.94368147996916,-3.1901987401496905,2101.798313960515,1839.614422916164
55.94368147996916,-3.1901987401496905,SSW,55.9434043161094,-3.1903135451794,2101.798313960515,1838.364422916164
55.9434043161094,-3.1903135451794,NNE,55.94368147996916,-3.1901987401496905,2101.798313960515,1837.114422916164
55.94368147996916,-3.1901987401496905,SSW,55.9434043161094,-3.1903135451794,2101.798313960515,1835.864422916164
55.9434043161094,-3.1903135451794,NNE,55.94368147996916,-3.1901987401496905,2101.798313960515,1834.614422916164
55.94368147996916,-3.1901987401496905,SSW,55.9434043161094,-3.1903135451794,2101.798313960515,1833.364422916164
55.9434043161094,-3.1903135451794,NNE,55.94368147996916,-3.1901987401496905,2101.798313960515,1832.114422916164
55.94368147996916,-3.1901987401496905,SSW,55.9434043161094,-3.1903135451794,2101.798313960515,1830.864422916164
55.9434043161094,-3.1903135451794,NNE,55.94368147996916,-3.1901987401496905,2101.798313960515,1829.614422916164
55.94368147996916,-3.1901987401496905,SSW,55.9434043161094,-3.1903135451794,2101.798313960515,1828.364422916164
55.9434043161094,-3.1903135451794,NNE,55.94368147996916,-3.1901987401496905,2101.798313960515,1827.114422916164
55.94368147996916,-3.1901987401496905,SSW,55.9434043161094,-3.1903135451794,2101.798313960515,1825.864422916164
55.9434043161094,-3.1903135451794,NNE,55.94368147996916,-3.1901987401496905,2101.798313960515,1824.614422916164
55.94368147996916,-3.1901987401496905,SSW,55.9434043161094,-3.1903135451794,2101.798313960515,1823.364422916164
