55.944425,-3.188396,SSE,55.944147836140246,-3.1882811949702905,93.8443934543513,286.8506967755455
55.944147836140246,-3.1882811949702905,NE,55.9443599681746,-3.1880690629359347,93.8443934543513,285.6006967755455
55.9443599681746,-3.1880690629359347,S,55.9440599681746,-3.1880690629359347,93.8443934543513,284.3506967755455
55.9440599681746,-3.1880690629359347,SE,55.94384783614024,-3.187856930901579,93.8443934543513,283.1006967755455
55.94384783614024,-3.187856930901579,ESE,55.94373303111053,-3.1875797670418256,93.8443934543513,281.8506967755455
55.94373303111053,-3.1875797670418256,ESE,55.94361822608082,-3.187302603182072,110.95132181366306,389.3037394064851
55.94361822608082,-3.187302603182072,SE,55.943406094046466,-3.1870904711477164,148.46765804961697,391.2949020918395
55.943406094046466,-3.1870904711477164,S,55.94310609404646,-3.1870904711477164,189.4108581117922,502.63499789202706
55.94310609404646,-3.1870904711477164,SW,55.94289396201211,-3.187302603182072,263.450605183581,516.5874296916379
55.94289396201211,-3.187302603182072,NW,55.94310609404646,-3.187514735216428,385.92975175131636,618.2575079458348
55.94310609404646,-3.187514735216428,NNE,55.94338325790622,-3.1873999301867184,385.92975175131636,617.0075079458348
55.94338325790622,-3.1873999301867184,N,55.94368325790622,-3.1873999301867184,385.92975175131636,615.7575079458348
55.94368325790622,-3.1873999301867184,NNE,55.94396042176598,-3.187285125157009,385.92975175131636,614.5075079458348
55.94396042176598,-3.187285125157009,N,55.94426042176598,-3.187285125157009,385.92975175131636,613.2575079458348
55.94426042176598,-3.187285125157009,NNE,55.94453758562574,-3.1871703201272994,450.22830648422405,715.954719539342
55.94453758562574,-3.1871703201272994,NW,55.944749717660095,-3.187382452161655,450.22830648422405,714.704719539342
55.944749717660095,-3.187382452161655,NW,55.94496184969445,-3.187594584196011,450.22830648422405,713.454719539342
55.94496184969445,-3.187594584196011,NW,55.94517398172881,-3.1878067162303667,458.27244039337364,826.2388531396418
55.94517398172881,-3.1878067162303667,WNW,55.94528878675852,-3.18808388009012,458.27244039337364,824.9888531396418
55.94528878675852,-3.18808388009012,WNW,55.94540359178823,-3.1883610439498735,531.3394888931382,824.3965141009954
55.94540359178823,-3.1883610439498735,WNW,55.94551839681794,-3.188638207809627,531.3394888931382,823.1465141009954
55.94551839681794,-3.188638207809627,WNW,55.94563320184765,-3.1889153716693803,635.127800379259,874.0613329764669
55.94563320184765,-3.1889153716693803,SSW,55.94535603798789,-3.18903017669909,635.127800379259,872.8113329764669
55.94535603798789,-3.18903017669909,SW,55.945143905953536,-3.1892423087334456,656.4028188857657,885.5518433013485
55.945143905953536,-3.1892423087334456,WNW,55.945258710983246,-3.189519472593199,714.0766704029331,899.0982743952118
55.945258710983246,-3.189519472593199,S,55.944958710983244,-3.189519472593199,813.6964895012923,957.7453685197089
55.944958710983244,-3.189519472593199,W,55.944958710983244,-3.189819472593199,841.228840060653,1049.8179232496286
55.944958710983244,-3.189819472593199,W,55.944958710983244,-3.1901194725931994,841.228840060653,1048.5679232496286
55.944958710983244,-3.1901194725931994,WNW,55.945073516012954,-3.190396636452953,841.228840060653,1047.3179232496286
55.945073516012954,-3.190396636452953,W,55.945073516012954,-3.190696636452953,849.3287973223252,1130.9571847543361
55.945073516012954,-3.190696636452953,N,55.94537351601296,-3.190696636452953,849.3287973223252,1129.7071847543361
55.94537351601296,-3.190696636452953,NNW,55.94565067987271,-3.1908114414826625,849.3287973223252,1128.4571847543361
55.94565067987271,-3.1908114414826625,N,55.945950679872716,-3.1908114414826625,849.3287973223252,1127.2071847543361
55.945950679872716,-3.1908114414826625,NNW,55.94622784373247,-3.190926246512372,967.8646086960007,1148.108313416739
55.94622784373247,-3.190926246512372,WSW,55.94611303870276,-3.1912034103721254,967.8646086960007,1146.858313416739
55.94611303870276,-3.1912034103721254,W,55.94611303870276,-3.1915034103721256,1064.7738968045205,1200.4222377863261
55.94611303870276,-3.1915034103721256,SE,55.945900906668406,-3.19129127833777,1064.7738968045205,1199.1722377863261
55.945900906668406,-3.19129127833777,WNW,55.94601571169812,-3.1915684421975232,1174.302958311326,1204.9329383424094
55.94601571169812,-3.1915684421975232,WSW,55.945900906668406,-3.1918456060572766,1174.302958311326,1203.6829383424094
55.945900906668406,-3.1918456060572766,S,55.9456009066684,-3.1918456060572766,1174.302958311326,1202.4329383424094
55.9456009066684,-3.1918456060572766,S,55.9453009066684,-3.1918456060572766,1174.302958311326,1201.1829383424094
55.9453009066684,-3.1918456060572766,S,55.9450009066684,-3.1918456060572766,1174.302958311326,1199.9329383424094
55.9450009066684,-3.1918456060572766,SSW,55.94472374280864,-3.191960411086986,1174.302958311326,1198.6829383424094
55.94472374280864,-3.191960411086986,S,55.94442374280864,-3.191960411086986,1289.5897822659772,1215.5391827589979
55.94442374280864,-3.191960411086986,SSW,55.94414657894888,-3.1920752161166956,1289.5897822659772,1214.2891827589979
55.94414657894888,-3.1920752161166956,SSW,55.943869415089125,-3.192190021146405,1289.5897822659772,1213.0391827589979
55.943869415089125,-3.192190021146405,SSW,55.94359225122937,-3.1923048261761147,1356.9820958044845,1274.5933933274332
55.94359225122937,-3.1923048261761147,E,55.94359225122937,-3.1920048261761145,1379.2356958299895,1324.1502898465726
55.94359225122937,-3.1920048261761145,SW,55.94338011919501,-3.1922169582104702,1450.5120588572397,1358.627059315252
55.94338011919501,-3.1922169582104702,SSE,55.943102955335256,-3.1921021531807607,1450.5120588572397,1357.377059315252
55.943102955335256,-3.1921021531807607,S,55.94280295533525,-3.1921021531807607,1537.615501860731,1440.7097193931677
55.94280295533525,-3.1921021531807607,E,55.94280295533525,-3.1918021531807605,1537.615501860731,1439.4597193931677
55.94280295533525,-3.1918021531807605,E,55.94280295533525,-3.1915021531807604,1620.0638530497713,1470.6752642682006
55.94280295533525,-3.1915021531807604,NNE,55.94308011919501,-3.191387348151051,1677.1367908056957,1498.7430634786995
55.94308011919501,-3.191387348151051,SE,55.94286798716065,-3.191175216116695,1677.1367908056957,1497.4930634786995
55.94286798716065,-3.191175216116695,SE,55.9426558551263,-3.1909630840823393,1700.8188652466813,1611.3618429685014
55.9426558551263,-3.1909630840823393,ENE,55.94277066015601,-3.190685920222586,1700.8188652466813,1610.1118429685014
55.94277066015601,-3.190685920222586,E,55.94277066015601,-3.1903859202225857,1723.2214174036878,1625.5520529045266
55.94277066015601,-3.1903859202225857,N,55.94307066015601,-3.1903859202225857,1746.9511027115807,1656.4009404866256
55.94307066015601,-3.1903859202225857,E,55.94307066015601,-3.1900859202225855,1746.9511027115807,1655.1509404866256
55.94307066015601,-3.1900859202225855,E,55.94307066015601,-3.1897859202225853,1746.9511027115807,1653.9009404866256
55.94307066015601,-3.1897859202225853,ENE,55.94318546518572,-3.189508756362832,1834.9349468462954,1755.7193344173063
55.94318546518572,-3.189508756362832,NNW,55.94346262904548,-3.1896235613925414,1834.9349468462954,1754.4693344173063
55.94346262904548,-3.1896235613925414,NNW,55.943739792905234,-3.189738366422251,1952.9766265505389,1779.070895815385
55.943739792905234,-3.189738366422251,W,55.943739792905234,-3.190038366422251,1952.9766265505389,1777.820895815385
55.943739792905234,-3.190038366422251,W,55.943739792905234,-3.1903383664222513,1952.9766265505389,1776.570895815385
55.943739792905234,-3.1903383664222513,W,55.943739792905234,-3.1906383664222515,1952.9766265505389,1775.320895815385
55.943739792905234,-3.1906383664222515,W,55.943739792905234,-3.1909383664222517,2069.3561146651123,1820.8250789982721
55.943739792905234,-3.1909383664222517,W,55.943739792905234,-3.191238366422252,2124.144730403484,1875.249744280141
55.943739792905234,-3.191238366422252,ENE,55.943854597934944,-3.1909612025624985,2124.144730403484,1873.999744280141
55.943854597934944,-3.1909612025624985,E,55.943854597934944,-3.1906612025624983,2124.144730403484,1872.749744280141
55.943854597934944,-3.1906612025624983,E,55.943854597934944,-3.190361202562498,2124.144730403484,1871.499744280141
55.943854597934944,-3.190361202562498,E,55.943854597934944,-3.190061202562498,2124.144730403484,1870.249744280141
55.943854597934944,-3.190061202562498,E,55.943854597934944,-3.1897612025624977,2124.144730403484,1868.999744280141
55.943854597934944,-3.1897612025624977,E,55.943854597934944,-3.1894612025624975,2124.144730403484,1867.749744280141
55.943854597934944,-3.1894612025624975,E,55.943854597934944,-3.1891612025624974,2124.144730403484,1866.499744280141
55.943854597934944,-3.1891612025624974,E,55.943854597934944,-3.188861202562497,2124.144730403484,1865.249744280141
55.943854597934944,-3.188861202562497,SW,55.94364246590059,-3.189073334596853,2124.144730403484,1863.999744280141
55.94364246590059,-3.189073334596853,E,55.94364246590059,-3.1887733345968527,2124.144730403484,1862.749744280141
55.94364246590059,-3.1887733345968527,E,55.94364246590059,-3.1884733345968526,2124.144730403484,1861.499744280141
55.94364246590059,-3.1884733345968526,E,55.94364246590059,-3.1881733345968524,2124.144730403484,1860.249744280141
55.94364246590059,-3.1881733345968524,E,55.94364246590059,-3.187873334596852,2124.144730403484,1858.999744280141
55.94364246590059,-3.187873334596852,E,55.94364246590059,-3.187573334596852,2124.144730403484,1857.749744280141
55.94364246590059,-3.187573334596852,E,55.94364246590059,-3.187273334596852,2124.144730403484,1856.499744280141
55.94364246590059,-3.187273334596852,E,55.94364246590059,-3.1869733345968516,2124.144730403484,1855.249744280141
55.94364246590059,-3.1869733345968516,SE,55.94343033386623,-3.186761202562496,2124.144730403484,1853.999744280141
55.94343033386623,-3.186761202562496,ENE,55.94354513889594,-3.1864840387027424,2124.144730403484,1852.749744280141
55.94354513889594,-3.1864840387027424,E,55.94354513889594,-3.1861840387027422,2124.144730403484,1851.499744280141
55.94354513889594,-3.1861840387027422,ENE,55.94365994392565,-3.185906874842989,2161.1062982421918,1909.0983459380052
55.94365994392565,-3.185906874842989,ENE,55.94377474895536,-3.1856297109832354,2161.1062982421918,1907.8483459380052
55.94377474895536,-3.1856297109832354,ENE,55.94388955398507,-3.185352547123482,2177.6231705951946,2029.6683253259662
55.94388955398507,-3.185352547123482,SSE,55.94361239012532,-3.1852377420937725,2177.6231705951946,2028.4183253259662
55.94361239012532,-3.1852377420937725,S,55.943312390125314,-3.1852377420937725,2177.6231705951946,2027.1683253259662
55.943312390125314,-3.1852377420937725,SSE,55.94303522626556,-3.185122937064063,2283.1773903890366,2135.397931014367
55.94303522626556,-3.185122937064063,ESE,55.94292042123585,-3.1848457732043096,2393.452010017739,2154.7350295849287
55.94292042123585,-3.1848457732043096,NW,55.9431325532702,-3.1850579052386654,2393.452010017739,2153.4850295849287
55.9431325532702,-3.1850579052386654,N,55.943432553270206,-3.1850579052386654,2393.452010017739,2152.2350295849287
55.943432553270206,-3.1850579052386654,NNW,55.94370971712996,-3.185172710268375,2393.452010017739,2150.9850295849287
55.94370971712996,-3.185172710268375,N,55.944009717129966,-3.185172710268375,2393.452010017739,2149.7350295849287
55.944009717129966,-3.185172710268375,NNW,55.94428688098972,-3.1852875152980844,2393.452010017739,2148.4850295849287
55.94428688098972,-3.1852875152980844,N,55.944586880989725,-3.1852875152980844,2393.452010017739,2147.2350295849287
55.944586880989725,-3.1852875152980844,NNW,55.94486404484948,-3.185402320327794,2393.452010017739,2145.9850295849287
55.94486404484948,-3.185402320327794,N,55.945164044849484,-3.185402320327794,2443.454107267584,2180.429901580561
55.945164044849484,-3.185402320327794,S,55.94486404484948,-3.185402320327794,2443.454107267584,2179.179901580561
55.94486404484948,-3.185402320327794,N,55.945164044849484,-3.185402320327794,2443.454107267584,2177.929901580561
55.945164044849484,-3.185402320327794,S,55.94486404484948,-3.185402320327794,2443.454107267584,2176.679901580561
55.94486404484948,-3.185402320327794,N,55.945164044849484,-3.185402320327794,2443.454107267584,2175.429901580561
55.945164044849484,-3.185402320327794,S,55.94486404484948,-3.185402320327794,2443.454107267584,2174.179901580561
55.94486404484948,-3.185402320327794,N,55.945164044849484,-3.185402320327794,2443.454107267584,2172.929901580561
55.945164044849484,-3.185402320327794,S,55.94486404484948,-3.185402320327794,2443.454107267584,2171.679901580561
55.94486404484948,-3.185402320327794,N,55.945164044849484,-3.185402320327794,2443.454107267584,2170.429901580561
55.945164044849484,-3.185402320327794,S,55.94486404484948,-3.185402320327794,2443.454107267584,2169.179901580561
55.94486404484948,-3.185402320327794,N,55.945164044849484,-3.185402320327794,2443.454107267584,2167.929901580561
55.945164044849484,-3.185402320327794,S,55.94486404484948,-3.185402320327794,2443.454107267584,2166.679901580561
55.94486404484948,-3.185402320327794,N,55.945164044849484,-3.185402320327794,2443.454107267584,2165.429901580561
55.945164044849484,-3.185402320327794,S,55.94486404484948,-3.185402320327794,2443.454107267584,2164.179901580561
55.94486404484948,-3.185402320327794,N,55.945164044849484,-3.185402320327794,2443.454107267584,2162.929901580561
55.945164044849484,-3.185402320327794,S,55.94486404484948,-3.185402320327794,2443.454107267584,2161.679901580561
55.94486404484948,-3.185402320327794,N,55.945164044849484,-3.185402320327794,2443.454107267584,2160.429901580561
55.945164044849484,-3.185402320327794,S,55.94486404484948,-3.185402320327794,2443.454107267584,2159.179901580561
55.94486404484948,-3.185402320327794,N,55.945164044849484,-3.185402320327794,2443.454107267584,2157.929901580561
55.945164044849484,-3.185402320327794,S,55.94486404484948,-3.185402320327794,2443.454107267584,2156.679901580561
55.94486404484948,-3.185402320327794,N,55.945164044849484,-3.185402320327794,2443.454107267584,2155.429901580561
55.945164044849484,-3.185402320327794,S,55.94486404484948,-3.185402320327794,2443.454107267584,2154.179901580561
55.94486404484948,-3.185402320327794,N,55.945164044849484,-3.185402320327794,2443.454107267584,2152.929901580561
55.945164044849484,-3.185402320327794,S,55.94486404484948,-3.185402320327794,2443.454107267584,2151.679901580561
55.94486404484948,-3.185402320327794,N,55.945164044849484,-3.185402320327794,2443.454107267584,2150.429901580561
55.945164044849484,-3.185402320327794,S,55.94486404484948,-3.185402320327794,2443.454107267584,2149.179901580561
55.94486404484948,-3.185402320327794,N,55.945164044849484,-3.185402320327794,2443.454107267584,2147.929901580561
55.945164044849484,-3.185402320327794,S,55.94486404484948,-3.185402320327794,2443.454107267584,2146.679901580561
55.94486404484948,-3.185402320327794,N,55.945164044849484,-3.185402320327794,2443.454107267584,2145.429901580561
55.945164044849484,-3.185402320327794,S,55.94486404484948,-3.185402320327794,2443.454107267584,2144.179901580561
55.94486404484948,-3.185402320327794,N,55.945164044849484,-3.185402320327794,2443.454107267584,2142.929901580561
55.945164044849484,-3.185402320327794,S,55.94486404484948,-3.185402320327794,2443.454107267584,2141.679901580561
55.94486404484948,-3.185402320327794,N,55.945164044849484,-3.185402320327794,2443.454107267584,2140.429901580561
55.945164044849484,-3.185402320327794,S,55.94486404484948,-3.185402320327794,2443.454107267584,2139.179901580561
55.94486404484948,-3.185402320327794,N,55.945164044849484,-3.185402320327794,2443.454107267584,2137.929901580561
55.945164044849484,-3.185402320327794,S,55.94486404484948,-3.185402320327794,2443.454107267584,2136.679901580561
55.94486404484948,-3.185402320327794,N,55.945164044849484,-3.185402320327794,2443.454107267584,2135.429901580561
55.945164044849484,-3.185402320327794,S,55.94486404484948,-3.185402320327794,2443.454107267584,2134.179901580561
55.94486404484948,-3.185402320327794,N,55.945164044849484,-3.185402320327794,2443.454107267584,2132.929901580561
55.945164044849484,-3.185402320327794,S,55.94486404484948,-3.185402320327794,2443.454107267584,2131.679901580561
55.94486404484948,-3.185402320327794,N,55.945164044849484,-3.185402320327794,2443.454107267584,2130.429901580561
55.945164044849484,-3.185402320327794,S,55.94486404484948,-3.185402320327794,2443.454107267584,2129.179901580561
55.94486404484948,-3.185402320327794,N,55.945164044849484,-3.185402320327794,2443.454107267584,2127.929901580561
55.945164044849484,-3.185402320327794,S,55.94486404484948,-3.185402320327794,2443.454107267584,2126.679901580561
55.94486404484948,-3.185402320327794,N,55.945164044849484,-3.185402320327794,2443.454107267584,2125.429901580561
55.945164044849484,-3.185402320327794,S,55.94486404484948,-3.185402320327794,2443.454107267584,2124.179901580561
55.94486404484948,-3.185402320327794,N,55.945164044849484,-3.185402320327794,2443.454107267584,2122.929901580561
55.945164044849484,-3.185402320327794,S,55.94486404484948,-3.185402320327794,2443.454107267584,2121.679901580561
55.94486404484948,-3.185402320327794,N,55.945164044849484,-3.185402320327794,2443.454107267584,2120.429901580561
55.945164044849484,-3.185402320327794,S,55.94486404484948,-3.185402320327794,2443.454107267584,2119.179901580561
55.94486404484948,-3.185402320327794,N,55.945164044849484,-3.185402320327794,2443.454107267584,2117.929901580561
55.945164044849484,-3.185402320327794,S,55.94486404484948,-3.185402320327794,2443.454107267584,2116.679901580561
55.94486404484948,-3.185402320327794,N,55.945164044849484,-3.185402320327794,2443.454107267584,2115.429901580561
55.945164044849484,-3.185402320327794,S,55.94486404484948,-3.185402320327794,2443.454107267584,2114.179901580561
55.94486404484948,-3.185402320327794,N,55.945164044849484,-3.185402320327794,2443.454107267584,2112.929901580561
55.945164044849484,-3.185402320327794,S,55.94486404484948,-3.185402320327794,2443.454107267584,2111.679901580561
55.94486404484948,-3.185402320327794,N,55.945164044849484,-3.185402320327794,2443.454107267584,2110.429901580561
55.945164044849484,-3.185402320327794,S,55.94486404484948,-3.185402320327794,2443.454107267584,2109.179901580561
55.94486404484948,-3.185402320327794,N,55.945164044849484,-3.185402320327794,2443.454107267584,2107.929901580561
55.945164044849484,-3.185402320327794,S,55.94486404484948,-3.185402320327794,2443.454107267584,2106.679901580561
55.94486404484948,-3.185402320327794,N,55.945164044849484,-3.185402320327794,2443.454107267584,2105.429901580561
55.945164044849484,-3.185402320327794,S,55.94486404484948,-3.185402320327794,2443.454107267584,2104.179901580561
55.94486404484948,-3.185402320327794,N,55.945164044849484,-3.185402320327794,2443.454107267584,2102.929901580561
55.945164044849484,-3.185402320327794,S,55.94486404484948,-3.185402320327794,2443.454107267584,2101.679901580561
55.94486404484948,-3.185402320327794,N,55.945164044849484,-3.185402320327794,2443.454107267584,2100.429901580561
55.945164044849484,-3.185402320327794,S,55.94486404484948,-3.185402320327794,2443.454107267584,2099.179901580561
55.94486404484948,-3.185402320327794,N,55.945164044849484,-3.185402320327794,2443.454107267584,2097.929901580561
55.945164044849484,-3.185402320327794,S,55.94486404484948,-3.185402320327794,2443.454107267584,2096.679901580561
55.94486404484948,-3.185402320327794,N,55.945164044849484,-3.185402320327794,2443.454107267584,2095.429901580561
55.945164044849484,-3.185402320327794,S,55.94486404484948,-3.185402320327794,2443.454107267584,2094.179901580561
55.94486404484948,-3.185402320327794,N,55.945164044849484,-3.185402320327794,2443.454107267584,2092.929901580561
55.945164044849484,-3.185402320327794,S,55.94486404484948,-3.185402320327794,2443.454107267584,2091.679901580561
55.94486404484948,-3.185402320327794,N,55.945164044849484,-3.185402320327794,2443.454107267584,2090.429901580561
55.945164044849484,-3.185402320327794,S,55.94486404484948,-3.185402320327794,2443.454107267584,2089.179901580561
55.94486404484948,-3.185402320327794,N,55.945164044849484,-3.185402320327794,2443.454107267584,2087.929901580561
55.945164044849484,-3.185402320327794,S,55.94486404484948,-3.185402320327794,2443.454107267584,2086.679901580561
55.94486404484948,-3.185402320327794,N,55.945164044849484,-3.185402320327794,2443.454107267584,2085.429901580561
55.945164044849484,-3.185402320327794,S,55.94486404484948,-3.185402320327794,2443.454107267584,2084.179901580561
55.94486404484948,-3.185402320327794,N,55.945164044849484,-3.185402320327794,2443.454107267584,2082.929901580561
55.945164044849484,-3.185402320327794,S,55.94486404484948,-3.185402320327794,2443.454107267584,2081.679901580561
55.94486404484948,-3.185402320327794,N,55.945164044849484,-3.185402320327794,2443.454107267584,2080.429901580561
55.945164044849484,-3.185402320327794,S,55.94486404484948,-3.185402320327794,2443.454107267584,2079.179901580561
55.94486404484948,-3.185402320327794,N,55.945164044849484,-3.185402320327794,2443.454107267584,2077.929901580561
55.945164044849484,-3.185402320327794,S,55.94486404484948,-3.185402320327794,2443.454107267584,2076.679901580561
55.94486404484948,-3.185402320327794,N,55.945164044849484,-3.185402320327794,2443.454107267584,2075.429901580561
55.945164044849484,-3.185402320327794,S,55.94486404484948,-3.185402320327794,2443.454107267584,2074.179901580561
55.94486404484948,-3.185402320327794,N,55.945164044849484,-3.185402320327794,2443.454107267584,2072.929901580561
55.945164044849484,-3.185402320327794,S,55.94486404484948,-3.185402320327794,2443.454107267584,2071.679901580561
55.94486404484948,-3.185402320327794,N,55.945164044849484,-3.185402320327794,2443.454107267584,2070.429901580561
55.945164044849484,-3.185402320327794,S,55.94486404484948,-3.185402320327794,2443.454107267584,2069.179901580561
55.94486404484948,-3.185402320327794,N,55.945164044849484,-3.185402320327794,2443.454107267584,2067.929901580561
55.945164044849484,-3.185402320327794,S,55.94486404484948,-3.185402320327794,2443.454107267584,2066.679901580561
55.94486404484948,-3.185402320327794,N,55.945164044849484,-3.185402320327794,2443.454107267584,2065.429901580561
55.945164044849484,-3.185402320327794,S,55.94486404484948,-3.185402320327794,2443.454107267584,2064.179901580561
55.94486404484948,-3.185402320327794,N,55.945164044849484,-3.185402320327794,2443.454107267584,2062.929901580561
55.945164044849484,-3.185402320327794,S,55.94486404484948,-3.185402320327794,2443.454107267584,2061.679901580561
55.94486404484948,-3.185402320327794,N,55.945164044849484,-3.185402320327794,2443.454107267584,2060.429901580561
55.945164044849484,-3.185402320327794,S,55.94486404484948,-3.185402320327794,2443.454107267584,2059.179901580561
55.94486404484948,-3.185402320327794,N,55.945164044849484,-3.185402320327794,2443.454107267584,2057.929901580561
55.945164044849484,-3.185402320327794,S,55.94486404484948,-3.185402320327794,2443.454107267584,2056.679901580561
55.94486404484948,-3.185402320327794,N,55.945164044849484,-3.185402320327794,2443.454107267584,2055.429901580561
55.945164044849484,-3.185402320327794,S,55.94486404484948,-3.185402320327794,2443.454107267584,2054.179901580561
55.94486404484948,-3.185402320327794,N,55.945164044849484,-3.185402320327794,2443.454107267584,2052.929901580561
55.945164044849484,-3.185402320327794,S,55.94486404484948,-3.185402320327794,2443.454107267584,2051.679901580561
55.94486404484948,-3.185402320327794,N,55.945164044849484,-3.185402320327794,2443.454107267584,2050.429901580561
55.945164044849484,-3.185402320327794,S,55.94486404484948,-3.185402320327794,2443.454107267584,2049.179901580561
55.94486404484948,-3.185402320327794,N,55.945164044849484,-3.185402320327794,2443.454107267584,2047.929901580561
55.945164044849484,-3.185402320327794,S,55.94486404484948,-3.185402320327794,2443.454107267584,2046.679901580561
55.94486404484948,-3.185402320327794,N,55.945164044849484,-3.185402320327794,2443.454107267584,2045.429901580561
55.945164044849484,-3.185402320327794,S,55.94486404484948,-3.185402320327794,2443.454107267584,2044.179901580561
55.94486404484948,-3.185402320327794,N,55.945164044849484,-3.185402320327794,2443.454107267584,2042.929901580561
55.945164044849484,-3.185402320327794,S,55.94486404484948,-3.185402320327794,2443.454107267584,2041.679901580561
55.94486404484948,-3.185402320327794,N,55.945164044849484,-3.185402320327794,2443.454107267584,2040.429901580561
55.945164044849484,-3.185402320327794,S,55.94486404484948,-3.185402320327794,2443.454107267584,2039.179901580561
55.94486404484948,-3.185402320327794,N,55.945164044849484,-3.185402320327794,2443.454107267584,2037.929901580561
55.945164044849484,-3.185402320327794,S,55.94486404484948,-3.185402320327794,2443.454107267584,2036.679901580561
55.94486404484948,-3.185402320327794,N,55.945164044849484,-3.185402320327794,2443.454107267584,2035.429901580561
55.945164044849484,-3.185402320327794,S,55.94486404484948,-3.185402320327794,2443.454107267584,2034.179901580561
55.94486404484948,-3.185402320327794,N,55.945164044849484,-3.185402320327794,2443.454107267584,2032.929901580561
55.945164044849484,-3.185402320327794,S,55.94486404484948,-3.185402320327794,2443.454107267584,2031.679901580561
55.94486404484948,-3.185402320327794,N,55.945164044849484,-3.185402320327794,2443.454107267584,2030.429901580561
55.945164044849484,-3.185402320327794,S,55.94486404484948,-3.185402320327794,2443.454107267584,2029.179901580561
55.94486404484948,-3.185402320327794,N,55.945164044849484,-3.185402320327794,2443.454107267584,2027.929901580561
55.945164044849484,-3.185402320327794,S,55.94486404484948,-3.185402320327794,2443.454107267584,2026.679901580561
55.94486404484948,-3.185402320327794,N,55.945164044849484,-3.185402320327794,2443.454107267584,2025.429901580561
55.945164044849484,-3.185402320327794,S,55.94486404484948,-3.185402320327794,2443.454107267584,2024.179901580561
55.94486404484948,-3.185402320327794,N,55.945164044849484,-3.185402320327794,2443.454107267584,2022.929901580561
55.945164044849484,-3.185402320327794,S,55.94486404484948,-3.185402320327794,2443.454107267584,2021.679901580561
55.94486404484948,-3.185402320327794,N,55.945164044849484,-3.185402320327794,2443.454107267584,2020.429901580561
55.945164044849484,-3.185402320327794,S,55.94486404484948,-3.185402320327794,2443.454107267584,2019.179901580561
55.94486404484948,-3.185402320327794,N,55.945164044849484,-3.185402320327794,2443.454107267584,2017.929901580561
55.945164044849484,-3.185402320327794,S,55.94486404484948,-3.185402320327794,2443.454107267584,2016.679901580561
55.94486404484948,-3.185402320327794,N,55.945164044849484,-3.185402320327794,2443.454107267584,2015.429901580561
55.945164044849484,-3.185402320327794,S,55.94486404484948,-3.185402320327794,2443.454107267584,2014.179901580561
55.94486404484948,-3.185402320327794,N,55.945164044849484,-3.185402320327794,2443.454107267584,2012.929901580561
55.945164044849484,-3.185402320327794,S,55.94486404484948,-3.185402320327794,2443.454107267584,2011.679901580561
55.94486404484948,-3.185402320327794,N,55.945164044849484,-3.185402320327794,2443.454107267584,2010.429901580561
55.945164044849484,-3.185402320327794,S,55.94486404484948,-3.185402320327794,2443.454107267584,2009.179901580561
55.94486404484948,-3.185402320327794,N,55.945164044849484,-3.185402320327794,2443.454107267584,2007.929901580561
55.945164044849484,-3.185402320327794,S,55.94486404484948,-3.185402320327794,2443.454107267584,2006.679901580561
55.94486404484948,-3.185402320327794,N,55.945164044849484,-3.185402320327794,2443.454107267584,2005.429901580561
55.945164044849484,-3.185402320327794,S,55.94486404484948,-3.185402320327794,2443.454107267584,2004.179901580561
55.94486404484948,-3.185402320327794,N,55.945164044849484,-3.185402320327794,2443.454107267584,2002.929901580561
55.945164044849484,-3.185402320327794,S,55.94486404484948,-3.185402320327794,2443.454107267584,2001.679901580561
55.94486404484948,-3.185402320327794,N,55.945164044849484,-3.185402320327794,2443.454107267584,2000.429901580561
55.945164044849484,-3.185402320327794,S,55.94486404484948,-3.185402320327794,2443.454107267584,1999.179901580561
55.94486404484948,-3.185402320327794,N,55.945164044849484,-3.185402320327794,2443.454107267584,1997.929901580561
55.945164044849484,-3.185402320327794,S,55.94486404484948,-3.185402320327794,2443.454107267584,1996.679901580561
