55.944425,-3.188396,S,55.944125,-3.188396,7.591952356606063,280.95437112996353
55.944125,-3.188396,SSE,55.94384783614024,-3.1882811949702905,7.591952356606063,279.70437112996353
55.94384783614024,-3.1882811949702905,SSE,55.94357067228049,-3.188166389940581,35.142474949113016,399.5006820726996
55.94357067228049,-3.188166389940581,ESE,55.943455867250776,-3.1878892260808276,80.47927978775286,505.73446382483314
55.943455867250776,-3.1878892260808276,NNE,55.94373303111053,-3.187774421051118,80.47927978775286,504.48446382483314
55.94373303111053,-3.187774421051118,NNE,55.94401019497029,-3.1876596160214086,80.47927978775286,503.23446382483314
55.94401019497029,-3.1876596160214086,NNE,55.944287358830046,-3.187544810991699,181.9195364102303,536.9892747869808
55.944287358830046,-3.187544810991699,NNW,55.9445645226898,-3.1876596160214086,186.57658191836873,628.7538301225323
55.9445645226898,-3.1876596160214086,NNE,55.94484168654956,-3.187544810991699,186.57658191836873,627.5038301225323
55.94484168654956,-3.187544810991699,NNE,55.945118850409315,-3.1874300059619896,213.3346884719227,707.7255281932521
55.945118850409315,-3.1874300059619896,ENE,55.945233655439026,-3.187152842102236,303.529229360846,730.5545312208858
55.945233655439026,-3.187152842102236,NE,55.94544578747338,-3.1869407100678804,303.529229360846,729.3045312208858
55.94544578747338,-3.1869407100678804,NE,55.94565791950774,-3.1867285780335246,303.529229360846,728.0545312208858
55.94565791950774,-3.1867285780335246,NE,55.945870051542094,-3.186516445999169,303.529229360846,726.8045312208858
55.945870051542094,-3.186516445999169,NE,55.94608218357645,-3.186304313964813,323.52946294442035,836.8426927036018
55.94608218357645,-3.186304313964813,E,55.94608218357645,-3.186004313964813,323.52946294442035,835.5926927036018
55.94608218357645,-3.186004313964813,ESE,55.94596737854674,-3.1857271501050595,323.52946294442035,834.3426927036018
55.94596737854674,-3.1857271501050595,E,55.94596737854674,-3.1854271501050593,323.52946294442035,833.0926927036018
55.94596737854674,-3.1854271501050593,ESE,55.94585257351703,-3.185149986245306,343.16527375122973,923.5178533904206
55.94585257351703,-3.185149986245306,SE,55.945640441482674,-3.18493785421095,343.16527375122973,922.2678533904206
55.945640441482674,-3.18493785421095,SE,55.94542830944832,-3.1847257221765943,343.16527375122973,921.0178533904206
55.94542830944832,-3.1847257221765943,SSE,55.94515114558856,-3.184610917146885,343.16527375122973,919.7678533904206
55.94515114558856,-3.184610917146885,SE,55.944939013554205,-3.184398785112529,386.5662565923726,960.9220923846602
55.944939013554205,-3.184398785112529,SW,55.94472688151985,-3.184610917146885,386.5662565923726,959.6720923846602
55.94472688151985,-3.184610917146885,WSW,55.94461207649014,-3.1848880810066382,459.0902089180807,1050.4696604230987
55.94461207649014,-3.1848880810066382,SE,55.94439994445578,-3.1846759489722825,539.8466738354008,1081.860967321205
55.94439994445578,-3.1846759489722825,WSW,55.94428513942607,-3.184953112832036,539.8466738354008,1080.610967321205
55.94428513942607,-3.184953112832036,SW,55.944073007391715,-3.1851652448663916,640.4897829483494,1126.6716569197213
55.944073007391715,-3.1851652448663916,WNW,55.944187812421426,-3.185442408726145,640.4897829483494,1125.4216569197213
55.944187812421426,-3.185442408726145,NW,55.94439994445578,-3.185654540760501,745.8556514602928,1131.169114263293
55.94439994445578,-3.185654540760501,SSW,55.944122780596025,-3.1857693457902103,745.8556514602928,1129.919114263293
55.944122780596025,-3.1857693457902103,WNW,55.944237585625736,-3.1860465096499637,745.8556514602928,1128.669114263293
55.944237585625736,-3.1860465096499637,SW,55.94402545359138,-3.1862586416843195,745.8556514602928,1127.419114263293
55.94402545359138,-3.1862586416843195,SE,55.94381332155702,-3.1860465096499637,808.4294747092965,1238.1803948947052
55.94381332155702,-3.1860465096499637,SSW,55.94353615769727,-3.1861613146796732,916.8907532214495,1251.9490029405154
55.94353615769727,-3.1861613146796732,SSE,55.94325899383751,-3.1860465096499637,916.8907532214495,1250.6990029405154
55.94325899383751,-3.1860465096499637,SSE,55.942981829977754,-3.185931704620254,1016.2885826702247,1316.3567409984587
55.942981829977754,-3.185931704620254,ENE,55.943096635007464,-3.185654540760501,1016.2885826702247,1315.1067409984587
55.943096635007464,-3.185654540760501,ENE,55.943211440037174,-3.1853773769007474,1016.2885826702247,1313.8567409984587
55.943211440037174,-3.1853773769007474,ENE,55.943326245066885,-3.185100213040994,1016.2885826702247,1312.6067409984587
55.943326245066885,-3.185100213040994,ENE,55.943441050096595,-3.1848230491812406,1016.2885826702247,1311.3567409984587
55.943441050096595,-3.1848230491812406,ENE,55.943555855126306,-3.184545885321487,1121.548249800118,1316.1964799200973
55.943555855126306,-3.184545885321487,WNW,55.943670660156016,-3.1848230491812406,1121.548249800118,1314.9464799200973
55.943670660156016,-3.1848230491812406,WNW,55.94378546518573,-3.185100213040994,1121.548249800118,1313.6964799200973
55.94378546518573,-3.185100213040994,NW,55.94399759722008,-3.1853123450753498,1121.548249800118,1312.4464799200973
55.94399759722008,-3.1853123450753498,WNW,55.94411240224979,-3.185589508935103,1121.548249800118,1311.1964799200973
55.94411240224979,-3.185589508935103,NW,55.94432453428415,-3.185801640969459,1121.548249800118,1309.9464799200973
55.94432453428415,-3.185801640969459,WNW,55.94443933931386,-3.1860788048292124,1121.548249800118,1308.6964799200973
55.94443933931386,-3.1860788048292124,NW,55.944651471348216,-3.186290936863568,1121.548249800118,1307.4464799200973
55.944651471348216,-3.186290936863568,WNW,55.944766276377926,-3.1865681007233215,1121.548249800118,1306.1964799200973
55.944766276377926,-3.1865681007233215,SW,55.94455414434357,-3.1867802327576773,1121.548249800118,1304.9464799200973
55.94455414434357,-3.1867802327576773,NW,55.944766276377926,-3.186992364792033,1121.548249800118,1303.6964799200973
55.944766276377926,-3.186992364792033,NW,55.94497840841228,-3.187204496826389,1121.548249800118,1302.4464799200973
55.94497840841228,-3.187204496826389,NW,55.94519054044664,-3.1874166288607446,1121.548249800118,1301.1964799200973
55.94519054044664,-3.1874166288607446,NW,55.945402672480995,-3.1876287608951004,1121.548249800118,1299.9464799200973
55.945402672480995,-3.1876287608951004,NW,55.94561480451535,-3.187840892929456,1121.548249800118,1298.6964799200973
55.94561480451535,-3.187840892929456,NW,55.94582693654971,-3.188053024963812,1121.548249800118,1297.4464799200973
55.94582693654971,-3.188053024963812,WNW,55.94594174157942,-3.1883301888235653,1151.7367186754577,1369.1996838568828
55.94594174157942,-3.1883301888235653,WNW,55.94605654660913,-3.1886073526833187,1234.7229000898105,1400.9845161605356
55.94605654660913,-3.1886073526833187,W,55.94605654660913,-3.188907352683319,1319.9567167359019,1508.4619251619015
55.94605654660913,-3.188907352683319,W,55.94605654660913,-3.189207352683319,1371.834870376775,1585.2136683034723
55.94605654660913,-3.189207352683319,SSE,55.94577938274937,-3.1890925476536096,1416.193693925726,1690.221317936526
55.94577938274937,-3.1890925476536096,WSW,55.94566457771966,-3.189369711513363,1416.193693925726,1688.971317936526
55.94566457771966,-3.189369711513363,WSW,55.94554977268995,-3.1896468753731164,1513.1144286319106,1728.0617244988218
55.94554977268995,-3.1896468753731164,SSE,55.945272608830194,-3.189532070343407,1598.9848423091833,1824.1010342383454
55.945272608830194,-3.189532070343407,SSE,55.94499544497044,-3.1894172653136974,1598.9848423091833,1822.8510342383454
55.94499544497044,-3.1894172653136974,SE,55.94478331293608,-3.1892051332793416,1722.4280665806973,1855.5590064675023
55.94478331293608,-3.1892051332793416,WSW,55.94466850790637,-3.189482297139095,1722.4280665806973,1854.3090064675023
55.94466850790637,-3.189482297139095,WSW,55.94455370287666,-3.1897594609988484,1722.4280665806973,1853.0590064675023
55.94455370287666,-3.1897594609988484,WSW,55.94443889784695,-3.190036624858602,1722.4280665806973,1851.8090064675023
55.94443889784695,-3.190036624858602,WSW,55.94432409281724,-3.1903137887183552,1753.5760473284902,1934.0482943366399
55.94432409281724,-3.1903137887183552,SSE,55.94404692895748,-3.1901989836886457,1773.1029054045086,1957.9350509197593
55.94404692895748,-3.1901989836886457,SSE,55.94376976509773,-3.1900841786589362,1773.1029054045086,1956.6850509197593
55.94376976509773,-3.1900841786589362,SE,55.94355763306337,-3.1898720466245805,1774.6839249223065,1984.5544325854873
55.94355763306337,-3.1898720466245805,SSW,55.943280469203614,-3.18998685165429,1774.6839249223065,1983.3044325854873
55.943280469203614,-3.18998685165429,SW,55.94306833716926,-3.1901989836886457,1793.662323506721,2060.8247593312076
55.94306833716926,-3.1901989836886457,SSW,55.9427911733095,-3.1903137887183552,1793.662323506721,2059.5747593312076
55.9427911733095,-3.1903137887183552,WSW,55.94267636827979,-3.1905909525781087,1892.3022784453624,2155.6217082675103
55.94267636827979,-3.1905909525781087,NNW,55.94295353213955,-3.190705757607818,1997.3823436240982,2266.3845722901315
55.94295353213955,-3.190705757607818,N,55.94325353213955,-3.190705757607818,1997.3823436240982,2265.1345722901315
55.94325353213955,-3.190705757607818,N,55.94355353213955,-3.190705757607818,2108.101758132618,2352.4982163541517
55.94355353213955,-3.190705757607818,N,55.943853532139556,-3.190705757607818,2108.101758132618,2351.2482163541517
55.943853532139556,-3.190705757607818,NNW,55.94413069599931,-3.1908205626375277,2108.101758132618,2349.9982163541517
55.94413069599931,-3.1908205626375277,N,55.944430695999316,-3.1908205626375277,2205.5150470072085,2456.678925306501
55.944430695999316,-3.1908205626375277,SW,55.94421856396496,-3.1910326946718834,2205.5150470072085,2455.428925306501
55.94421856396496,-3.1910326946718834,SW,55.9440064319306,-3.191244826706239,2205.5150470072085,2454.178925306501
55.9440064319306,-3.191244826706239,SW,55.94379429989625,-3.191456958740595,2205.5150470072085,2452.928925306501
55.94379429989625,-3.191456958740595,SW,55.94358216786189,-3.1916690907749508,2274.4659722006018,2474.479788342657
55.94358216786189,-3.1916690907749508,NNW,55.94385933172165,-3.1917838958046603,2274.4659722006018,2473.229788342657
55.94385933172165,-3.1917838958046603,NNW,55.944136495581404,-3.1918987008343698,2274.4659722006018,2471.979788342657
55.944136495581404,-3.1918987008343698,NNW,55.94441365944116,-3.1920135058640793,2274.4659722006018,2470.729788342657
55.94441365944116,-3.1920135058640793,NNW,55.94469082330092,-3.192128310893789,2274.4659722006018,2469.479788342657
55.94469082330092,-3.192128310893789,N,55.94499082330092,-3.192128310893789,2396.4144169814367,2512.2320356206246
55.94499082330092,-3.192128310893789,NE,55.945202955335276,-3.191916178859433,2396.4144169814367,2510.9820356206246
55.945202955335276,-3.191916178859433,NNE,55.94548011919503,-3.1918013738297235,2396.4144169814367,2509.7320356206246
55.94548011919503,-3.1918013738297235,NE,55.94569225122939,-3.1915892417953677,2396.4144169814367,2508.4820356206246
55.94569225122939,-3.1915892417953677,NNE,55.945969415089145,-3.1914744367656582,2443.6215536779473,2621.8288781055626
55.945969415089145,-3.1914744367656582,NE,55.9461815471235,-3.1912623047313025,2443.6215536779473,2620.5788781055626
55.9461815471235,-3.1912623047313025,WSW,55.94606674209379,-3.191539468591056,2522.791838469217,2632.0285436582535
55.94606674209379,-3.191539468591056,E,55.94606674209379,-3.1912394685910557,2522.791838469217,2630.7785436582535
55.94606674209379,-3.1912394685910557,E,55.94606674209379,-3.1909394685910555,2522.791838469217,2629.5285436582535
55.94606674209379,-3.1909394685910555,E,55.94606674209379,-3.1906394685910553,2570.365951124642,2730.127260830345
55.94606674209379,-3.1906394685910553,W,55.94606674209379,-3.1909394685910555,2570.365951124642,2728.877260830345
55.94606674209379,-3.1909394685910555,E,55.94606674209379,-3.1906394685910553,2570.365951124642,2727.627260830345
55.94606674209379,-3.1906394685910553,W,55.94606674209379,-3.1909394685910555,2570.365951124642,2726.377260830345
55.94606674209379,-3.1909394685910555,E,55.94606674209379,-3.1906394685910553,2570.365951124642,2725.127260830345
55.94606674209379,-3.1906394685910553,W,55.94606674209379,-3.1909394685910555,2570.365951124642,2723.877260830345
55.94606674209379,-3.1909394685910555,E,55.94606674209379,-3.1906394685910553,2570.365951124642,2722.627260830345
55.94606674209379,-3.1906394685910553,W,55.94606674209379,-3.1909394685910555,2570.365951124642,2721.377260830345
55.94606674209379,-3.1909394685910555,E,55.94606674209379,-3.1906394685910553,2570.365951124642,2720.127260830345
55.94606674209379,-3.1906394685910553,W,55.94606674209379,-3.1909394685910555,2570.365951124642,2718.877260830345
55.94606674209379,-3.1909394685910555,E,55.94606674209379,-3.1906394685910553,2570.365951124642,2717.627260830345
55.94606674209379,-3.1906394685910553,W,55.94606674209379,-3.1909394685910555,2570.365951124642,2716.377260830345
55.94606674209379,-3.1909394685910555,E,55.94606674209379,-3.1906394685910553,2570.365951124642,2715.127260830345
55.94606674209379,-3.1906394685910553,W,55.94606674209379,-3.1909394685910555,2570.365951124642,2713.877260830345
55.94606674209379,-3.1909394685910555,E,55.94606674209379,-3.1906394685910553,2570.365951124642,2712.627260830345
55.94606674209379,-3.1906394685910553,W,55.94606674209379,-3.1909394685910555,2570.365951124642,2711.377260830345
55.94606674209379,-3.1909394685910555,E,55.94606674209379,-3.1906394685910553,2570.365951124642,2710.127260830345
55.94606674209379,-3.1906394685910553,W,55.94606674209379,-3.1909394685910555,2570.365951124642,2708.877260830345
55.94606674209379,-3.1909394685910555,E,55.94606674209379,-3.1906394685910553,2570.365951124642,2707.627260830345
55.94606674209379,-3.1906394685910553,W,55.94606674209379,-3.1909394685910555,2570.365951124642,2706.377260830345
55.94606674209379,-3.1909394685910555,E,55.94606674209379,-3.1906394685910553,2570.365951124642,2705.127260830345
55.94606674209379,-3.1906394685910553,W,55.94606674209379,-3.1909394685910555,2570.365951124642,2703.877260830345
55.94606674209379,-3.1909394685910555,E,55.94606674209379,-3.1906394685910553,2570.365951124642,2702.627260830345
55.94606674209379,-3.1906394685910553,W,55.94606674209379,-3.1909394685910555,2570.365951124642,2701.377260830345
55.94606674209379,-3.1909394685910555,E,55.94606674209379,-3.1906394685910553,2570.365951124642,2700.127260830345
55.94606674209379,-3.1906394685910553,W,55.94606674209379,-3.1909394685910555,2570.365951124642,2698.877260830345
55.94606674209379,-3.1909394685910555,E,55.94606674209379,-3.1906394685910553,2570.365951124642,2697.627260830345
55.94606674209379,-3.1906394685910553,W,55.94606674209379,-3.1909394685910555,2570.365951124642,2696.377260830345
55.94606674209379,-3.1909394685910555,E,55.94606674209379,-3.1906394685910553,2570.365951124642,2695.127260830345
55.94606674209379,-3.1906394685910553,W,55.94606674209379,-3.1909394685910555,2570.365951124642,2693.877260830345
55.94606674209379,-3.1909394685910555,E,55.94606674209379,-3.1906394685910553,2570.365951124642,2692.627260830345
55.94606674209379,-3.1906394685910553,W,55.94606674209379,-3.1909394685910555,2570.365951124642,2691.377260830345
55.94606674209379,-3.1909394685910555,E,55.94606674209379,-3.1906394685910553,2570.365951124642,2690.127260830345
55.94606674209379,-3.1906394685910553,W,55.94606674209379,-3.1909394685910555,2570.365951124642,2688.877260830345
55.94606674209379,-3.1909394685910555,E,55.94606674209379,-3.1906394685910553,2570.365951124642,2687.627260830345
55.94606674209379,-3.1906394685910553,W,55.94606674209379,-3.1909394685910555,2570.365951124642,2686.377260830345
55.94606674209379,-3.1909394685910555,E,55.94606674209379,-3.1906394685910553,2570.365951124642,2685.127260830345
55.94606674209379,-3.1906394685910553,W,55.94606674209379,-3.1909394685910555,2570.365951124642,2683.877260830345
55.94606674209379,-3.1909394685910555,E,55.94606674209379,-3.1906394685910553,2570.365951124642,2682.627260830345
55.94606674209379,-3.1906394685910553,W,55.94606674209379,-3.1909394685910555,2570.365951124642,2681.377260830345
55.94606674209379,-3.1909394685910555,E,55.94606674209379,-3.1906394685910553,2570.365951124642,2680.127260830345
55.94606674209379,-3.1906394685910553,W,55.94606674209379,-3.1909394685910555,2570.365951124642,2678.877260830345
55.94606674209379,-3.1909394685910555,E,55.94606674209379,-3.1906394685910553,2570.365951124642,2677.627260830345
55.94606674209379,-3.1906394685910553,W,55.94606674209379,-3.1909394685910555,2570.365951124642,2676.377260830345
55.94606674209379,-3.1909394685910555,E,55.94606674209379,-3.1906394685910553,2570.365951124642,2675.127260830345
55.94606674209379,-3.1906394685910553,W,55.94606674209379,-3.1909394685910555,2570.365951124642,2673.877260830345
55.94606674209379,-3.1909394685910555,E,55.94606674209379,-3.1906394685910553,2570.365951124642,2672.627260830345
55.94606674209379,-3.1906394685910553,W,55.94606674209379,-3.1909394685910555,2570.365951124642,2671.377260830345
55.94606674209379,-3.1909394685910555,E,55.94606674209379,-3.1906394685910553,2570.365951124642,2670.127260830345
55.94606674209379,-3.1906394685910553,W,55.94606674209379,-3.1909394685910555,2570.365951124642,2668.877260830345
55.94606674209379,-3.1909394685910555,E,55.94606674209379,-3.1906394685910553,2570.365951124642,2667.627260830345
55.94606674209379,-3.1906394685910553,W,55.94606674209379,-3.1909394685910555,2570.365951124642,2666.377260830345
55.94606674209379,-3.1909394685910555,E,55.94606674209379,-3.1906394685910553,2570.365951124642,2665.127260830345
55.94606674209379,-3.1906394685910553,W,55.94606674209379,-3.1909394685910555,2570.365951124642,2663.877260830345
55.94606674209379,-3.1909394685910555,E,55.94606674209379,-3.1906394685910553,2570.365951124642,2662.627260830345
55.94606674209379,-3.1906394685910553,W,55.94606674209379,-3.1909394685910555,2570.365951124642,2661.377260830345
55.94606674209379,-3.1909394685910555,E,55.94606674209379,-3.1906394685910553,2570.365951124642,2660.127260830345
55.94606674209379,-3.1906394685910553,W,55.94606674209379,-3.1909394685910555,2570.365951124642,2658.877260830345
55.94606674209379,-3.1909394685910555,E,55.94606674209379,-3.1906394685910553,2570.365951124642,2657.627260830345
55.94606674209379,-3.1906394685910553,W,55.94606674209379,-3.1909394685910555,2570.365951124642,2656.377260830345
55.94606674209379,-3.1909394685910555,E,55.94606674209379,-3.1906394685910553,2570.365951124642,2655.127260830345
55.94606674209379,-3.1906394685910553,W,55.94606674209379,-3.1909394685910555,2570.365951124642,2653.877260830345
55.94606674209379,-3.1909394685910555,E,55.94606674209379,-3.1906394685910553,2570.365951124642,2652.627260830345
55.94606674209379,-3.1906394685910553,W,55.94606674209379,-3.1909394685910555,2570.365951124642,2651.377260830345
55.94606674209379,-3.1909394685910555,E,55.94606674209379,-3.1906394685910553,2570.365951124642,2650.127260830345
55.94606674209379,-3.1906394685910553,W,55.94606674209379,-3.1909394685910555,2570.365951124642,2648.877260830345
55.94606674209379,-3.1909394685910555,E,55.94606674209379,-3.1906394685910553,2570.365951124642,2647.627260830345
55.94606674209379,-3.1906394685910553,W,55.94606674209379,-3.1909394685910555,2570.365951124642,2646.377260830345
55.94606674209379,-3.1909394685910555,E,55.94606674209379,-3.1906394685910553,2570.365951124642,2645.127260830345
55.94606674209379,-3.1906394685910553,W,55.94606674209379,-3.1909394685910555,2570.365951124642,2643.877260830345
55.94606674209379,-3.1909394685910555,E,55.94606674209379,-3.1906394685910553,2570.365951124642,2642.627260830345
55.94606674209379,-3.1906394685910553,W,55.94606674209379,-3.1909394685910555,2570.365951124642,2641.377260830345
55.94606674209379,-3.1909394685910555,E,55.94606674209379,-3.1906394685910553,2570.365951124642,2640.127260830345
55.94606674209379,-3.1906394685910553,W,55.94606674209379,-3.1909394685910555,2570.365951124642,2638.877260830345
55.94606674209379,-3.1909394685910555,E,55.94606674209379,-3.1906394685910553,2570.365951124642,2637.627260830345
55.94606674209379,-3.1906394685910553,W,55.94606674209379,-3.1909394685910555,2570.365951124642,2636.377260830345
55.94606674209379,-3.1909394685910555,E,55.94606674209379,-3.1906394685910553,2570.365951124642,2635.127260830345
55.94606674209379,-3.1906394685910553,W,55.94606674209379,-3.1909394685910555,2570.365951124642,2633.877260830345
55.94606674209379,-3.1909394685910555,E,55.94606674209379,-3.1906394685910553,2570.365951124642,2632.627260830345
55.94606674209379,-3.1906394685910553,W,55.94606674209379,-3.1909394685910555,2570.365951124642,2631.377260830345
55.94606674209379,-3.1909394685910555,E,55.94606674209379,-3.1906394685910553,2570.365951124642,2630.127260830345
55.94606674209379,-3.1906394685910553,W,55.94606674209379,-3.1909394685910555,2570.365951124642,2628.877260830345
55.94606674209379,-3.1909394685910555,E,55.94606674209379,-3.1906394685910553,2570.365951124642,2627.627260830345
55.94606674209379,-3.1906394685910553,W,55.94606674209379,-3.1909394685910555,2570.365951124642,2626.377260830345
55.94606674209379,-3.1909394685910555,E,55.94606674209379,-3.1906394685910553,2570.365951124642,2625.127260830345
55.94606674209379,-3.1906394685910553,W,55.94606674209379,-3.1909394685910555,2570.365951124642,2623.877260830345
55.94606674209379,-3.1909394685910555,E,55.94606674209379,-3.1906394685910553,2570.365951124642,2622.627260830345
55.94606674209379,-3.1906394685910553,W,55.94606674209379,-3.1909394685910555,2570.365951124642,2621.377260830345
55.94606674209379,-3.1909394685910555,E,55.94606674209379,-3.1906394685910553,2570.365951124642,2620.127260830345
55.94606674209379,-3.1906394685910553,W,55.94606674209379,-3.1909394685910555,2570.365951124642,2618.877260830345
55.94606674209379,-3.1909394685910555,E,55.94606674209379,-3.1906394685910553,2570.365951124642,2617.627260830345
55.94606674209379,-3.1906394685910553,W,55.94606674209379,-3.1909394685910555,2570.365951124642,2616.377260830345
55.94606674209379,-3.1909394685910555,E,55.94606674209379,-3.1906394685910553,2570.365951124642,2615.127260830345
55.94606674209379,-3.1906394685910553,W,55.94606674209379,-3.1909394685910555,2570.365951124642,2613.877260830345
55.94606674209379,-3.1909394685910555,E,55.94606674209379,-3.1906394685910553,2570.365951124642,2612.627260830345
55.94606674209379,-3.1906394685910553,W,55.94606674209379,-3.1909394685910555,2570.365951124642,2611.377260830345
55.94606674209379,-3.1909394685910555,E,55.94606674209379,-3.1906394685910553,2570.365951124642,2610.127260830345
55.94606674209379,-3.1906394685910553,W,55.94606674209379,-3.1909394685910555,2570.365951124642,2608.877260830345
55.94606674209379,-3.1909394685910555,E,55.94606674209379,-3.1906394685910553,2570.365951124642,2607.627260830345
55.94606674209379,-3.1906394685910553,W,55.94606674209379,-3.1909394685910555,2570.365951124642,2606.377260830345
55.94606674209379,-3.1909394685910555,E,55.94606674209379,-3.1906394685910553,2570.365951124642,2605.127260830345
55.94606674209379,-3.1906394685910553,W,55.94606674209379,-3.1909394685910555,2570.365951124642,2603.877260830345
55.94606674209379,-3.1909394685910555,E,55.94606674209379,-3.1906394685910553,2570.365951124642,2602.627260830345
55.94606674209379,-3.1906394685910553,W,55.94606674209379,-3.1909394685910555,2570.365951124642,2601.377260830345
55.94606674209379,-3.1909394685910555,E,55.94606674209379,-3.1906394685910553,2570.365951124642,2600.127260830345
55.94606674209379,-3.1906394685910553,W,55.94606674209379,-3.1909394685910555,2570.365951124642,2598.877260830345
55.94606674209379,-3.1909394685910555,E,55.94606674209379,-3.1906394685910553,2570.365951124642,2597.627260830345
55.94606674209379,-3.1906394685910553,W,55.94606674209379,-3.1909394685910555,2570.365951124642,2596.377260830345
55.94606674209379,-3.1909394685910555,E,55.94606674209379,-3.1906394685910553,2570.365951124642,2595.127260830345
55.94606674209379,-3.1906394685910553,W,55.94606674209379,-3.1909394685910555,2570.365951124642,2593.877260830345
55.94606674209379,-3.1909394685910555,E,55.94606674209379,-3.1906394685910553,2570.365951124642,2592.627260830345
55.94606674209379,-3.1906394685910553,W,55.94606674209379,-3.1909394685910555,2570.365951124642,2591.377260830345
55.94606674209379,-3.1909394685910555,E,55.94606674209379,-3.1906394685910553,2570.365951124642,2590.127260830345
55.94606674209379,-3.1906394685910553,W,55.94606674209379,-3.1909394685910555,2570.365951124642,2588.877260830345
55.94606674209379,-3.1909394685910555,E,55.94606674209379,-3.1906394685910553,2570.365951124642,2587.627260830345
55.94606674209379,-3.1906394685910553,W,55.94606674209379,-3.1909394685910555,2570.365951124642,2586.377260830345
55.94606674209379,-3.1909394685910555,E,55.94606674209379,-3.1906394685910553,2570.365951124642,2585.127260830345
55.94606674209379,-3.1906394685910553,W,55.94606674209379,-3.1909394685910555,2570.365951124642,2583.877260830345
55.94606674209379,-3.1909394685910555,E,55.94606674209379,-3.1906394685910553,2570.365951124642,2582.627260830345
55.94606674209379,-3.1906394685910553,W,55.94606674209379,-3.1909394685910555,2570.365951124642,2581.377260830345
55.94606674209379,-3.1909394685910555,E,55.94606674209379,-3.1906394685910553,2570.365951124642,2580.127260830345
55.94606674209379,-3.1906394685910553,W,55.94606674209379,-3.1909394685910555,2570.365951124642,2578.877260830345
55.94606674209379,-3.1909394685910555,E,55.94606674209379,-3.1906394685910553,2570.365951124642,2577.627260830345
55.94606674209379,-3.1906394685910553,W,55.94606674209379,-3.1909394685910555,2570.365951124642,2576.377260830345
55.94606674209379,-3.1909394685910555,E,55.94606674209379,-3.1906394685910553,2570.365951124642,2575.127260830345
55.94606674209379,-3.1906394685910553,W,55.94606674209379,-3.1909394685910555,2570.365951124642,2573.877260830345
55.94606674209379,-3.1909394685910555,E,55.94606674209379,-3.1906394685910553,2570.365951124642,2572.627260830345
55.94606674209379,-3.1906394685910553,W,55.94606674209379,-3.1909394685910555,2570.365951124642,2571.377260830345
55.94606674209379,-3.1909394685910555,E,55.94606674209379,-3.1906394685910553,2570.365951124642,2570.127260830345
55.94606674209379,-3.1906394685910553,W,55.94606674209379,-3.1909394685910555,2570.365951124642,2568.877260830345
55.94606674209379,-3.1909394685910555,E,55.94606674209379,-3.1906394685910553,2570.365951124642,2567.627260830345
55.94606674209379,-3.1906394685910553,W,55.94606674209379,-3.1909394685910555,2570.365951124642,2566.377260830345
55.94606674209379,-3.1909394685910555,E,55.94606674209379,-3.1906394685910553,2570.365951124642,2565.127260830345
55.94606674209379,-3.1906394685910553,W,55.94606674209379,-3.1909394685910555,2570.365951124642,2563.877260830345
55.94606674209379,-3.1909394685910555,E,55.94606674209379,-3.1906394685910553,2570.365951124642,2562.627260830345
55.94606674209379,-3.1906394685910553,W,55.94606674209379,-3.1909394685910555,2570.365951124642,2561.377260830345
55.94606674209379,-3.1909394685910555,E,55.94606674209379,-3.1906394685910553,2570.365951124642,2560.127260830345
55.94606674209379,-3.1906394685910553,W,55.94606674209379,-3.1909394685910555,2570.365951124642,2558.877260830345
55.94606674209379,-3.1909394685910555,E,55.94606674209379,-3.1906394685910553,2570.365951124642,2557.627260830345
55.94606674209379,-3.1906394685910553,W,55.94606674209379,-3.1909394685910555,2570.365951124642,2556.377260830345
55.94606674209379,-3.1909394685910555,E,55.94606674209379,-3.1906394685910553,2570.365951124642,2555.127260830345
55.94606674209379,-3.1906394685910553,W,55.94606674209379,-3.1909394685910555,2570.365951124642,2553.877260830345
55.94606674209379,-3.1909394685910555,E,55.94606674209379,-3.1906394685910553,2570.365951124642,2552.627260830345
55.94606674209379,-3.1906394685910553,W,55.94606674209379,-3.1909394685910555,2570.365951124642,2551.377260830345
55.94606674209379,-3.1909394685910555,E,55.94606674209379,-3.1906394685910553,2570.365951124642,2550.127260830345
55.94606674209379,-3.1906394685910553,W,55.94606674209379,-3.1909394685910555,2570.365951124642,2548.877260830345
55.94606674209379,-3.1909394685910555,E,55.94606674209379,-3.1906394685910553,2570.365951124642,2547.627260830345
55.94606674209379,-3.1906394685910553,W,55.94606674209379,-3.1909394685910555,2570.365951124642,2546.377260830345
55.94606674209379,-3.1909394685910555,E,55.94606674209379,-3.1906394685910553,2570.365951124642,2545.127260830345
