55.944425,-3.188396,WSW,55.94431019497029,-3.1886731638597534,57.64541393293729,272.0564780615728
55.94431019497029,-3.1886731638597534,S,55.94401019497029,-3.1886731638597534,57.64541393293729,270.8064780615728
55.94401019497029,-3.1886731638597534,SSW,55.94373303111053,-3.188787968889463,119.94463477968138,361.96023435577996
55.94373303111053,-3.188787968889463,SW,55.94352089907618,-3.1890001009238187,173.6605991252633,425.3980040462917
55.94352089907618,-3.1890001009238187,ESE,55.943406094046466,-3.1887229370640653,173.6605991252633,424.1480040462917
55.943406094046466,-3.1887229370640653,ESE,55.943291289016756,-3.188445773204312,244.29681567384404,527.0479716860134
55.943291289016756,-3.188445773204312,ESE,55.943176483987045,-3.1881686093445585,244.29681567384404,525.7979716860134
55.943176483987045,-3.1881686093445585,ESE,55.943061678957335,-3.187891445484805,276.1922707828924,616.0614050897008
55.943061678957335,-3.187891445484805,NNE,55.94333884281709,-3.1877766404550956,276.1922707828924,614.8114050897008
55.94333884281709,-3.1877766404550956,NNE,55.94361600667685,-3.187661835425386,276.1922707828924,613.5614050897008
55.94361600667685,-3.187661835425386,NE,55.943828138711204,-3.1874497033910303,375.2701400898708,616.4912720640077
55.943828138711204,-3.1874497033910303,ENE,55.943942943740915,-3.187172539531277,375.2701400898708,615.2412720640077
55.943942943740915,-3.187172539531277,ENE,55.944057748770625,-3.1868953756715235,375.2701400898708,613.9912720640077
55.944057748770625,-3.1868953756715235,ENE,55.944172553800335,-3.18661821181177,375.2701400898708,612.7412720640077
55.944172553800335,-3.18661821181177,ENE,55.944287358830046,-3.1863410479520167,375.2701400898708,611.4912720640077
55.944287358830046,-3.1863410479520167,NE,55.9444994908644,-3.186128915917661,457.3937041363414,638.6932661755974
55.9444994908644,-3.186128915917661,SE,55.944287358830046,-3.185916783883305,457.3937041363414,637.4432661755974
55.944287358830046,-3.185916783883305,SE,55.94407522679569,-3.1857046518489494,457.3937041363414,636.1932661755974
55.94407522679569,-3.1857046518489494,SSE,55.94379806293593,-3.18558984681924,469.6888465158278,688.0433533004036
55.94379806293593,-3.18558984681924,SSW,55.94352089907618,-3.1857046518489494,469.6888465158278,686.7933533004036
55.94352089907618,-3.1857046518489494,SSW,55.94324373521642,-3.185819456878659,469.6888465158278,685.5433533004036
55.94324373521642,-3.185819456878659,S,55.94294373521642,-3.185819456878659,583.107382370222,715.464125124888
55.94294373521642,-3.185819456878659,ESE,55.94282893018671,-3.1855422930189055,604.6045127604731,831.549684126138
55.94282893018671,-3.1855422930189055,E,55.94282893018671,-3.1852422930189053,604.6045127604731,830.299684126138
55.94282893018671,-3.1852422930189053,ESE,55.942714125156996,-3.184965129159152,654.5320700430229,857.9595969124458
55.942714125156996,-3.184965129159152,NE,55.94292625719135,-3.184752997124796,664.2020299306379,920.4104220505989
55.94292625719135,-3.184752997124796,N,55.943226257191355,-3.184752997124796,664.2020299306379,919.1604220505989
55.943226257191355,-3.184752997124796,N,55.94352625719136,-3.184752997124796,664.2020299306379,917.9104220505989
55.94352625719136,-3.184752997124796,NNE,55.943803421051115,-3.1846381920950866,664.2020299306379,916.6604220505989
55.943803421051115,-3.1846381920950866,N,55.94410342105112,-3.1846381920950866,664.2020299306379,915.4104220505989
55.94410342105112,-3.1846381920950866,NNE,55.944380584910874,-3.184523387065377,674.4263969381867,954.2002676566834
55.944380584910874,-3.184523387065377,N,55.94468058491088,-3.184523387065377,696.7392696937375,1034.5824359528106
55.94468058491088,-3.184523387065377,NNE,55.94495774877063,-3.1844085820356676,749.8273626669375,1139.996553546759
55.94495774877063,-3.1844085820356676,NW,55.94516988080499,-3.1846207140700233,749.8273626669375,1138.746553546759
55.94516988080499,-3.1846207140700233,NW,55.945382012839346,-3.184832846104379,749.8273626669375,1137.496553546759
55.945382012839346,-3.184832846104379,NW,55.9455941448737,-3.185044978138735,749.8273626669375,1136.246553546759
55.9455941448737,-3.185044978138735,NW,55.94580627690806,-3.1852571101730907,864.1713550553568,1235.4480224975996
55.94580627690806,-3.1852571101730907,W,55.94580627690806,-3.185557110173091,908.9834941513752,1295.070805788525
55.94580627690806,-3.185557110173091,ESE,55.94569147187835,-3.1852799463133374,908.9834941513752,1293.820805788525
55.94569147187835,-3.1852799463133374,NW,55.945903603912704,-3.185492078347693,975.2769994627865,1310.8074843186864
55.945903603912704,-3.185492078347693,NW,55.94611573594706,-3.185704210382049,996.0052298955136,1338.0094010553644
55.94611573594706,-3.185704210382049,SW,55.945903603912704,-3.1859163424164048,996.0052298955136,1336.7594010553644
55.945903603912704,-3.1859163424164048,SW,55.94569147187835,-3.1861284744507605,1041.5186168587766,1353.9141811887475
55.94569147187835,-3.1861284744507605,W,55.94569147187835,-3.1864284744507607,1041.5186168587766,1352.6641811887475
55.94569147187835,-3.1864284744507607,WNW,55.94580627690806,-3.186705638310514,1041.5186168587766,1351.4141811887475
55.94580627690806,-3.186705638310514,W,55.94580627690806,-3.1870056383105143,1041.5186168587766,1350.1641811887475
55.94580627690806,-3.1870056383105143,WNW,55.94592108193777,-3.1872828021702677,1041.5186168587766,1348.9141811887475
55.94592108193777,-3.1872828021702677,W,55.94592108193777,-3.187582802170268,1041.5186168587766,1347.6641811887475
55.94592108193777,-3.187582802170268,WNW,55.94603588696748,-3.1878599660300213,1041.5186168587766,1346.4141811887475
55.94603588696748,-3.1878599660300213,W,55.94603588696748,-3.1881599660300215,1041.5186168587766,1345.1641811887475
55.94603588696748,-3.1881599660300215,WNW,55.94615069199719,-3.188437129889775,1041.5186168587766,1343.9141811887475
55.94615069199719,-3.188437129889775,SW,55.94593855996283,-3.1886492619241307,1041.5186168587766,1342.6641811887475
55.94593855996283,-3.1886492619241307,NW,55.94615069199719,-3.1888613939584864,1133.202965788349,1449.414775429906
55.94615069199719,-3.1888613939584864,SSE,55.94587352813743,-3.188746588928777,1133.202965788349,1448.164775429906
55.94587352813743,-3.188746588928777,SSW,55.94559636427768,-3.1888613939584864,1133.202965788349,1446.914775429906
55.94559636427768,-3.1888613939584864,SSW,55.94531920041792,-3.188976198988196,1133.202965788349,1445.664775429906
55.94531920041792,-3.188976198988196,SSW,55.94504203655816,-3.1890910040179055,1196.3649705004777,1497.7940474787183
55.94504203655816,-3.1890910040179055,SSW,55.94476487269841,-3.189205809047615,1196.3649705004777,1496.5440474787183
55.94476487269841,-3.189205809047615,SSW,55.94448770883865,-3.1893206140773245,1196.3649705004777,1495.2940474787183
55.94448770883865,-3.1893206140773245,SSW,55.944210544978894,-3.189435419107034,1196.3649705004777,1494.0440474787183
55.944210544978894,-3.189435419107034,SW,55.94399841294454,-3.1896475511413898,1233.790271698812,1538.7069860320212
55.94399841294454,-3.1896475511413898,WSW,55.94388360791483,-3.189924715001143,1233.790271698812,1537.4569860320212
55.94388360791483,-3.189924715001143,WSW,55.94376880288512,-3.1902018788608966,1304.4138235553798,1636.882404461814
55.94376880288512,-3.1902018788608966,SSW,55.94349163902536,-3.190316683890606,1304.4138235553798,1635.632404461814
55.94349163902536,-3.190316683890606,SE,55.943279506991004,-3.1901045518562503,1304.4138235553798,1634.382404461814
55.943279506991004,-3.1901045518562503,SW,55.94306737495665,-3.190316683890606,1366.4182261490039,1729.328607804224
55.94306737495665,-3.190316683890606,ENE,55.94318217998636,-3.1900395200308527,1366.4182261490039,1728.078607804224
55.94318217998636,-3.1900395200308527,NNW,55.943459343846115,-3.190154325060562,1366.4182261490039,1726.828607804224
55.943459343846115,-3.190154325060562,NW,55.94367147588047,-3.190366457094918,1366.4182261490039,1725.578607804224
55.94367147588047,-3.190366457094918,NNW,55.94394863974023,-3.1904812621246275,1366.4182261490039,1724.328607804224
55.94394863974023,-3.1904812621246275,NW,55.944160771774584,-3.1906933941589832,1366.4182261490039,1723.078607804224
55.944160771774584,-3.1906933941589832,NNW,55.94443793563434,-3.1908081991886927,1384.288891873622,1796.1063826635334
55.94443793563434,-3.1908081991886927,NE,55.9446500676687,-3.190596067154337,1466.5357847278963,1838.2194729369903
55.9446500676687,-3.190596067154337,W,55.9446500676687,-3.190896067154337,1544.691262455834,1909.5506698020295
55.9446500676687,-3.190896067154337,SW,55.94443793563434,-3.191108199188693,1544.691262455834,1908.3006698020295
55.94443793563434,-3.191108199188693,SW,55.944225803599984,-3.1913203312230487,1595.324924196621,2023.6118990962584
55.944225803599984,-3.1913203312230487,WSW,55.944110998570274,-3.191597495082802,1595.324924196621,2022.3618990962584
55.944110998570274,-3.191597495082802,WSW,55.94399619354056,-3.1918746589425555,1678.1229536419444,2039.223301409872
55.94399619354056,-3.1918746589425555,SW,55.94378406150621,-3.1920867909769113,1688.9112297256193,2077.9425282502675
55.94378406150621,-3.1920867909769113,SE,55.94357192947185,-3.1918746589425555,1744.2360050133245,2167.571093423987
55.94357192947185,-3.1918746589425555,NNW,55.94384909333161,-3.191989463972265,1744.2360050133245,2166.321093423987
55.94384909333161,-3.191989463972265,NNW,55.944126257191364,-3.1921042690019745,1744.2360050133245,2165.071093423987
55.944126257191364,-3.1921042690019745,NNW,55.94440342105112,-3.192219074031684,1744.2360050133245,2163.821093423987
55.94440342105112,-3.192219074031684,N,55.94470342105112,-3.192219074031684,1846.808672540736,2166.0203307397096
55.94470342105112,-3.192219074031684,N,55.945003421051126,-3.192219074031684,1846.808672540736,2164.7703307397096
55.945003421051126,-3.192219074031684,NNE,55.94528058491088,-3.1921042690019745,1846.808672540736,2163.5203307397096
55.94528058491088,-3.1921042690019745,N,55.945580584910886,-3.1921042690019745,1846.808672540736,2162.2703307397096
55.945580584910886,-3.1921042690019745,NNW,55.94585774877064,-3.192219074031684,1904.0165154680312,2168.7033849532577
55.94585774877064,-3.192219074031684,E,55.94585774877064,-3.191919074031684,1904.0165154680312,2167.4533849532577
55.94585774877064,-3.191919074031684,E,55.94585774877064,-3.1916190740316837,1957.4791267469998,2217.536510091658
55.94585774877064,-3.1916190740316837,E,55.94585774877064,-3.1913190740316835,1957.4791267469998,2216.286510091658
55.94585774877064,-3.1913190740316835,E,55.94585774877064,-3.1910190740316833,1957.4791267469998,2215.036510091658
55.94585774877064,-3.1910190740316833,E,55.94585774877064,-3.190719074031683,2025.772256326499,2264.388167590286
55.94585774877064,-3.190719074031683,ESE,55.94574294374093,-3.1904419101719297,2036.9741693222425,2327.4589770243524
55.94574294374093,-3.1904419101719297,WNW,55.94585774877064,-3.190719074031683,2036.9741693222425,2326.2089770243524
55.94585774877064,-3.190719074031683,ESE,55.94574294374093,-3.1904419101719297,2036.9741693222425,2324.9589770243524
55.94574294374093,-3.1904419101719297,WNW,55.94585774877064,-3.190719074031683,2036.9741693222425,2323.7089770243524
55.94585774877064,-3.190719074031683,ESE,55.94574294374093,-3.1904419101719297,2036.9741693222425,2322.4589770243524
55.94574294374093,-3.1904419101719297,WNW,55.94585774877064,-3.190719074031683,2036.9741693222425,2321.2089770243524
55.94585774877064,-3.190719074031683,ESE,55.94574294374093,-3.1904419101719297,2036.9741693222425,2319.9589770243524
55.94574294374093,-3.1904419101719297,WNW,55.94585774877064,-3.190719074031683,2036.9741693222425,2318.7089770243524
55.94585774877064,-3.190719074031683,ESE,55.94574294374093,-3.1904419101719297,2036.9741693222425,2317.4589770243524
55.94574294374093,-3.1904419101719297,WNW,55.94585774877064,-3.190719074031683,2036.9741693222425,2316.2089770243524
55.94585774877064,-3.190719074031683,ESE,55.94574294374093,-3.1904419101719297,2036.9741693222425,2314.9589770243524
55.94574294374093,-3.1904419101719297,WNW,55.94585774877064,-3.190719074031683,2036.9741693222425,2313.7089770243524
55.94585774877064,-3.190719074031683,ESE,55.94574294374093,-3.1904419101719297,2036.9741693222425,2312.4589770243524
55.94574294374093,-3.1904419101719297,WNW,55.94585774877064,-3.190719074031683,2036.9741693222425,2311.2089770243524
55.94585774877064,-3.190719074031683,ESE,55.94574294374093,-3.1904419101719297,2036.9741693222425,2309.9589770243524
55.94574294374093,-3.1904419101719297,WNW,55.94585774877064,-3.190719074031683,2036.9741693222425,2308.7089770243524
55.94585774877064,-3.190719074031683,ESE,55.94574294374093,-3.1904419101719297,2036.9741693222425,2307.4589770243524
55.94574294374093,-3.1904419101719297,WNW,55.94585774877064,-3.190719074031683,2036.9741693222425,2306.2089770243524
55.94585774877064,-3.190719074031683,ESE,55.94574294374093,-3.1904419101719297,2036.9741693222425,2304.9589770243524
55.94574294374093,-3.1904419101719297,WNW,55.94585774877064,-3.190719074031683,2036.9741693222425,2303.7089770243524
55.94585774877064,-3.190719074031683,ESE,55.94574294374093,-3.1904419101719297,2036.9741693222425,2302.4589770243524
55.94574294374093,-3.1904419101719297,WNW,55.94585774877064,-3.190719074031683,2036.9741693222425,2301.2089770243524
55.94585774877064,-3.190719074031683,ESE,55.94574294374093,-3.1904419101719297,2036.9741693222425,2299.9589770243524
55.94574294374093,-3.1904419101719297,WNW,55.94585774877064,-3.190719074031683,2036.9741693222425,2298.7089770243524
55.94585774877064,-3.190719074031683,ESE,55.94574294374093,-3.1904419101719297,2036.9741693222425,2297.4589770243524
55.94574294374093,-3.1904419101719297,WNW,55.94585774877064,-3.190719074031683,2036.9741693222425,2296.2089770243524
55.94585774877064,-3.190719074031683,ESE,55.94574294374093,-3.1904419101719297,2036.9741693222425,2294.9589770243524
55.94574294374093,-3.1904419101719297,WNW,55.94585774877064,-3.190719074031683,2036.9741693222425,2293.7089770243524
55.94585774877064,-3.190719074031683,ESE,55.94574294374093,-3.1904419101719297,2036.9741693222425,2292.4589770243524
55.94574294374093,-3.1904419101719297,WNW,55.94585774877064,-3.190719074031683,2036.9741693222425,2291.2089770243524
55.94585774877064,-3.190719074031683,ESE,55.94574294374093,-3.1904419101719297,2036.9741693222425,2289.9589770243524
55.94574294374093,-3.1904419101719297,WNW,55.94585774877064,-3.190719074031683,2036.9741693222425,2288.7089770243524
55.94585774877064,-3.190719074031683,ESE,55.94574294374093,-3.1904419101719297,2036.9741693222425,2287.4589770243524
55.94574294374093,-3.1904419101719297,WNW,55.94585774877064,-3.190719074031683,2036.9741693222425,2286.2089770243524
55.94585774877064,-3.190719074031683,ESE,55.94574294374093,-3.1904419101719297,2036.9741693222425,2284.9589770243524
55.94574294374093,-3.1904419101719297,WNW,55.94585774877064,-3.190719074031683,2036.9741693222425,2283.7089770243524
55.94585774877064,-3.190719074031683,ESE,55.94574294374093,-3.1904419101719297,2036.9741693222425,2282.4589770243524
55.94574294374093,-3.1904419101719297,WNW,55.94585774877064,-3.190719074031683,2036.9741693222425,2281.2089770243524
55.94585774877064,-3.190719074031683,ESE,55.94574294374093,-3.1904419101719297,2036.9741693222425,2279.9589770243524
55.94574294374093,-3.1904419101719297,WNW,55.94585774877064,-3.190719074031683,2036.9741693222425,2278.7089770243524
55.94585774877064,-3.190719074031683,ESE,55.94574294374093,-3.1904419101719297,2036.9741693222425,2277.4589770243524
55.94574294374093,-3.1904419101719297,WNW,55.94585774877064,-3.190719074031683,2036.9741693222425,2276.2089770243524
55.94585774877064,-3.190719074031683,ESE,55.94574294374093,-3.1904419101719297,2036.9741693222425,2274.9589770243524
55.94574294374093,-3.1904419101719297,WNW,55.94585774877064,-3.190719074031683,2036.9741693222425,2273.7089770243524
55.94585774877064,-3.190719074031683,ESE,55.94574294374093,-3.1904419101719297,2036.9741693222425,2272.4589770243524
55.94574294374093,-3.1904419101719297,WNW,55.94585774877064,-3.190719074031683,2036.9741693222425,2271.2089770243524
55.94585774877064,-3.190719074031683,ESE,55.94574294374093,-3.1904419101719297,2036.9741693222425,2269.9589770243524
55.94574294374093,-3.1904419101719297,WNW,55.94585774877064,-3.190719074031683,2036.9741693222425,2268.7089770243524
55.94585774877064,-3.190719074031683,ESE,55.94574294374093,-3.1904419101719297,2036.9741693222425,2267.4589770243524
55.94574294374093,-3.1904419101719297,WNW,55.94585774877064,-3.190719074031683,2036.9741693222425,2266.2089770243524
55.94585774877064,-3.190719074031683,ESE,55.94574294374093,-3.1904419101719297,2036.9741693222425,2264.9589770243524
55.94574294374093,-3.1904419101719297,WNW,55.94585774877064,-3.190719074031683,2036.9741693222425,2263.7089770243524
55.94585774877064,-3.190719074031683,ESE,55.94574294374093,-3.1904419101719297,2036.9741693222425,2262.4589770243524
55.94574294374093,-3.1904419101719297,WNW,55.94585774877064,-3.190719074031683,2036.9741693222425,2261.2089770243524
55.94585774877064,-3.190719074031683,ESE,55.94574294374093,-3.1904419101719297,2036.9741693222425,2259.9589770243524
55.94574294374093,-3.1904419101719297,WNW,55.94585774877064,-3.190719074031683,2036.9741693222425,2258.7089770243524
55.94585774877064,-3.190719074031683,ESE,55.94574294374093,-3.1904419101719297,2036.9741693222425,2257.4589770243524
55.94574294374093,-3.1904419101719297,WNW,55.94585774877064,-3.190719074031683,2036.9741693222425,2256.2089770243524
55.94585774877064,-3.190719074031683,ESE,55.94574294374093,-3.1904419101719297,2036.9741693222425,2254.9589770243524
55.94574294374093,-3.1904419101719297,WNW,55.94585774877064,-3.190719074031683,2036.9741693222425,2253.7089770243524
55.94585774877064,-3.190719074031683,ESE,55.94574294374093,-3.1904419101719297,2036.9741693222425,2252.4589770243524
55.94574294374093,-3.1904419101719297,WNW,55.94585774877064,-3.190719074031683,2036.9741693222425,2251.2089770243524
55.94585774877064,-3.190719074031683,ESE,55.94574294374093,-3.1904419101719297,2036.9741693222425,2249.9589770243524
55.94574294374093,-3.1904419101719297,WNW,55.94585774877064,-3.190719074031683,2036.9741693222425,2248.7089770243524
55.94585774877064,-3.190719074031683,ESE,55.94574294374093,-3.1904419101719297,2036.9741693222425,2247.4589770243524
55.94574294374093,-3.1904419101719297,WNW,55.94585774877064,-3.190719074031683,2036.9741693222425,2246.2089770243524
55.94585774877064,-3.190719074031683,ESE,55.94574294374093,-3.1904419101719297,2036.9741693222425,2244.9589770243524
55.94574294374093,-3.1904419101719297,WNW,55.94585774877064,-3.190719074031683,2036.9741693222425,2243.7089770243524
55.94585774877064,-3.190719074031683,ESE,55.94574294374093,-3.1904419101719297,2036.9741693222425,2242.4589770243524
55.94574294374093,-3.1904419101719297,WNW,55.94585774877064,-3.190719074031683,2036.9741693222425,2241.2089770243524
55.94585774877064,-3.190719074031683,ESE,55.94574294374093,-3.1904419101719297,2036.9741693222425,2239.9589770243524
55.94574294374093,-3.1904419101719297,WNW,55.94585774877064,-3.190719074031683,2036.9741693222425,2238.7089770243524
55.94585774877064,-3.190719074031683,ESE,55.94574294374093,-3.1904419101719297,2036.9741693222425,2237.4589770243524
55.94574294374093,-3.1904419101719297,WNW,55.94585774877064,-3.190719074031683,2036.9741693222425,2236.2089770243524
55.94585774877064,-3.190719074031683,ESE,55.94574294374093,-3.1904419101719297,2036.9741693222425,2234.9589770243524
55.94574294374093,-3.1904419101719297,WNW,55.94585774877064,-3.190719074031683,2036.9741693222425,2233.7089770243524
55.94585774877064,-3.190719074031683,ESE,55.94574294374093,-3.1904419101719297,2036.9741693222425,2232.4589770243524
55.94574294374093,-3.1904419101719297,WNW,55.94585774877064,-3.190719074031683,2036.9741693222425,2231.2089770243524
55.94585774877064,-3.190719074031683,ESE,55.94574294374093,-3.1904419101719297,2036.9741693222425,2229.9589770243524
55.94574294374093,-3.1904419101719297,WNW,55.94585774877064,-3.190719074031683,2036.9741693222425,2228.7089770243524
55.94585774877064,-3.190719074031683,ESE,55.94574294374093,-3.1904419101719297,2036.9741693222425,2227.4589770243524
55.94574294374093,-3.1904419101719297,WNW,55.94585774877064,-3.190719074031683,2036.9741693222425,2226.2089770243524
55.94585774877064,-3.190719074031683,ESE,55.94574294374093,-3.1904419101719297,2036.9741693222425,2224.9589770243524
55.94574294374093,-3.1904419101719297,WNW,55.94585774877064,-3.190719074031683,2036.9741693222425,2223.7089770243524
55.94585774877064,-3.190719074031683,ESE,55.94574294374093,-3.1904419101719297,2036.9741693222425,2222.4589770243524
55.94574294374093,-3.1904419101719297,WNW,55.94585774877064,-3.190719074031683,2036.9741693222425,2221.2089770243524
55.94585774877064,-3.190719074031683,ESE,55.94574294374093,-3.1904419101719297,2036.9741693222425,2219.9589770243524
55.94574294374093,-3.1904419101719297,WNW,55.94585774877064,-3.190719074031683,2036.9741693222425,2218.7089770243524
55.94585774877064,-3.190719074031683,ESE,55.94574294374093,-3.1904419101719297,2036.9741693222425,2217.4589770243524
55.94574294374093,-3.1904419101719297,WNW,55.94585774877064,-3.190719074031683,2036.9741693222425,2216.2089770243524
55.94585774877064,-3.190719074031683,ESE,55.94574294374093,-3.1904419101719297,2036.9741693222425,2214.9589770243524
55.94574294374093,-3.1904419101719297,WNW,55.94585774877064,-3.190719074031683,2036.9741693222425,2213.7089770243524
55.94585774877064,-3.190719074031683,ESE,55.94574294374093,-3.1904419101719297,2036.9741693222425,2212.4589770243524
55.94574294374093,-3.1904419101719297,WNW,55.94585774877064,-3.190719074031683,2036.9741693222425,2211.2089770243524
55.94585774877064,-3.190719074031683,ESE,55.94574294374093,-3.1904419101719297,2036.9741693222425,2209.9589770243524
55.94574294374093,-3.1904419101719297,WNW,55.94585774877064,-3.190719074031683,2036.9741693222425,2208.7089770243524
55.94585774877064,-3.190719074031683,ESE,55.94574294374093,-3.1904419101719297,2036.9741693222425,2207.4589770243524
55.94574294374093,-3.1904419101719297,WNW,55.94585774877064,-3.190719074031683,2036.9741693222425,2206.2089770243524
55.94585774877064,-3.190719074031683,ESE,55.94574294374093,-3.1904419101719297,2036.9741693222425,2204.9589770243524
55.94574294374093,-3.1904419101719297,WNW,55.94585774877064,-3.190719074031683,2036.9741693222425,2203.7089770243524
55.94585774877064,-3.190719074031683,ESE,55.94574294374093,-3.1904419101719297,2036.9741693222425,2202.4589770243524
55.94574294374093,-3.1904419101719297,WNW,55.94585774877064,-3.190719074031683,2036.9741693222425,2201.2089770243524
55.94585774877064,-3.190719074031683,ESE,55.94574294374093,-3.1904419101719297,2036.9741693222425,2199.9589770243524
55.94574294374093,-3.1904419101719297,WNW,55.94585774877064,-3.190719074031683,2036.9741693222425,2198.7089770243524
55.94585774877064,-3.190719074031683,ESE,55.94574294374093,-3.1904419101719297,2036.9741693222425,2197.4589770243524
55.94574294374093,-3.1904419101719297,WNW,55.94585774877064,-3.190719074031683,2036.9741693222425,2196.2089770243524
55.94585774877064,-3.190719074031683,ESE,55.94574294374093,-3.1904419101719297,2036.9741693222425,2194.9589770243524
55.94574294374093,-3.1904419101719297,WNW,55.94585774877064,-3.190719074031683,2036.9741693222425,2193.7089770243524
55.94585774877064,-3.190719074031683,ESE,55.94574294374093,-3.1904419101719297,2036.9741693222425,2192.4589770243524
55.94574294374093,-3.1904419101719297,WNW,55.94585774877064,-3.190719074031683,2036.9741693222425,2191.2089770243524
55.94585774877064,-3.190719074031683,ESE,55.94574294374093,-3.1904419101719297,2036.9741693222425,2189.9589770243524
55.94574294374093,-3.1904419101719297,WNW,55.94585774877064,-3.190719074031683,2036.9741693222425,2188.7089770243524
55.94585774877064,-3.190719074031683,ESE,55.94574294374093,-3.1904419101719297,2036.9741693222425,2187.4589770243524
55.94574294374093,-3.1904419101719297,WNW,55.94585774877064,-3.190719074031683,2036.9741693222425,2186.2089770243524
55.94585774877064,-3.190719074031683,ESE,55.94574294374093,-3.1904419101719297,2036.9741693222425,2184.9589770243524
55.94574294374093,-3.1904419101719297,WNW,55.94585774877064,-3.190719074031683,2036.9741693222425,2183.7089770243524
55.94585774877064,-3.190719074031683,ESE,55.94574294374093,-3.1904419101719297,2036.9741693222425,2182.4589770243524
55.94574294374093,-3.1904419101719297,WNW,55.94585774877064,-3.190719074031683,2036.9741693222425,2181.2089770243524
55.94585774877064,-3.190719074031683,ESE,55.94574294374093,-3.1904419101719297,2036.9741693222425,2179.9589770243524
55.94574294374093,-3.1904419101719297,WNW,55.94585774877064,-3.190719074031683,2036.9741693222425,2178.7089770243524
55.94585774877064,-3.190719074031683,ESE,55.94574294374093,-3.1904419101719297,2036.9741693222425,2177.4589770243524
55.94574294374093,-3.1904419101719297,WNW,55.94585774877064,-3.190719074031683,2036.9741693222425,2176.2089770243524
55.94585774877064,-3.190719074031683,ESE,55.94574294374093,-3.1904419101719297,2036.9741693222425,2174.9589770243524
55.94574294374093,-3.1904419101719297,WNW,55.94585774877064,-3.190719074031683,2036.9741693222425,2173.7089770243524
55.94585774877064,-3.190719074031683,ESE,55.94574294374093,-3.1904419101719297,2036.9741693222425,2172.4589770243524
55.94574294374093,-3.1904419101719297,WNW,55.94585774877064,-3.190719074031683,2036.9741693222425,2171.2089770243524
55.94585774877064,-3.190719074031683,ESE,55.94574294374093,-3.1904419101719297,2036.9741693222425,2169.9589770243524
55.94574294374093,-3.1904419101719297,WNW,55.94585774877064,-3.190719074031683,2036.9741693222425,2168.7089770243524
55.94585774877064,-3.190719074031683,ESE,55.94574294374093,-3.1904419101719297,2036.9741693222425,2167.4589770243524
55.94574294374093,-3.1904419101719297,WNW,55.94585774877064,-3.190719074031683,2036.9741693222425,2166.2089770243524
55.94585774877064,-3.190719074031683,ESE,55.94574294374093,-3.1904419101719297,2036.9741693222425,2164.9589770243524
55.94574294374093,-3.1904419101719297,WNW,55.94585774877064,-3.190719074031683,2036.9741693222425,2163.7089770243524
55.94585774877064,-3.190719074031683,ESE,55.94574294374093,-3.1904419101719297,2036.9741693222425,2162.4589770243524
55.94574294374093,-3.1904419101719297,WNW,55.94585774877064,-3.190719074031683,2036.9741693222425,2161.2089770243524
55.94585774877064,-3.190719074031683,ESE,55.94574294374093,-3.1904419101719297,2036.9741693222425,2159.9589770243524
55.94574294374093,-3.1904419101719297,WNW,55.94585774877064,-3.190719074031683,2036.9741693222425,2158.7089770243524
55.94585774877064,-3.190719074031683,ESE,55.94574294374093,-3.1904419101719297,2036.9741693222425,2157.4589770243524
55.94574294374093,-3.1904419101719297,WNW,55.94585774877064,-3.190719074031683,2036.9741693222425,2156.2089770243524
55.94585774877064,-3.190719074031683,ESE,55.94574294374093,-3.1904419101719297,2036.9741693222425,2154.9589770243524
55.94574294374093,-3.1904419101719297,WNW,55.94585774877064,-3.190719074031683,2036.9741693222425,2153.7089770243524
55.94585774877064,-3.190719074031683,ESE,55.94574294374093,-3.1904419101719297,2036.9741693222425,2152.4589770243524
55.94574294374093,-3.1904419101719297,WNW,55.94585774877064,-3.190719074031683,2036.9741693222425,2151.2089770243524
55.94585774877064,-3.190719074031683,ESE,55.94574294374093,-3.1904419101719297,2036.9741693222425,2149.9589770243524
55.94574294374093,-3.1904419101719297,WNW,55.94585774877064,-3.190719074031683,2036.9741693222425,2148.7089770243524
55.94585774877064,-3.190719074031683,ESE,55.94574294374093,-3.1904419101719297,2036.9741693222425,2147.4589770243524
55.94574294374093,-3.1904419101719297,WNW,55.94585774877064,-3.190719074031683,2036.9741693222425,2146.2089770243524
55.94585774877064,-3.190719074031683,ESE,55.94574294374093,-3.1904419101719297,2036.9741693222425,2144.9589770243524
55.94574294374093,-3.1904419101719297,WNW,55.94585774877064,-3.190719074031683,2036.9741693222425,2143.7089770243524
55.94585774877064,-3.190719074031683,ESE,55.94574294374093,-3.1904419101719297,2036.9741693222425,2142.4589770243524
55.94574294374093,-3.1904419101719297,WNW,55.94585774877064,-3.190719074031683,2036.9741693222425,2141.2089770243524
55.94585774877064,-3.190719074031683,ESE,55.94574294374093,-3.1904419101719297,2036.9741693222425,2139.9589770243524
55.94574294374093,-3.1904419101719297,WNW,55.94585774877064,-3.190719074031683,2036.9741693222425,2138.7089770243524
55.94585774877064,-3.190719074031683,ESE,55.94574294374093,-3.1904419101719297,2036.9741693222425,2137.4589770243524
55.94574294374093,-3.1904419101719297,WNW,55.94585774877064,-3.190719074031683,2036.9741693222425,2136.2089770243524
55.94585774877064,-3.190719074031683,ESE,55.94574294374093,-3.1904419101719297,2036.9741693222425,2134.9589770243524
55.94574294374093,-3.1904419101719297,WNW,55.94585774877064,-3.190719074031683,2036.9741693222425,2133.7089770243524
55.94585774877064,-3.190719074031683,ESE,55.94574294374093,-3.1904419101719297,2036.9741693222425,2132.4589770243524
