55.944425,-3.188396,E,55.944425,-3.188096,29.856029947773116,259.10354827897976
55.944425,-3.188096,SE,55.944212867965646,-3.187883867965644,122.78545949309634,280.58190303654624
55.944212867965646,-3.187883867965644,ENE,55.94432767299536,-3.1876067041058906,217.9938633555502,397.27917502358144
55.94432767299536,-3.1876067041058906,ESE,55.944212867965646,-3.1873295402461372,217.9938633555502,396.02917502358144
55.944212867965646,-3.1873295402461372,SE,55.94400073593129,-3.1871174082117815,238.36592870125472,416.2633202812325
55.94400073593129,-3.1871174082117815,SE,55.943788603896934,-3.1869052761774257,251.07668886773274,520.5501900430181
55.943788603896934,-3.1869052761774257,W,55.943788603896934,-3.187205276177426,251.07668886773274,519.3001900430181
55.943788603896934,-3.187205276177426,SSW,55.94351144003718,-3.1873200812071354,251.07668886773274,518.0501900430181
55.94351144003718,-3.1873200812071354,SE,55.94329930800282,-3.1871079491727796,251.07668886773274,516.8001900430181
55.94329930800282,-3.1871079491727796,E,55.94329930800282,-3.1868079491727794,260.0741327566726,617.3293118706928
55.94329930800282,-3.1868079491727794,ENE,55.94341411303253,-3.186530785313026,260.0741327566726,616.0793118706928
55.94341411303253,-3.186530785313026,NE,55.94362624506689,-3.1863186532786703,350.8269498176194,618.3406445255213
55.94362624506689,-3.1863186532786703,N,55.94392624506689,-3.1863186532786703,465.87500457860114,708.4658490959362
55.94392624506689,-3.1863186532786703,ESE,55.94381144003718,-3.186041489418917,465.87500457860114,707.2158490959362
55.94381144003718,-3.186041489418917,E,55.94381144003718,-3.1857414894189167,465.87500457860114,705.9658490959362
55.94381144003718,-3.1857414894189167,ESE,55.94369663500747,-3.1854643255591633,484.22049643281855,774.7666147455393
55.94369663500747,-3.1854643255591633,NNE,55.943973798867226,-3.1853495205294537,608.663213268461,794.4240363183234
55.943973798867226,-3.1853495205294537,NE,55.94418593090158,-3.185137388495098,608.663213268461,793.1740363183234
55.94418593090158,-3.185137388495098,NE,55.94439806293594,-3.184925256460742,692.5074358797132,809.8393186665687
55.94439806293594,-3.184925256460742,SE,55.94418593090158,-3.1847131244263864,814.6890430016298,856.721997922913
55.94418593090158,-3.1847131244263864,SSE,55.943908767041826,-3.184598319396677,814.6890430016298,855.471997922913
55.943908767041826,-3.184598319396677,SSE,55.94363160318207,-3.1844835143669674,900.0599320423952,936.8975550361779
55.94363160318207,-3.1844835143669674,SW,55.94341947114771,-3.184695646401323,900.0599320423952,935.6475550361779
55.94341947114771,-3.184695646401323,SW,55.94320733911336,-3.184907778435679,900.0599320423952,934.3975550361779
55.94320733911336,-3.184907778435679,SSW,55.9429301752536,-3.1850225834653885,946.4269164096444,1037.9976920961897
55.9429301752536,-3.1850225834653885,NNW,55.94320733911336,-3.185137388495098,946.4269164096444,1036.7476920961897
55.94320733911336,-3.185137388495098,NNW,55.943484502973114,-3.1852521935248075,946.4269164096444,1035.4976920961897
55.943484502973114,-3.1852521935248075,NNW,55.94376166683287,-3.185366998554517,946.4269164096444,1034.2476920961897
55.94376166683287,-3.185366998554517,NNW,55.94403883069263,-3.1854818035842265,946.4269164096444,1032.9976920961897
55.94403883069263,-3.1854818035842265,NNW,55.94431599455238,-3.185596608613936,946.4269164096444,1031.7476920961897
55.94431599455238,-3.185596608613936,NNW,55.94459315841214,-3.1857114136436455,946.4269164096444,1030.4976920961897
55.94459315841214,-3.1857114136436455,NW,55.944805290446496,-3.1859235456780013,946.4269164096444,1029.2476920961897
55.944805290446496,-3.1859235456780013,NNW,55.94508245430625,-3.186038350707711,946.4269164096444,1027.9976920961897
55.94508245430625,-3.186038350707711,SW,55.944870322271896,-3.1862504827420666,946.4269164096444,1026.7476920961897
55.944870322271896,-3.1862504827420666,NNW,55.94514748613165,-3.186365287771776,946.4269164096444,1025.4976920961897
55.94514748613165,-3.186365287771776,N,55.945447486131656,-3.186365287771776,946.4269164096444,1024.2476920961897
55.945447486131656,-3.186365287771776,NNW,55.94572464999141,-3.1864800928014856,999.8506599997454,1071.997731665123
55.94572464999141,-3.1864800928014856,W,55.94572464999141,-3.1867800928014858,1019.7786295924253,1106.2764246434297
55.94572464999141,-3.1867800928014858,WSW,55.9456098449617,-3.187057256661239,1019.7786295924253,1105.0264246434297
55.9456098449617,-3.187057256661239,WSW,55.94549503993199,-3.1873344205209926,1019.7786295924253,1103.7764246434297
55.94549503993199,-3.1873344205209926,WSW,55.94538023490228,-3.187611584380746,1125.6581074228022,1173.3829456953415
55.94538023490228,-3.187611584380746,N,55.945680234902284,-3.187611584380746,1125.6581074228022,1172.1329456953415
55.945680234902284,-3.187611584380746,N,55.94598023490229,-3.187611584380746,1125.6581074228022,1170.8829456953415
55.94598023490229,-3.187611584380746,NW,55.94619236693664,-3.1878237164151018,1186.4020958833573,1232.999327115427
55.94619236693664,-3.1878237164151018,WSW,55.94607756190693,-3.188100880274855,1186.4020958833573,1231.749327115427
55.94607756190693,-3.188100880274855,SW,55.945865429872576,-3.188313012309211,1186.4020958833573,1230.499327115427
55.945865429872576,-3.188313012309211,WSW,55.945750624842866,-3.1885901761689643,1186.4020958833573,1229.249327115427
55.945750624842866,-3.1885901761689643,SW,55.94553849280851,-3.18880230820332,1186.4020958833573,1227.999327115427
55.94553849280851,-3.18880230820332,WSW,55.9454236877788,-3.1890794720630735,1186.4020958833573,1226.749327115427
55.9454236877788,-3.1890794720630735,SW,55.94521155574444,-3.1892916040974293,1202.7669195908209,1255.544314192923
55.94521155574444,-3.1892916040974293,WSW,55.94509675071473,-3.1895687679571827,1240.940705793213,1364.2952754164326
55.94509675071473,-3.1895687679571827,SW,55.944884618680376,-3.1897808999915385,1249.484543362422,1453.6916517403847
55.944884618680376,-3.1897808999915385,E,55.944884618680376,-3.1894808999915383,1249.484543362422,1452.4416517403847
55.944884618680376,-3.1894808999915383,ESE,55.944769813650666,-3.189203736131785,1328.9571734821047,1526.0761787502797
55.944769813650666,-3.189203736131785,NW,55.94498194568502,-3.1894158681661406,1328.9571734821047,1524.8261787502797
55.94498194568502,-3.1894158681661406,NNW,55.94525910954478,-3.18953067319585,1328.9571734821047,1523.5761787502797
55.94525910954478,-3.18953067319585,NW,55.945471241579135,-3.189742805230206,1433.1939864884912,1640.1452209847762
55.945471241579135,-3.189742805230206,WSW,55.945356436549424,-3.1900199690899593,1433.1939864884912,1638.8952209847762
55.945356436549424,-3.1900199690899593,W,55.945356436549424,-3.1903199690899595,1433.1939864884912,1637.6452209847762
55.945356436549424,-3.1903199690899595,WSW,55.945241631519714,-3.190597132949713,1507.4148233275664,1677.2109336591766
55.945241631519714,-3.190597132949713,NW,55.94545376355407,-3.1908092649840687,1507.4148233275664,1675.9609336591766
55.94545376355407,-3.1908092649840687,NNW,55.94573092741383,-3.190924070013778,1621.708374105903,1758.233345944351
55.94573092741383,-3.190924070013778,S,55.945430927413824,-3.190924070013778,1621.708374105903,1756.983345944351
55.945430927413824,-3.190924070013778,S,55.94513092741382,-3.190924070013778,1621.708374105903,1755.733345944351
55.94513092741382,-3.190924070013778,S,55.94483092741382,-3.190924070013778,1621.708374105903,1754.483345944351
55.94483092741382,-3.190924070013778,SSE,55.94455376355406,-3.1908092649840687,1663.2926429120541,1791.3765432440973
55.94455376355406,-3.1908092649840687,SW,55.944341631519706,-3.1910213970184245,1663.2926429120541,1790.1265432440973
55.944341631519706,-3.1910213970184245,SW,55.94412949948535,-3.1912335290527802,1744.5050413746421,1808.435770972809
55.94412949948535,-3.1912335290527802,NW,55.944341631519706,-3.191445661087136,1744.5050413746421,1807.185770972809
55.944341631519706,-3.191445661087136,NW,55.94455376355406,-3.191657793121492,1744.5050413746421,1805.935770972809
55.94455376355406,-3.191657793121492,NW,55.94476589558842,-3.1918699251558476,1825.620548650744,1850.570796068518
55.94476589558842,-3.1918699251558476,WNW,55.94488070061813,-3.192147089015601,1878.4829007147705,1855.050385107081
55.94488070061813,-3.192147089015601,S,55.944580700618125,-3.192147089015601,1878.4829007147705,1853.800385107081
55.944580700618125,-3.192147089015601,S,55.94428070061812,-3.192147089015601,1878.4829007147705,1852.550385107081
55.94428070061812,-3.192147089015601,S,55.94398070061812,-3.192147089015601,1878.4829007147705,1851.300385107081
55.94398070061812,-3.192147089015601,SSW,55.94370353675836,-3.1922618940453105,1958.0084775093212,1912.6159665414477
55.94370353675836,-3.1922618940453105,ESE,55.94358873172865,-3.191984730185557,1958.0084775093212,1911.3659665414477
55.94358873172865,-3.191984730185557,ESE,55.94347392669894,-3.1917075663258037,1958.0084775093212,1910.1159665414477
55.94347392669894,-3.1917075663258037,ESE,55.94335912166923,-3.1914304024660503,1958.0084775093212,1908.8659665414477
55.94335912166923,-3.1914304024660503,SE,55.943146989634876,-3.1912182704316945,2068.9479791270414,1926.6155466872635
55.943146989634876,-3.1912182704316945,E,55.943146989634876,-3.1909182704316943,2068.9479791270414,1925.3655466872635
55.943146989634876,-3.1909182704316943,E,55.943146989634876,-3.190618270431694,2125.139126054714,2042.4990064752087
55.943146989634876,-3.190618270431694,ENE,55.943261794664586,-3.1903411065719407,2125.139126054714,2041.2490064752087
55.943261794664586,-3.1903411065719407,ENE,55.9433765996943,-3.1900639427121873,2125.139126054714,2039.9990064752087
55.9433765996943,-3.1900639427121873,E,55.9433765996943,-3.189763942712187,2125.139126054714,2038.7490064752087
55.9433765996943,-3.189763942712187,ENE,55.94349140472401,-3.1894867788524337,2235.3020806169866,2055.9858352292663
55.94349140472401,-3.1894867788524337,ESE,55.9433765996943,-3.1892096149926803,2235.3020806169866,2054.7358352292663
55.9433765996943,-3.1892096149926803,ESE,55.943261794664586,-3.188932451132927,2235.3020806169866,2053.4858352292663
55.943261794664586,-3.188932451132927,E,55.943261794664586,-3.1886324511329267,2314.7965015237846,2170.1692590273906
55.943261794664586,-3.1886324511329267,W,55.943261794664586,-3.188932451132927,2314.7965015237846,2168.9192590273906
55.943261794664586,-3.188932451132927,E,55.943261794664586,-3.1886324511329267,2314.7965015237846,2167.6692590273906
55.943261794664586,-3.1886324511329267,W,55.943261794664586,-3.188932451132927,2314.7965015237846,2166.4192590273906
55.943261794664586,-3.188932451132927,E,55.943261794664586,-3.1886324511329267,2314.7965015237846,2165.1692590273906
55.943261794664586,-3.1886324511329267,W,55.943261794664586,-3.188932451132927,2314.7965015237846,2163.9192590273906
55.943261794664586,-3.188932451132927,E,55.943261794664586,-3.1886324511329267,2314.7965015237846,2162.6692590273906
55.943261794664586,-3.1886324511329267,W,55.943261794664586,-3.188932451132927,2314.7965015237846,2161.4192590273906
55.943261794664586,-3.188932451132927,E,55.943261794664586,-3.1886324511329267,2314.7965015237846,2160.1692590273906
55.943261794664586,-3.1886324511329267,W,55.943261794664586,-3.188932451132927,2314.7965015237846,2158.9192590273906
55.943261794664586,-3.188932451132927,E,55.943261794664586,-3.1886324511329267,2314.7965015237846,2157.6692590273906
55.943261794664586,-3.1886324511329267,W,55.943261794664586,-3.188932451132927,2314.7965015237846,2156.4192590273906
55.943261794664586,-3.188932451132927,E,55.943261794664586,-3.1886324511329267,2314.7965015237846,2155.1692590273906
55.943261794664586,-3.1886324511329267,W,55.943261794664586,-3.188932451132927,2314.7965015237846,2153.9192590273906
55.943261794664586,-3.188932451132927,E,55.943261794664586,-3.1886324511329267,2314.7965015237846,2152.6692590273906
55.943261794664586,-3.1886324511329267,W,55.943261794664586,-3.188932451132927,2314.7965015237846,2151.4192590273906
55.943261794664586,-3.188932451132927,E,55.943261794664586,-3.1886324511329267,2314.7965015237846,2150.1692590273906
55.943261794664586,-3.1886324511329267,W,55.943261794664586,-3.188932451132927,2314.7965015237846,2148.9192590273906
55.943261794664586,-3.188932451132927,E,55.943261794664586,-3.1886324511329267,2314.7965015237846,2147.6692590273906
55.943261794664586,-3.1886324511329267,W,55.943261794664586,-3.188932451132927,2314.7965015237846,2146.4192590273906
55.943261794664586,-3.188932451132927,E,55.943261794664586,-3.1886324511329267,2314.7965015237846,2145.1692590273906
55.943261794664586,-3.1886324511329267,W,55.943261794664586,-3.188932451132927,2314.7965015237846,2143.9192590273906
55.943261794664586,-3.188932451132927,E,55.943261794664586,-3.1886324511329267,2314.7965015237846,2142.6692590273906
55.943261794664586,-3.1886324511329267,W,55.943261794664586,-3.188932451132927,2314.7965015237846,2141.4192590273906
55.943261794664586,-3.188932451132927,E,55.943261794664586,-3.1886324511329267,2314.7965015237846,2140.1692590273906
55.943261794664586,-3.1886324511329267,W,55.943261794664586,-3.188932451132927,2314.7965015237846,2138.9192590273906
55.943261794664586,-3.188932451132927,E,55.943261794664586,-3.1886324511329267,2314.7965015237846,2137.6692590273906
55.943261794664586,-3.1886324511329267,W,55.943261794664586,-3.188932451132927,2314.7965015237846,2136.4192590273906
55.943261794664586,-3.188932451132927,E,55.943261794664586,-3.1886324511329267,2314.7965015237846,2135.1692590273906
55.943261794664586,-3.1886324511329267,W,55.943261794664586,-3.188932451132927,2314.7965015237846,2133.9192590273906
55.943261794664586,-3.188932451132927,E,55.943261794664586,-3.1886324511329267,2314.7965015237846,2132.6692590273906
55.943261794664586,-3.1886324511329267,W,55.943261794664586,-3.188932451132927,2314.7965015237846,2131.4192590273906
55.943261794664586,-3.188932451132927,E,55.943261794664586,-3.1886324511329267,2314.7965015237846,2130.1692590273906
55.943261794664586,-3.1886324511329267,W,55.943261794664586,-3.188932451132927,2314.7965015237846,2128.9192590273906
55.943261794664586,-3.188932451132927,E,55.943261794664586,-3.1886324511329267,2314.7965015237846,2127.6692590273906
55.943261794664586,-3.1886324511329267,W,55.943261794664586,-3.188932451132927,2314.7965015237846,2126.4192590273906
55.943261794664586,-3.188932451132927,E,55.943261794664586,-3.1886324511329267,2314.7965015237846,2125.1692590273906
55.943261794664586,-3.1886324511329267,W,55.943261794664586,-3.188932451132927,2314.7965015237846,2123.9192590273906
55.943261794664586,-3.188932451132927,E,55.943261794664586,-3.1886324511329267,2314.7965015237846,2122.6692590273906
55.943261794664586,-3.1886324511329267,W,55.943261794664586,-3.188932451132927,2314.7965015237846,2121.4192590273906
55.943261794664586,-3.188932451132927,E,55.943261794664586,-3.1886324511329267,2314.7965015237846,2120.1692590273906
55.943261794664586,-3.1886324511329267,W,55.943261794664586,-3.188932451132927,2314.7965015237846,2118.9192590273906
55.943261794664586,-3.188932451132927,E,55.943261794664586,-3.1886324511329267,2314.7965015237846,2117.6692590273906
55.943261794664586,-3.1886324511329267,W,55.943261794664586,-3.188932451132927,2314.7965015237846,2116.4192590273906
55.943261794664586,-3.188932451132927,E,55.943261794664586,-3.1886324511329267,2314.7965015237846,2115.1692590273906
55.943261794664586,-3.1886324511329267,W,55.943261794664586,-3.188932451132927,2314.7965015237846,2113.9192590273906
55.943261794664586,-3.188932451132927,E,55.943261794664586,-3.1886324511329267,2314.7965015237846,2112.6692590273906
55.943261794664586,-3.1886324511329267,W,55.943261794664586,-3.188932451132927,2314.7965015237846,2111.4192590273906
55.943261794664586,-3.188932451132927,E,55.943261794664586,-3.1886324511329267,2314.7965015237846,2110.1692590273906
55.943261794664586,-3.1886324511329267,W,55.943261794664586,-3.188932451132927,2314.7965015237846,2108.9192590273906
55.943261794664586,-3.188932451132927,E,55.943261794664586,-3.1886324511329267,2314.7965015237846,2107.6692590273906
55.943261794664586,-3.1886324511329267,W,55.943261794664586,-3.188932451132927,2314.7965015237846,2106.4192590273906
55.943261794664586,-3.188932451132927,E,55.943261794664586,-3.1886324511329267,2314.7965015237846,2105.1692590273906
55.943261794664586,-3.1886324511329267,W,55.943261794664586,-3.188932451132927,2314.7965015237846,2103.9192590273906
55.943261794664586,-3.188932451132927,E,55.943261794664586,-3.1886324511329267,2314.7965015237846,2102.6692590273906
55.943261794664586,-3.1886324511329267,W,55.943261794664586,-3.188932451132927,2314.7965015237846,2101.4192590273906
55.943261794664586,-3.188932451132927,E,55.943261794664586,-3.1886324511329267,2314.7965015237846,2100.1692590273906
55.943261794664586,-3.1886324511329267,W,55.943261794664586,-3.188932451132927,2314.7965015237846,2098.9192590273906
55.943261794664586,-3.188932451132927,E,55.943261794664586,-3.1886324511329267,2314.7965015237846,2097.6692590273906
55.943261794664586,-3.1886324511329267,W,55.943261794664586,-3.188932451132927,2314.7965015237846,2096.4192590273906
55.943261794664586,-3.188932451132927,E,55.943261794664586,-3.1886324511329267,2314.7965015237846,2095.1692590273906
55.943261794664586,-3.1886324511329267,W,55.943261794664586,-3.188932451132927,2314.7965015237846,2093.9192590273906
55.943261794664586,-3.188932451132927,E,55.943261794664586,-3.1886324511329267,2314.7965015237846,2092.6692590273906
55.943261794664586,-3.1886324511329267,W,55.943261794664586,-3.188932451132927,2314.7965015237846,2091.4192590273906
55.943261794664586,-3.188932451132927,E,55.943261794664586,-3.1886324511329267,2314.7965015237846,2090.1692590273906
55.943261794664586,-3.1886324511329267,W,55.943261794664586,-3.188932451132927,2314.7965015237846,2088.9192590273906
55.943261794664586,-3.188932451132927,E,55.943261794664586,-3.1886324511329267,2314.7965015237846,2087.6692590273906
55.943261794664586,-3.1886324511329267,W,55.943261794664586,-3.188932451132927,2314.7965015237846,2086.4192590273906
55.943261794664586,-3.188932451132927,E,55.943261794664586,-3.1886324511329267,2314.7965015237846,2085.1692590273906
55.943261794664586,-3.1886324511329267,W,55.943261794664586,-3.188932451132927,2314.7965015237846,2083.9192590273906
55.943261794664586,-3.188932451132927,E,55.943261794664586,-3.1886324511329267,2314.7965015237846,2082.6692590273906
55.943261794664586,-3.1886324511329267,W,55.943261794664586,-3.188932451132927,2314.7965015237846,2081.4192590273906
55.943261794664586,-3.188932451132927,E,55.943261794664586,-3.1886324511329267,2314.7965015237846,2080.1692590273906
55.943261794664586,-3.1886324511329267,W,55.943261794664586,-3.188932451132927,2314.7965015237846,2078.9192590273906
55.943261794664586,-3.188932451132927,E,55.943261794664586,-3.1886324511329267,2314.7965015237846,2077.6692590273906
55.943261794664586,-3.1886324511329267,W,55.943261794664586,-3.188932451132927,2314.7965015237846,2076.4192590273906
55.943261794664586,-3.188932451132927,E,55.943261794664586,-3.1886324511329267,2314.7965015237846,2075.1692590273906
55.943261794664586,-3.1886324511329267,W,55.943261794664586,-3.188932451132927,2314.7965015237846,2073.9192590273906
55.943261794664586,-3.188932451132927,E,55.943261794664586,-3.1886324511329267,2314.7965015237846,2072.6692590273906
55.943261794664586,-3.1886324511329267,W,55.943261794664586,-3.188932451132927,2314.7965015237846,2071.4192590273906
55.943261794664586,-3.188932451132927,E,55.943261794664586,-3.1886324511329267,2314.7965015237846,2070.1692590273906
55.943261794664586,-3.1886324511329267,W,55.943261794664586,-3.188932451132927,2314.7965015237846,2068.9192590273906
55.943261794664586,-3.188932451132927,E,55.943261794664586,-3.1886324511329267,2314.7965015237846,2067.6692590273906
55.943261794664586,-3.1886324511329267,W,55.943261794664586,-3.188932451132927,2314.7965015237846,2066.4192590273906
55.943261794664586,-3.188932451132927,E,55.943261794664586,-3.1886324511329267,2314.7965015237846,2065.1692590273906
55.943261794664586,-3.1886324511329267,W,55.943261794664586,-3.188932451132927,2314.7965015237846,2063.9192590273906
55.943261794664586,-3.188932451132927,E,55.943261794664586,-3.1886324511329267,2314.7965015237846,2062.6692590273906
55.943261794664586,-3.1886324511329267,W,55.943261794664586,-3.188932451132927,2314.7965015237846,2061.4192590273906
55.943261794664586,-3.188932451132927,E,55.943261794664586,-3.1886324511329267,2314.7965015237846,2060.1692590273906
55.943261794664586,-3.1886324511329267,W,55.943261794664586,-3.188932451132927,2314.7965015237846,2058.9192590273906
55.943261794664586,-3.188932451132927,E,55.943261794664586,-3.1886324511329267,2314.7965015237846,2057.6692590273906
55.943261794664586,-3.1886324511329267,W,55.943261794664586,-3.188932451132927,2314.7965015237846,2056.4192590273906
55.943261794664586,-3.188932451132927,E,55.943261794664586,-3.1886324511329267,2314.7965015237846,2055.1692590273906
55.943261794664586,-3.1886324511329267,W,55.943261794664586,-3.188932451132927,2314.7965015237846,2053.9192590273906
55.943261794664586,-3.188932451132927,E,55.943261794664586,-3.1886324511329267,2314.7965015237846,2052.6692590273906
55.943261794664586,-3.1886324511329267,W,55.943261794664586,-3.188932451132927,2314.7965015237846,2051.4192590273906
55.943261794664586,-3.188932451132927,E,55.943261794664586,-3.1886324511329267,2314.7965015237846,2050.1692590273906
55.943261794664586,-3.1886324511329267,W,55.943261794664586,-3.188932451132927,2314.7965015237846,2048.9192590273906
55.943261794664586,-3.188932451132927,E,55.943261794664586,-3.1886324511329267,2314.7965015237846,2047.6692590273906
55.943261794664586,-3.1886324511329267,W,55.943261794664586,-3.188932451132927,2314.7965015237846,2046.4192590273906
55.943261794664586,-3.188932451132927,E,55.943261794664586,-3.1886324511329267,2314.7965015237846,2045.1692590273906
55.943261794664586,-3.1886324511329267,W,55.943261794664586,-3.188932451132927,2314.7965015237846,2043.9192590273906
55.943261794664586,-3.188932451132927,E,55.943261794664586,-3.1886324511329267,2314.7965015237846,2042.6692590273906
55.943261794664586,-3.1886324511329267,W,55.943261794664586,-3.188932451132927,2314.7965015237846,2041.4192590273906
55.943261794664586,-3.188932451132927,E,55.943261794664586,-3.1886324511329267,2314.7965015237846,2040.1692590273906
55.943261794664586,-3.1886324511329267,W,55.943261794664586,-3.188932451132927,2314.7965015237846,2038.9192590273906
55.943261794664586,-3.188932451132927,E,55.943261794664586,-3.1886324511329267,2314.7965015237846,2037.6692590273906
55.943261794664586,-3.1886324511329267,W,55.943261794664586,-3.188932451132927,2314.7965015237846,2036.4192590273906
55.943261794664586,-3.188932451132927,E,55.943261794664586,-3.1886324511329267,2314.7965015237846,2035.1692590273906
55.943261794664586,-3.1886324511329267,W,55.943261794664586,-3.188932451132927,2314.7965015237846,2033.9192590273906
55.943261794664586,-3.188932451132927,E,55.943261794664586,-3.1886324511329267,2314.7965015237846,2032.6692590273906
55.943261794664586,-3.1886324511329267,W,55.943261794664586,-3.188932451132927,2314.7965015237846,2031.4192590273906
55.943261794664586,-3.188932451132927,E,55.943261794664586,-3.1886324511329267,2314.7965015237846,2030.1692590273906
55.943261794664586,-3.1886324511329267,W,55.943261794664586,-3.188932451132927,2314.7965015237846,2028.9192590273906
55.943261794664586,-3.188932451132927,E,55.943261794664586,-3.1886324511329267,2314.7965015237846,2027.6692590273906
55.943261794664586,-3.1886324511329267,W,55.943261794664586,-3.188932451132927,2314.7965015237846,2026.4192590273906
55.943261794664586,-3.188932451132927,E,55.943261794664586,-3.1886324511329267,2314.7965015237846,2025.1692590273906
55.943261794664586,-3.1886324511329267,W,55.943261794664586,-3.188932451132927,2314.7965015237846,2023.9192590273906
55.943261794664586,-3.188932451132927,E,55.943261794664586,-3.1886324511329267,2314.7965015237846,2022.6692590273906
55.943261794664586,-3.1886324511329267,W,55.943261794664586,-3.188932451132927,2314.7965015237846,2021.4192590273906
55.943261794664586,-3.188932451132927,E,55.943261794664586,-3.1886324511329267,2314.7965015237846,2020.1692590273906
55.943261794664586,-3.1886324511329267,W,55.943261794664586,-3.188932451132927,2314.7965015237846,2018.9192590273906
55.943261794664586,-3.188932451132927,E,55.943261794664586,-3.1886324511329267,2314.7965015237846,2017.6692590273906
55.943261794664586,-3.1886324511329267,W,55.943261794664586,-3.188932451132927,2314.7965015237846,2016.4192590273906
55.943261794664586,-3.188932451132927,E,55.943261794664586,-3.1886324511329267,2314.7965015237846,2015.1692590273906
55.943261794664586,-3.1886324511329267,W,55.943261794664586,-3.188932451132927,2314.7965015237846,2013.9192590273906
55.943261794664586,-3.188932451132927,E,55.943261794664586,-3.1886324511329267,2314.7965015237846,2012.6692590273906
55.943261794664586,-3.1886324511329267,W,55.943261794664586,-3.188932451132927,2314.7965015237846,2011.4192590273906
55.943261794664586,-3.188932451132927,E,55.943261794664586,-3.1886324511329267,2314.7965015237846,2010.1692590273906
55.943261794664586,-3.1886324511329267,W,55.943261794664586,-3.188932451132927,2314.7965015237846,2008.9192590273906
55.943261794664586,-3.188932451132927,E,55.943261794664586,-3.1886324511329267,2314.7965015237846,2007.6692590273906
55.943261794664586,-3.1886324511329267,W,55.943261794664586,-3.188932451132927,2314.7965015237846,2006.4192590273906
55.943261794664586,-3.188932451132927,E,55.943261794664586,-3.1886324511329267,2314.7965015237846,2005.1692590273906
55.943261794664586,-3.1886324511329267,W,55.943261794664586,-3.188932451132927,2314.7965015237846,2003.9192590273906
55.943261794664586,-3.188932451132927,E,55.943261794664586,-3.1886324511329267,2314.7965015237846,2002.6692590273906
55.943261794664586,-3.1886324511329267,W,55.943261794664586,-3.188932451132927,2314.7965015237846,2001.4192590273906
55.943261794664586,-3.188932451132927,E,55.943261794664586,-3.1886324511329267,2314.7965015237846,2000.1692590273906
55.943261794664586,-3.1886324511329267,W,55.943261794664586,-3.188932451132927,2314.7965015237846,1998.9192590273906
55.943261794664586,-3.188932451132927,E,55.943261794664586,-3.1886324511329267,2314.7965015237846,1997.6692590273906
55.943261794664586,-3.1886324511329267,W,55.943261794664586,-3.188932451132927,2314.7965015237846,1996.4192590273906
55.943261794664586,-3.188932451132927,E,55.943261794664586,-3.1886324511329267,2314.7965015237846,1995.1692590273906
55.943261794664586,-3.1886324511329267,W,55.943261794664586,-3.188932451132927,2314.7965015237846,1993.9192590273906
55.943261794664586,-3.188932451132927,E,55.943261794664586,-3.1886324511329267,2314.7965015237846,1992.6692590273906
55.943261794664586,-3.1886324511329267,W,55.943261794664586,-3.188932451132927,2314.7965015237846,1991.4192590273906
55.943261794664586,-3.188932451132927,E,55.943261794664586,-3.1886324511329267,2314.7965015237846,1990.1692590273906
55.943261794664586,-3.1886324511329267,W,55.943261794664586,-3.188932451132927,2314.7965015237846,1988.9192590273906
55.943261794664586,-3.188932451132927,E,55.943261794664586,-3.1886324511329267,2314.7965015237846,1987.6692590273906
55.943261794664586,-3.1886324511329267,W,55.943261794664586,-3.188932451132927,2314.7965015237846,1986.4192590273906
55.943261794664586,-3.188932451132927,E,55.943261794664586,-3.1886324511329267,2314.7965015237846,1985.1692590273906
55.943261794664586,-3.1886324511329267,W,55.943261794664586,-3.188932451132927,2314.7965015237846,1983.9192590273906
55.943261794664586,-3.188932451132927,E,55.943261794664586,-3.1886324511329267,2314.7965015237846,1982.6692590273906
55.943261794664586,-3.1886324511329267,W,55.943261794664586,-3.188932451132927,2314.7965015237846,1981.4192590273906
55.943261794664586,-3.188932451132927,E,55.943261794664586,-3.1886324511329267,2314.7965015237846,1980.1692590273906
55.943261794664586,-3.1886324511329267,W,55.943261794664586,-3.188932451132927,2314.7965015237846,1978.9192590273906
55.943261794664586,-3.188932451132927,E,55.943261794664586,-3.1886324511329267,2314.7965015237846,1977.6692590273906
55.943261794664586,-3.1886324511329267,W,55.943261794664586,-3.188932451132927,2314.7965015237846,1976.4192590273906
55.943261794664586,-3.188932451132927,E,55.943261794664586,-3.1886324511329267,2314.7965015237846,1975.1692590273906
55.943261794664586,-3.1886324511329267,W,55.943261794664586,-3.188932451132927,2314.7965015237846,1973.9192590273906
55.943261794664586,-3.188932451132927,E,55.943261794664586,-3.1886324511329267,2314.7965015237846,1972.6692590273906
55.943261794664586,-3.1886324511329267,W,55.943261794664586,-3.188932451132927,2314.7965015237846,1971.4192590273906
55.943261794664586,-3.188932451132927,E,55.943261794664586,-3.1886324511329267,2314.7965015237846,1970.1692590273906
55.943261794664586,-3.1886324511329267,W,55.943261794664586,-3.188932451132927,2314.7965015237846,1968.9192590273906
