55.944425,-3.188396,NNW,55.94470216385976,-3.1885108050297095,0.0,248.75
55.94470216385976,-3.1885108050297095,NNW,55.944979327719516,-3.188625610059419,96.32612890394499,306.41648830719146
55.944979327719516,-3.188625610059419,NE,55.94519145975387,-3.1884134780250633,149.65741889006256,333.44345485258776
55.94519145975387,-3.1884134780250633,N,55.945491459753875,-3.1884134780250633,259.5606427877818,425.15616750248876
55.945491459753875,-3.1884134780250633,ENE,55.945606264783585,-3.18813631416531,259.5606427877818,423.90616750248876
55.945606264783585,-3.18813631416531,ENE,55.945721069813295,-3.1878591503055564,259.5606427877818,422.65616750248876
55.945721069813295,-3.1878591503055564,ENE,55.945835874843006,-3.187581986445803,344.02461749281184,516.0396464611293
55.945835874843006,-3.187581986445803,SE,55.94562374280865,-3.1873698544114473,344.02461749281184,514.7896464611293
55.94562374280865,-3.1873698544114473,SE,55.94541161077429,-3.1871577223770915,449.6376274566856,527.309227859904
55.94541161077429,-3.1871577223770915,E,55.94541161077429,-3.1868577223770913,449.6376274566856,526.059227859904
55.94541161077429,-3.1868577223770913,E,55.94541161077429,-3.186557722377091,520.6661758371329,608.8658925397441
55.94541161077429,-3.186557722377091,NNE,55.94568877463405,-3.1864429173473816,641.6165849865508,612.6083384665644
55.94568877463405,-3.1864429173473816,NE,55.945900906668406,-3.186230785313026,641.6165849865508,611.3583384665644
55.945900906668406,-3.186230785313026,NE,55.94611303870276,-3.18601865327867,688.9113605293395,629.3303768448561
55.94611303870276,-3.18601865327867,ESE,55.94599823367305,-3.1857414894189167,688.9113605293395,628.0803768448561
55.94599823367305,-3.1857414894189167,ESE,55.94588342864334,-3.1854643255591633,688.9113605293395,626.8303768448561
55.94588342864334,-3.1854643255591633,SE,55.945671296608985,-3.1852521935248075,688.9113605293395,625.5803768448561
55.945671296608985,-3.1852521935248075,ESE,55.945556491579275,-3.184975029665054,770.9043768248057,664.6378753765531
55.945556491579275,-3.184975029665054,SSW,55.94527932771952,-3.1850898346947636,770.9043768248057,663.3878753765531
55.94527932771952,-3.1850898346947636,SE,55.94506719568516,-3.184877702660408,770.9043768248057,662.1378753765531
55.94506719568516,-3.184877702660408,ENE,55.94518200071487,-3.1846005388006544,770.9043768248057,660.8878753765531
55.94518200071487,-3.1846005388006544,ENE,55.94529680574458,-3.184323374940901,829.6063227908157,739.1655367339089
55.94529680574458,-3.184323374940901,SSW,55.94501964188483,-3.1844381799706105,829.6063227908157,737.9155367339089
55.94501964188483,-3.1844381799706105,SSW,55.94474247802507,-3.18455298500032,829.6063227908157,736.6655367339089
55.94474247802507,-3.18455298500032,S,55.94444247802507,-3.18455298500032,911.0558552701381,773.1139267869584
55.94444247802507,-3.18455298500032,SW,55.94423034599071,-3.184765117034676,969.2974793531696,885.3437117032696
55.94423034599071,-3.184765117034676,SSW,55.943953182130954,-3.1848799220643853,969.2974793531696,884.0937117032696
55.943953182130954,-3.1848799220643853,SSW,55.9436760182712,-3.184994727094095,1027.742590445516,920.6375468487128
55.9436760182712,-3.184994727094095,ESE,55.94356121324149,-3.1847175632343414,1080.7689413160876,961.703934916105
55.94356121324149,-3.1847175632343414,SSW,55.94328404938173,-3.184832368264051,1080.7689413160876,960.453934916105
55.94328404938173,-3.184832368264051,SW,55.943071917347375,-3.1850445002984067,1080.7689413160876,959.203934916105
55.943071917347375,-3.1850445002984067,SSW,55.94279475348762,-3.185159305328116,1164.3573099706975,1071.6693339330452
55.94279475348762,-3.185159305328116,W,55.94279475348762,-3.1854593053281164,1164.3573099706975,1070.4193339330452
55.94279475348762,-3.1854593053281164,WSW,55.94267994845791,-3.18573646918787,1183.061838241511,1071.1196445526455
55.94267994845791,-3.18573646918787,NNW,55.942957112317664,-3.1858512742175793,1227.8928089461801,1096.6996709361556
55.942957112317664,-3.1858512742175793,NW,55.94316924435202,-3.186063406251935,1351.8884374027002,1100.0037276871574
55.94316924435202,-3.186063406251935,N,55.94346924435202,-3.186063406251935,1351.8884374027002,1098.7537276871574
55.94346924435202,-3.186063406251935,NNW,55.94374640821178,-3.1861782112816446,1351.8884374027002,1097.5037276871574
55.94374640821178,-3.1861782112816446,N,55.94404640821178,-3.1861782112816446,1351.8884374027002,1096.2537276871574
55.94404640821178,-3.1861782112816446,NNW,55.94432357207154,-3.186293016311354,1371.9816075953067,1167.2483939492845
55.94432357207154,-3.186293016311354,N,55.94462357207154,-3.186293016311354,1404.4342724924452,1227.8801295014782
55.94462357207154,-3.186293016311354,WNW,55.94473837710125,-3.1865701801711075,1425.9483054946468,1300.4164949053188
55.94473837710125,-3.1865701801711075,SW,55.944526245066896,-3.1867823122054633,1451.968975726982,1415.3699009163408
55.944526245066896,-3.1867823122054633,SSW,55.94424908120714,-3.1868971172351728,1451.968975726982,1414.1199009163408
55.94424908120714,-3.1868971172351728,SSW,55.94397191734738,-3.1870119222648823,1451.968975726982,1412.8699009163408
55.94397191734738,-3.1870119222648823,SW,55.94375978531303,-3.187224054299238,1451.968975726982,1411.6199009163408
55.94375978531303,-3.187224054299238,SW,55.94354765327867,-3.187436186333594,1451.968975726982,1410.3699009163408
55.94354765327867,-3.187436186333594,SW,55.943335521244315,-3.1876483183679496,1451.968975726982,1409.1199009163408
55.943335521244315,-3.1876483183679496,WNW,55.943450326274025,-3.187925482227703,1451.968975726982,1407.8699009163408
55.943450326274025,-3.187925482227703,SW,55.94323819423967,-3.1881376142620588,1451.968975726982,1406.6199009163408
55.94323819423967,-3.1881376142620588,S,55.942938194239666,-3.1881376142620588,1451.968975726982,1405.3699009163408
55.942938194239666,-3.1881376142620588,SW,55.94272606220531,-3.1883497462964145,1451.968975726982,1404.1199009163408
55.94272606220531,-3.1883497462964145,ENE,55.94284086723502,-3.188072582436661,1451.968975726982,1402.8699009163408
55.94284086723502,-3.188072582436661,E,55.94284086723502,-3.187772582436661,1572.965338407179,1423.9665498190593
55.94284086723502,-3.187772582436661,WSW,55.94272606220531,-3.1880497462964144,1572.965338407179,1422.7165498190593
55.94272606220531,-3.1880497462964144,NW,55.942938194239666,-3.18826187833077,1572.965338407179,1421.4665498190593
55.942938194239666,-3.18826187833077,NW,55.94315032627402,-3.188474010365126,1572.965338407179,1420.2165498190593
55.94315032627402,-3.188474010365126,WNW,55.94326513130373,-3.1887511742248793,1572.965338407179,1418.9665498190593
55.94326513130373,-3.1887511742248793,NW,55.94347726333809,-3.188963306259235,1572.965338407179,1417.7165498190593
55.94347726333809,-3.188963306259235,WNW,55.9435920683678,-3.1892404701189885,1594.5666183088395,1482.7895748291212
55.9435920683678,-3.1892404701189885,W,55.9435920683678,-3.1895404701189887,1594.5666183088395,1481.5395748291212
55.9435920683678,-3.1895404701189887,WSW,55.94347726333809,-3.189817633978742,1701.8489138246669,1550.4552524086016
55.94347726333809,-3.189817633978742,NNW,55.943754427197845,-3.1899324390084516,1701.8489138246669,1549.2052524086016
55.943754427197845,-3.1899324390084516,NW,55.9439665592322,-3.1901445710428074,1701.8489138246669,1547.9552524086016
55.9439665592322,-3.1901445710428074,NNW,55.94424372309196,-3.190259376072517,1806.0301378796123,1568.5944375749275
55.94424372309196,-3.190259376072517,NW,55.944455855126314,-3.1904715081068726,1806.0301378796123,1567.3444375749275
55.944455855126314,-3.1904715081068726,NW,55.94466798716067,-3.1906836401412284,1846.801870539939,1687.3609390097927
55.94466798716067,-3.1906836401412284,NW,55.94488011919503,-3.190895772175584,1846.801870539939,1686.1109390097927
55.94488011919503,-3.190895772175584,WNW,55.94499492422474,-3.1911729360353376,1880.2309192019138,1703.172723253774
55.94499492422474,-3.1911729360353376,N,55.94529492422474,-3.1911729360353376,1905.7900047081612,1819.0340445336383
55.94529492422474,-3.1911729360353376,W,55.94529492422474,-3.1914729360353378,2006.3163386734109,1849.0434361843281
55.94529492422474,-3.1914729360353378,NE,55.945507056259096,-3.191260804000982,2006.3163386734109,1847.7934361843281
55.945507056259096,-3.191260804000982,NE,55.94571918829345,-3.1910486719666262,2066.5540177861467,1941.9092315344838
55.94571918829345,-3.1910486719666262,E,55.94571918829345,-3.190748671966626,2074.9932507102303,1969.6365862421144
55.94571918829345,-3.190748671966626,SSE,55.945442024433696,-3.1906338669369165,2130.1593409970947,2018.4173625258973
55.945442024433696,-3.1906338669369165,NE,55.94565415646805,-3.1904217349025608,2130.1593409970947,2017.1673625258973
55.94565415646805,-3.1904217349025608,NE,55.94586628850241,-3.190209602868205,2130.1593409970947,2015.9173625258973
55.94586628850241,-3.190209602868205,NE,55.946078420536764,-3.189997470833849,2186.9298556360814,2103.6975667267607
55.946078420536764,-3.189997470833849,WSW,55.945963615507054,-3.1902746346936026,2186.9298556360814,2102.4475667267607
55.945963615507054,-3.1902746346936026,WSW,55.945848810477344,-3.190551798553356,2186.9298556360814,2101.1975667267607
55.945848810477344,-3.190551798553356,W,55.945848810477344,-3.190851798553356,2186.9298556360814,2099.9475667267607
55.945848810477344,-3.190851798553356,WSW,55.94573400544763,-3.1911289624131096,2186.9298556360814,2098.6975667267607
55.94573400544763,-3.1911289624131096,W,55.94573400544763,-3.19142896241311,2186.9298556360814,2097.4475667267607
55.94573400544763,-3.19142896241311,WSW,55.94561920041792,-3.191706126272863,2186.9298556360814,2096.1975667267607
55.94561920041792,-3.191706126272863,W,55.94561920041792,-3.1920061262728634,2248.169614472626,2213.916495881094
55.94561920041792,-3.1920061262728634,SSE,55.945342036558166,-3.191891321243154,2248.169614472626,2212.666495881094
55.945342036558166,-3.191891321243154,SSE,55.94506487269841,-3.1917765162134444,2248.169614472626,2211.416495881094
55.94506487269841,-3.1917765162134444,SSE,55.94478770883865,-3.191661711183735,2248.169614472626,2210.166495881094
55.94478770883865,-3.191661711183735,SSE,55.9445105449789,-3.1915469061540254,2248.169614472626,2208.916495881094
55.9445105449789,-3.1915469061540254,SSE,55.94423338111914,-3.191432101124316,2306.096737270235,2301.7653325224737
55.94423338111914,-3.191432101124316,SE,55.944021249084784,-3.19121996908996,2306.096737270235,2300.5153325224737
55.944021249084784,-3.19121996908996,ESE,55.943906444055074,-3.1909428052302067,2381.777537476936,2313.3024036020547
55.943906444055074,-3.1909428052302067,W,55.943906444055074,-3.191242805230207,2381.777537476936,2312.0524036020547
55.943906444055074,-3.191242805230207,S,55.94360644405507,-3.191242805230207,2381.777537476936,2310.8024036020547
55.94360644405507,-3.191242805230207,SSW,55.943329280195314,-3.1913576102599164,2381.777537476936,2309.5524036020547
55.943329280195314,-3.1913576102599164,W,55.943329280195314,-3.1916576102599166,2381.777537476936,2308.3024036020547
55.943329280195314,-3.1916576102599166,WNW,55.943444085225025,-3.19193477411967,2381.777537476936,2307.0524036020547
55.943444085225025,-3.19193477411967,NW,55.94365621725938,-3.1921469061540257,2467.0796311390027,2317.5392344936977
55.94365621725938,-3.1921469061540257,SE,55.943444085225025,-3.19193477411967,2467.0796311390027,2316.2892344936977
55.943444085225025,-3.19193477411967,NW,55.94365621725938,-3.1921469061540257,2467.0796311390027,2315.0392344936977
55.94365621725938,-3.1921469061540257,SE,55.943444085225025,-3.19193477411967,2467.0796311390027,2313.7892344936977
55.943444085225025,-3.19193477411967,NW,55.94365621725938,-3.1921469061540257,2467.0796311390027,2312.5392344936977
55.94365621725938,-3.1921469061540257,SE,55.943444085225025,-3.19193477411967,2467.0796311390027,2311.2892344936977
55.943444085225025,-3.19193477411967,NW,55.94365621725938,-3.1921469061540257,2467.0796311390027,2310.0392344936977
55.94365621725938,-3.1921469061540257,SE,55.943444085225025,-3.19193477411967,2467.0796311390027,2308.7892344936977
55.943444085225025,-3.19193477411967,NW,55.94365621725938,-3.1921469061540257,2467.0796311390027,2307.5392344936977
55.94365621725938,-3.1921469061540257,SE,55.943444085225025,-3.19193477411967,2467.0796311390027,2306.2892344936977
55.943444085225025,-3.19193477411967,NW,55.94365621725938,-3.1921469061540257,2467.0796311390027,2305.0392344936977
55.94365621725938,-3.1921469061540257,SE,55.943444085225025,-3.19193477411967,2467.0796311390027,2303.7892344936977
55.943444085225025,-3.19193477411967,NW,55.94365621725938,-3.1921469061540257,2467.0796311390027,2302.5392344936977
55.94365621725938,-3.1921469061540257,SE,55.943444085225025,-3.19193477411967,2467.0796311390027,2301.2892344936977
55.943444085225025,-3.19193477411967,NW,55.94365621725938,-3.1921469061540257,2467.0796311390027,2300.0392344936977
55.94365621725938,-3.1921469061540257,SE,55.943444085225025,-3.19193477411967,2467.0796311390027,2298.7892344936977
55.943444085225025,-3.19193477411967,NW,55.94365621725938,-3.1921469061540257,2467.0796311390027,2297.5392344936977
55.94365621725938,-3.1921469061540257,SE,55.943444085225025,-3.19193477411967,2467.0796311390027,2296.2892344936977
55.943444085225025,-3.19193477411967,NW,55.94365621725938,-3.1921469061540257,2467.0796311390027,2295.0392344936977
55.94365621725938,-3.1921469061540257,SE,55.943444085225025,-3.19193477411967,2467.0796311390027,2293.7892344936977
55.943444085225025,-3.19193477411967,NW,55.94365621725938,-3.1921469061540257,2467.0796311390027,2292.5392344936977
55.94365621725938,-3.1921469061540257,SE,55.943444085225025,-3.19193477411967,2467.0796311390027,2291.2892344936977
55.943444085225025,-3.19193477411967,NW,55.94365621725938,-3.1921469061540257,2467.0796311390027,2290.0392344936977
55.94365621725938,-3.1921469061540257,SE,55.943444085225025,-3.19193477411967,2467.0796311390027,2288.7892344936977
55.943444085225025,-3.19193477411967,NW,55.94365621725938,-3.1921469061540257,2467.0796311390027,2287.5392344936977
55.94365621725938,-3.1921469061540257,SE,55.943444085225025,-3.19193477411967,2467.0796311390027,2286.2892344936977
55.943444085225025,-3.19193477411967,NW,55.94365621725938,-3.1921469061540257,2467.0796311390027,2285.0392344936977
55.94365621725938,-3.1921469061540257,SE,55.943444085225025,-3.19193477411967,2467.0796311390027,2283.7892344936977
55.943444085225025,-3.19193477411967,NW,55.94365621725938,-3.1921469061540257,2467.0796311390027,2282.5392344936977
55.94365621725938,-3.1921469061540257,SE,55.943444085225025,-3.19193477411967,2467.0796311390027,2281.2892344936977
55.943444085225025,-3.19193477411967,NW,55.94365621725938,-3.1921469061540257,2467.0796311390027,2280.0392344936977
55.94365621725938,-3.1921469061540257,SE,55.943444085225025,-3.19193477411967,2467.0796311390027,2278.7892344936977
55.943444085225025,-3.19193477411967,NW,55.94365621725938,-3.1921469061540257,2467.0796311390027,2277.5392344936977
55.94365621725938,-3.1921469061540257,SE,55.943444085225025,-3.19193477411967,2467.0796311390027,2276.2892344936977
55.943444085225025,-3.19193477411967,NW,55.94365621725938,-3.1921469061540257,2467.0796311390027,2275.0392344936977
55.94365621725938,-3.1921469061540257,SE,55.943444085225025,-3.19193477411967,2467.0796311390027,2273.7892344936977
55.943444085225025,-3.19193477411967,NW,55.94365621725938,-3.1921469061540257,2467.0796311390027,2272.5392344936977
55.94365621725938,-3.1921469061540257,SE,55.943444085225025,-3.19193477411967,2467.0796311390027,2271.2892344936977
55.943444085225025,-3.19193477411967,NW,55.94365621725938,-3.1921469061540257,2467.0796311390027,2270.0392344936977
55.94365621725938,-3.1921469061540257,SE,55.943444085225025,-3.19193477411967,2467.0796311390027,2268.7892344936977
55.943444085225025,-3.19193477411967,NW,55.94365621725938,-3.1921469061540257,2467.0796311390027,2267.5392344936977
55.94365621725938,-3.1921469061540257,SE,55.943444085225025,-3.19193477411967,2467.0796311390027,2266.2892344936977
55.943444085225025,-3.19193477411967,NW,55.94365621725938,-3.1921469061540257,2467.0796311390027,2265.0392344936977
55.94365621725938,-3.1921469061540257,SE,55.943444085225025,-3.19193477411967,2467.0796311390027,2263.7892344936977
55.943444085225025,-3.19193477411967,NW,55.94365621725938,-3.1921469061540257,2467.0796311390027,2262.5392344936977
55.94365621725938,-3.1921469061540257,SE,55.943444085225025,-3.19193477411967,2467.0796311390027,2261.2892344936977
55.943444085225025,-3.19193477411967,NW,55.94365621725938,-3.1921469061540257,2467.0796311390027,2260.0392344936977
55.94365621725938,-3.1921469061540257,SE,55.943444085225025,-3.19193477411967,2467.0796311390027,2258.7892344936977
55.943444085225025,-3.19193477411967,NW,55.94365621725938,-3.1921469061540257,2467.0796311390027,2257.5392344936977
55.94365621725938,-3.1921469061540257,SE,55.943444085225025,-3.19193477411967,2467.0796311390027,2256.2892344936977
55.943444085225025,-3.19193477411967,NW,55.94365621725938,-3.1921469061540257,2467.0796311390027,2255.0392344936977
55.94365621725938,-3.1921469061540257,SE,55.943444085225025,-3.19193477411967,2467.0796311390027,2253.7892344936977
55.943444085225025,-3.19193477411967,NW,55.94365621725938,-3.1921469061540257,2467.0796311390027,2252.5392344936977
55.94365621725938,-3.1921469061540257,SE,55.943444085225025,-3.19193477411967,2467.0796311390027,2251.2892344936977
55.943444085225025,-3.19193477411967,NW,55.94365621725938,-3.1921469061540257,2467.0796311390027,2250.0392344936977
55.94365621725938,-3.1921469061540257,SE,55.943444085225025,-3.19193477411967,2467.0796311390027,2248.7892344936977
55.943444085225025,-3.19193477411967,NW,55.94365621725938,-3.1921469061540257,2467.0796311390027,2247.5392344936977
55.94365621725938,-3.1921469061540257,SE,55.943444085225025,-3.19193477411967,2467.0796311390027,2246.2892344936977
55.943444085225025,-3.19193477411967,NW,55.94365621725938,-3.1921469061540257,2467.0796311390027,2245.0392344936977
55.94365621725938,-3.1921469061540257,SE,55.943444085225025,-3.19193477411967,2467.0796311390027,2243.7892344936977
55.943444085225025,-3.19193477411967,NW,55.94365621725938,-3.1921469061540257,2467.0796311390027,2242.5392344936977
55.94365621725938,-3.1921469061540257,SE,55.943444085225025,-3.19193477411967,2467.0796311390027,2241.2892344936977
55.943444085225025,-3.19193477411967,NW,55.94365621725938,-3.1921469061540257,2467.0796311390027,2240.0392344936977
55.94365621725938,-3.1921469061540257,SE,55.943444085225025,-3.19193477411967,2467.0796311390027,2238.7892344936977
55.943444085225025,-3.19193477411967,NW,55.94365621725938,-3.1921469061540257,2467.0796311390027,2237.5392344936977
55.94365621725938,-3.1921469061540257,SE,55.943444085225025,-3.19193477411967,2467.0796311390027,2236.2892344936977
55.943444085225025,-3.19193477411967,NW,55.94365621725938,-3.1921469061540257,2467.0796311390027,2235.0392344936977
55.94365621725938,-3.1921469061540257,SE,55.943444085225025,-3.19193477411967,2467.0796311390027,2233.7892344936977
55.943444085225025,-3.19193477411967,NW,55.94365621725938,-3.1921469061540257,2467.0796311390027,2232.5392344936977
55.94365621725938,-3.1921469061540257,SE,55.943444085225025,-3.19193477411967,2467.0796311390027,2231.2892344936977
55.943444085225025,-3.19193477411967,NW,55.94365621725938,-3.1921469061540257,2467.0796311390027,2230.0392344936977
55.94365621725938,-3.1921469061540257,SE,55.943444085225025,-3.19193477411967,2467.0796311390027,2228.7892344936977
55.943444085225025,-3.19193477411967,NW,55.94365621725938,-3.1921469061540257,2467.0796311390027,2227.5392344936977
55.94365621725938,-3.1921469061540257,SE,55.943444085225025,-3.19193477411967,2467.0796311390027,2226.2892344936977
55.943444085225025,-3.19193477411967,NW,55.94365621725938,-3.1921469061540257,2467.0796311390027,2225.0392344936977
55.94365621725938,-3.1921469061540257,SE,55.943444085225025,-3.19193477411967,2467.0796311390027,2223.7892344936977
55.943444085225025,-3.19193477411967,NW,55.94365621725938,-3.1921469061540257,2467.0796311390027,2222.5392344936977
55.94365621725938,-3.1921469061540257,SE,55.943444085225025,-3.19193477411967,2467.0796311390027,2221.2892344936977
55.943444085225025,-3.19193477411967,NW,55.94365621725938,-3.1921469061540257,2467.0796311390027,2220.0392344936977
55.94365621725938,-3.1921469061540257,SE,55.943444085225025,-3.19193477411967,2467.0796311390027,2218.7892344936977
55.943444085225025,-3.19193477411967,NW,55.94365621725938,-3.1921469061540257,2467.0796311390027,2217.5392344936977
55.94365621725938,-3.1921469061540257,SE,55.943444085225025,-3.19193477411967,2467.0796311390027,2216.2892344936977
55.943444085225025,-3.19193477411967,NW,55.94365621725938,-3.1921469061540257,2467.0796311390027,2215.0392344936977
55.94365621725938,-3.1921469061540257,SE,55.943444085225025,-3.19193477411967,2467.0796311390027,2213.7892344936977
55.943444085225025,-3.19193477411967,NW,55.94365621725938,-3.1921469061540257,2467.0796311390027,2212.5392344936977
55.94365621725938,-3.1921469061540257,SE,55.943444085225025,-3.19193477411967,2467.0796311390027,2211.2892344936977
55.943444085225025,-3.19193477411967,NW,55.94365621725938,-3.1921469061540257,2467.0796311390027,2210.0392344936977
55.94365621725938,-3.1921469061540257,SE,55.943444085225025,-3.19193477411967,2467.0796311390027,2208.7892344936977
55.943444085225025,-3.19193477411967,NW,55.94365621725938,-3.1921469061540257,2467.0796311390027,2207.5392344936977
55.94365621725938,-3.1921469061540257,SE,55.943444085225025,-3.19193477411967,2467.0796311390027,2206.2892344936977
55.943444085225025,-3.19193477411967,NW,55.94365621725938,-3.1921469061540257,2467.0796311390027,2205.0392344936977
55.94365621725938,-3.1921469061540257,SE,55.943444085225025,-3.19193477411967,2467.0796311390027,2203.7892344936977
55.943444085225025,-3.19193477411967,NW,55.94365621725938,-3.1921469061540257,2467.0796311390027,2202.5392344936977
55.94365621725938,-3.1921469061540257,SE,55.943444085225025,-3.19193477411967,2467.0796311390027,2201.2892344936977
55.943444085225025,-3.19193477411967,NW,55.94365621725938,-3.1921469061540257,2467.0796311390027,2200.0392344936977
55.94365621725938,-3.1921469061540257,SE,55.943444085225025,-3.19193477411967,2467.0796311390027,2198.7892344936977
55.943444085225025,-3.19193477411967,NW,55.94365621725938,-3.1921469061540257,2467.0796311390027,2197.5392344936977
55.94365621725938,-3.1921469061540257,SE,55.943444085225025,-3.19193477411967,2467.0796311390027,2196.2892344936977
55.943444085225025,-3.19193477411967,NW,55.94365621725938,-3.1921469061540257,2467.0796311390027,2195.0392344936977
55.94365621725938,-3.1921469061540257,SE,55.943444085225025,-3.19193477411967,2467.0796311390027,2193.7892344936977
55.943444085225025,-3.19193477411967,NW,55.94365621725938,-3.1921469061540257,2467.0796311390027,2192.5392344936977
55.94365621725938,-3.1921469061540257,SE,55.943444085225025,-3.19193477411967,2467.0796311390027,2191.2892344936977
55.943444085225025,-3.19193477411967,NW,55.94365621725938,-3.1921469061540257,2467.0796311390027,2190.0392344936977
55.94365621725938,-3.1921469061540257,SE,55.943444085225025,-3.19193477411967,2467.0796311390027,2188.7892344936977
55.943444085225025,-3.19193477411967,NW,55.94365621725938,-3.1921469061540257,2467.0796311390027,2187.5392344936977
55.94365621725938,-3.1921469061540257,SE,55.943444085225025,-3.19193477411967,2467.0796311390027,2186.2892344936977
55.943444085225025,-3.19193477411967,NW,55.94365621725938,-3.1921469061540257,2467.0796311390027,2185.0392344936977
55.94365621725938,-3.1921469061540257,SE,55.943444085225025,-3.19193477411967,2467.0796311390027,2183.7892344936977
55.943444085225025,-3.19193477411967,NW,55.94365621725938,-3.1921469061540257,2467.0796311390027,2182.5392344936977
55.94365621725938,-3.1921469061540257,SE,55.943444085225025,-3.19193477411967,2467.0796311390027,2181.2892344936977
55.943444085225025,-3.19193477411967,NW,55.94365621725938,-3.1921469061540257,2467.0796311390027,2180.0392344936977
55.94365621725938,-3.1921469061540257,SE,55.943444085225025,-3.19193477411967,2467.0796311390027,2178.7892344936977
55.943444085225025,-3.19193477411967,NW,55.94365621725938,-3.1921469061540257,2467.0796311390027,2177.5392344936977
55.94365621725938,-3.1921469061540257,SE,55.943444085225025,-3.19193477411967,2467.0796311390027,2176.2892344936977
55.943444085225025,-3.19193477411967,NW,55.94365621725938,-3.1921469061540257,2467.0796311390027,2175.0392344936977
55.94365621725938,-3.1921469061540257,SE,55.943444085225025,-3.19193477411967,2467.0796311390027,2173.7892344936977
55.943444085225025,-3.19193477411967,NW,55.94365621725938,-3.1921469061540257,2467.0796311390027,2172.5392344936977
55.94365621725938,-3.1921469061540257,SE,55.943444085225025,-3.19193477411967,2467.0796311390027,2171.2892344936977
55.943444085225025,-3.19193477411967,NW,55.94365621725938,-3.1921469061540257,2467.0796311390027,2170.0392344936977
55.94365621725938,-3.1921469061540257,SE,55.943444085225025,-3.19193477411967,2467.0796311390027,2168.7892344936977
55.943444085225025,-3.19193477411967,NW,55.94365621725938,-3.1921469061540257,2467.0796311390027,2167.5392344936977
55.94365621725938,-3.1921469061540257,SE,55.943444085225025,-3.19193477411967,2467.0796311390027,2166.2892344936977
55.943444085225025,-3.19193477411967,NW,55.94365621725938,-3.1921469061540257,2467.0796311390027,2165.0392344936977
55.94365621725938,-3.1921469061540257,SE,55.943444085225025,-3.19193477411967,2467.0796311390027,2163.7892344936977
55.943444085225025,-3.19193477411967,NW,55.94365621725938,-3.1921469061540257,2467.0796311390027,2162.5392344936977
55.94365621725938,-3.1921469061540257,SE,55.943444085225025,-3.19193477411967,2467.0796311390027,2161.2892344936977
55.943444085225025,-3.19193477411967,NW,55.94365621725938,-3.1921469061540257,2467.0796311390027,2160.0392344936977
55.94365621725938,-3.1921469061540257,SE,55.943444085225025,-3.19193477411967,2467.0796311390027,2158.7892344936977
55.943444085225025,-3.19193477411967,NW,55.94365621725938,-3.1921469061540257,2467.0796311390027,2157.5392344936977
55.94365621725938,-3.1921469061540257,SE,55.943444085225025,-3.19193477411967,2467.0796311390027,2156.2892344936977
55.943444085225025,-3.19193477411967,NW,55.94365621725938,-3.1921469061540257,2467.0796311390027,2155.0392344936977
55.94365621725938,-3.1921469061540257,SE,55.943444085225025,-3.19193477411967,2467.0796311390027,2153.7892344936977
55.943444085225025,-3.19193477411967,NW,55.94365621725938,-3.1921469061540257,2467.0796311390027,2152.5392344936977
55.94365621725938,-3.1921469061540257,SE,55.943444085225025,-3.19193477411967,2467.0796311390027,2151.2892344936977
55.943444085225025,-3.19193477411967,NW,55.94365621725938,-3.1921469061540257,2467.0796311390027,2150.0392344936977
55.94365621725938,-3.1921469061540257,SE,55.943444085225025,-3.19193477411967,2467.0796311390027,2148.7892344936977
55.943444085225025,-3.19193477411967,NW,55.94365621725938,-3.1921469061540257,2467.0796311390027,2147.5392344936977
55.94365621725938,-3.1921469061540257,SE,55.943444085225025,-3.19193477411967,2467.0796311390027,2146.2892344936977
55.943444085225025,-3.19193477411967,NW,55.94365621725938,-3.1921469061540257,2467.0796311390027,2145.0392344936977
55.94365621725938,-3.1921469061540257,SE,55.943444085225025,-3.19193477411967,2467.0796311390027,2143.7892344936977
55.943444085225025,-3.19193477411967,NW,55.94365621725938,-3.1921469061540257,2467.0796311390027,2142.5392344936977
55.94365621725938,-3.1921469061540257,SE,55.943444085225025,-3.19193477411967,2467.0796311390027,2141.2892344936977
55.943444085225025,-3.19193477411967,NW,55.94365621725938,-3.1921469061540257,2467.0796311390027,2140.0392344936977
55.94365621725938,-3.1921469061540257,SE,55.943444085225025,-3.19193477411967,2467.0796311390027,2138.7892344936977
55.943444085225025,-3.19193477411967,NW,55.94365621725938,-3.1921469061540257,2467.0796311390027,2137.5392344936977
55.94365621725938,-3.1921469061540257,SE,55.943444085225025,-3.19193477411967,2467.0796311390027,2136.2892344936977
55.943444085225025,-3.19193477411967,NW,55.94365621725938,-3.1921469061540257,2467.0796311390027,2135.0392344936977
55.94365621725938,-3.1921469061540257,SE,55.943444085225025,-3.19193477411967,2467.0796311390027,2133.7892344936977
55.943444085225025,-3.19193477411967,NW,55.94365621725938,-3.1921469061540257,2467.0796311390027,2132.5392344936977
55.94365621725938,-3.1921469061540257,SE,55.943444085225025,-3.19193477411967,2467.0796311390027,2131.2892344936977
55.943444085225025,-3.19193477411967,NW,55.94365621725938,-3.1921469061540257,2467.0796311390027,2130.0392344936977
55.94365621725938,-3.1921469061540257,SE,55.943444085225025,-3.19193477411967,2467.0796311390027,2128.7892344936977
55.943444085225025,-3.19193477411967,NW,55.94365621725938,-3.1921469061540257,2467.0796311390027,2127.5392344936977
