55.944425,-3.188396,NNW,55.94470216385976,-3.1885108050297095,25.650387981477078,315.78798082213314
55.94470216385976,-3.1885108050297095,WNW,55.94481696888947,-3.188787968889463,69.76735018921333,368.97112844387135
55.94481696888947,-3.188787968889463,SSE,55.94453980502971,-3.1886731638597534,69.76735018921333,367.72112844387135
55.94453980502971,-3.1886731638597534,SSE,55.944262641169956,-3.188558358830044,69.76735018921333,366.47112844387135
55.944262641169956,-3.188558358830044,S,55.94396264116995,-3.188558358830044,104.59709018616915,466.2431296596079
55.94396264116995,-3.188558358830044,ESE,55.94384783614024,-3.1882811949702905,123.91464726244328,498.6706131991499
55.94384783614024,-3.1882811949702905,NE,55.9440599681746,-3.1880690629359347,123.91464726244328,497.4206131991499
55.9440599681746,-3.1880690629359347,NE,55.944272100208956,-3.187856930901579,225.3104100068991,553.7872437932664
55.944272100208956,-3.187856930901579,NNE,55.94454926406871,-3.1877421258718694,225.3104100068991,552.5372437932664
55.94454926406871,-3.1877421258718694,NNE,55.94482642792847,-3.18762732084216,225.3104100068991,551.2872437932664
55.94482642792847,-3.18762732084216,NW,55.945038559962825,-3.1878394528765157,225.3104100068991,550.0372437932664
55.945038559962825,-3.1878394528765157,N,55.94533855996283,-3.1878394528765157,225.3104100068991,548.7872437932664
55.94533855996283,-3.1878394528765157,E,55.94533855996283,-3.1875394528765155,235.30864658980585,549.9256658027252
55.94533855996283,-3.1875394528765155,WNW,55.94545336499254,-3.187816616736269,307.3005377552478,572.2512369672704
55.94545336499254,-3.187816616736269,N,55.94575336499254,-3.187816616736269,307.3005377552478,571.0012369672704
55.94575336499254,-3.187816616736269,N,55.946053364992544,-3.187816616736269,317.0116784468064,682.7464817426196
55.946053364992544,-3.187816616736269,ESE,55.94593855996283,-3.1875394528765155,317.0116784468064,681.4964817426196
55.94593855996283,-3.1875394528765155,ESE,55.94582375493312,-3.187262289016762,317.0116784468064,680.2464817426196
55.94582375493312,-3.187262289016762,SE,55.94561162289877,-3.1870501569824063,317.0116784468064,678.9964817426196
55.94561162289877,-3.1870501569824063,ESE,55.945496817869056,-3.186772993122653,344.0753059323282,800.3376117000606
55.945496817869056,-3.186772993122653,SE,55.9452846858347,-3.186560861088297,344.0753059323282,799.0876117000606
55.9452846858347,-3.186560861088297,ENE,55.94539949086441,-3.1862836972285438,460.80249699207184,859.8830228834018
55.94539949086441,-3.1862836972285438,SE,55.945187358830054,-3.186071565194188,488.74971853791766,950.352828572058
55.945187358830054,-3.186071565194188,SE,55.9449752267957,-3.185859433159832,589.6762197333741,1067.5057657902569
55.9449752267957,-3.185859433159832,S,55.944675226795695,-3.185859433159832,589.6762197333741,1066.2557657902569
55.944675226795695,-3.185859433159832,S,55.94437522679569,-3.185859433159832,696.5721305749703,1160.6516769918003
55.94437522679569,-3.185859433159832,SW,55.944163094761336,-3.186071565194188,708.04996549263,1199.994783050951
55.944163094761336,-3.186071565194188,W,55.944163094761336,-3.186371565194188,830.8300506132178,1246.820080413888
55.944163094761336,-3.186371565194188,NNW,55.94444025862109,-3.1864863702238977,830.8300506132178,1245.570080413888
55.94444025862109,-3.1864863702238977,NNW,55.94471742248085,-3.186601175253607,830.8300506132178,1244.320080413888
55.94471742248085,-3.186601175253607,N,55.94501742248085,-3.186601175253607,846.4345542270239,1347.6937210130563
55.94501742248085,-3.186601175253607,NNE,55.94529458634061,-3.1864863702238977,846.4345542270239,1346.4437210130563
55.94529458634061,-3.1864863702238977,NW,55.945506718374965,-3.1866985022582535,846.4345542270239,1345.1937210130563
55.945506718374965,-3.1866985022582535,NE,55.94571885040932,-3.1864863702238977,846.4345542270239,1343.9437210130563
55.94571885040932,-3.1864863702238977,ENE,55.94583365543903,-3.1862092063641443,936.3951997740111,1362.1990695716065
55.94583365543903,-3.1862092063641443,E,55.94583365543903,-3.185909206364144,938.8178540709914,1379.3086060523112
55.94583365543903,-3.185909206364144,E,55.94583365543903,-3.185609206364144,938.8178540709914,1378.0586060523112
55.94583365543903,-3.185609206364144,E,55.94583365543903,-3.1853092063641437,938.8178540709914,1376.8086060523112
55.94583365543903,-3.1853092063641437,ENE,55.94594846046874,-3.1850320425043903,938.8178540709914,1375.5586060523112
55.94594846046874,-3.1850320425043903,E,55.94594846046874,-3.18473204250439,938.8178540709914,1374.3086060523112
55.94594846046874,-3.18473204250439,ENE,55.94606326549845,-3.1844548786446367,939.3665057972593,1424.135554563349
55.94606326549845,-3.1844548786446367,S,55.94576326549845,-3.1844548786446367,939.3665057972593,1422.885554563349
55.94576326549845,-3.1844548786446367,WSW,55.94564846046874,-3.18473204250439,939.3665057972593,1421.635554563349
55.94564846046874,-3.18473204250439,ESE,55.94553365543903,-3.1844548786446367,939.3665057972593,1420.385554563349
55.94553365543903,-3.1844548786446367,W,55.94553365543903,-3.184754878644637,939.3665057972593,1419.135554563349
55.94553365543903,-3.184754878644637,ENE,55.94564846046874,-3.1844777147848835,939.3665057972593,1417.885554563349
55.94564846046874,-3.1844777147848835,W,55.94564846046874,-3.1847777147848837,939.3665057972593,1416.635554563349
55.94564846046874,-3.1847777147848837,SSW,55.94537129660898,-3.184892519814593,939.3665057972593,1415.385554563349
55.94537129660898,-3.184892519814593,S,55.94507129660898,-3.184892519814593,939.3665057972593,1414.135554563349
55.94507129660898,-3.184892519814593,SW,55.94485916457462,-3.185104651848949,939.3665057972593,1412.885554563349
55.94485916457462,-3.185104651848949,E,55.94485916457462,-3.184804651848949,939.3665057972593,1411.635554563349
55.94485916457462,-3.184804651848949,ENE,55.944973969604334,-3.1845274879891954,1017.5585445840904,1456.5167239415773
55.944973969604334,-3.1845274879891954,SSW,55.94469680574458,-3.184642293018905,1017.5585445840904,1455.2667239415773
55.94469680574458,-3.184642293018905,S,55.944396805744574,-3.184642293018905,1017.5585445840904,1454.0167239415773
55.944396805744574,-3.184642293018905,SSW,55.94411964188482,-3.1847570980486144,1017.5585445840904,1452.7667239415773
55.94411964188482,-3.1847570980486144,S,55.943819641884815,-3.1847570980486144,1017.5585445840904,1451.5167239415773
55.943819641884815,-3.1847570980486144,SSW,55.94354247802506,-3.184871903078324,1081.3716751349127,1518.0650392688142
55.94354247802506,-3.184871903078324,SSW,55.9432653141653,-3.1849867081080334,1081.3716751349127,1516.8150392688142
55.9432653141653,-3.1849867081080334,SSW,55.942988150305546,-3.185101513137743,1122.8138553710692,1580.0845538108933
55.942988150305546,-3.185101513137743,SW,55.94277601827119,-3.1853136451720987,1155.5843878113358,1629.8515833163963
55.94277601827119,-3.1853136451720987,ENE,55.9428908233009,-3.1850364813123453,1155.5843878113358,1628.6015833163963
55.9428908233009,-3.1850364813123453,ENE,55.94300562833061,-3.184759317452592,1155.5843878113358,1627.3515833163963
55.94300562833061,-3.184759317452592,ENE,55.94312043336032,-3.1844821535928385,1157.5004006199788,1687.3817115652548
55.94312043336032,-3.1844821535928385,W,55.94312043336032,-3.1847821535928387,1157.5004006199788,1686.1317115652548
55.94312043336032,-3.1847821535928387,W,55.94312043336032,-3.185082153592839,1157.5004006199788,1684.8817115652548
55.94312043336032,-3.185082153592839,W,55.94312043336032,-3.185382153592839,1157.5004006199788,1683.6317115652548
55.94312043336032,-3.185382153592839,W,55.94312043336032,-3.1856821535928392,1157.5004006199788,1682.3817115652548
55.94312043336032,-3.1856821535928392,W,55.94312043336032,-3.1859821535928394,1157.5004006199788,1681.1317115652548
55.94312043336032,-3.1859821535928394,W,55.94312043336032,-3.1862821535928396,1157.5004006199788,1679.8817115652548
55.94312043336032,-3.1862821535928396,W,55.94312043336032,-3.18658215359284,1157.5004006199788,1678.6317115652548
55.94312043336032,-3.18658215359284,W,55.94312043336032,-3.18688215359284,1157.5004006199788,1677.3817115652548
55.94312043336032,-3.18688215359284,ESE,55.94300562833061,-3.1866049897330866,1157.5004006199788,1676.1317115652548
55.94300562833061,-3.1866049897330866,NW,55.943217760364966,-3.1868171217674424,1157.5004006199788,1674.8817115652548
55.943217760364966,-3.1868171217674424,WSW,55.943102955335256,-3.1870942856271958,1157.5004006199788,1673.6317115652548
55.943102955335256,-3.1870942856271958,W,55.943102955335256,-3.187394285627196,1157.5004006199788,1672.3817115652548
55.943102955335256,-3.187394285627196,WSW,55.942988150305546,-3.1876714494869494,1194.2838240446981,1765.2525440740612
55.942988150305546,-3.1876714494869494,WNW,55.943102955335256,-3.1879486133467028,1194.2838240446981,1764.0025440740612
55.943102955335256,-3.1879486133467028,NW,55.94331508736961,-3.1881607453810585,1194.2838240446981,1762.7525440740612
55.94331508736961,-3.1881607453810585,WNW,55.94342989239932,-3.188437909240812,1194.2838240446981,1761.5025440740612
55.94342989239932,-3.188437909240812,NW,55.94364202443368,-3.1886500412751677,1194.2838240446981,1760.2525440740612
55.94364202443368,-3.1886500412751677,WNW,55.94375682946339,-3.188927205134921,1293.2278170527686,1784.2166687078472
55.94375682946339,-3.188927205134921,WNW,55.9438716344931,-3.1892043689946745,1293.2278170527686,1782.9666687078472
55.9438716344931,-3.1892043689946745,W,55.9438716344931,-3.1895043689946747,1293.2278170527686,1781.7166687078472
55.9438716344931,-3.1895043689946747,WNW,55.94398643952281,-3.189781532854428,1293.2278170527686,1780.4666687078472
55.94398643952281,-3.189781532854428,W,55.94398643952281,-3.1900815328544283,1293.2278170527686,1779.2166687078472
55.94398643952281,-3.1900815328544283,WNW,55.94410124455252,-3.1903586967141817,1293.2278170527686,1777.9666687078472
55.94410124455252,-3.1903586967141817,W,55.94410124455252,-3.190658696714182,1385.6569789771631,1831.3286267578185
55.94410124455252,-3.190658696714182,NW,55.94431337658688,-3.1908708287485377,1508.9795937265594,1924.6657487026362
55.94431337658688,-3.1908708287485377,NNE,55.94459054044663,-3.190756023718828,1517.2949767978992,2031.5430642414547
55.94459054044663,-3.190756023718828,NW,55.94480267248099,-3.190968155753184,1560.574740284433,2042.92377844704
55.94480267248099,-3.190968155753184,NNE,55.945079836340746,-3.1908533507234744,1560.574740284433,2041.67377844704
55.945079836340746,-3.1908533507234744,N,55.94537983634075,-3.1908533507234744,1560.574740284433,2040.42377844704
55.94537983634075,-3.1908533507234744,NNE,55.945657000200505,-3.190738545693765,1664.0820514441489,2099.750784667433
55.945657000200505,-3.190738545693765,WNW,55.945771805230216,-3.1910157095535183,1664.0820514441489,2098.500784667433
55.945771805230216,-3.1910157095535183,NW,55.94598393726457,-3.191227841587874,1672.3352999680599,2178.326174323152
55.94598393726457,-3.191227841587874,SW,55.945771805230216,-3.19143997362223,1672.3352999680599,2177.076174323152
55.945771805230216,-3.19143997362223,SSW,55.94549464137046,-3.1915547786519394,1672.3352999680599,2175.826174323152
55.94549464137046,-3.1915547786519394,SW,55.9452825093361,-3.191766910686295,1672.3352999680599,2174.576174323152
55.9452825093361,-3.191766910686295,SSW,55.945005345476346,-3.1918817157160047,1680.2348115008306,2269.5604584209605
55.945005345476346,-3.1918817157160047,SSE,55.94472818161659,-3.191766910686295,1680.2348115008306,2268.3104584209605
55.94472818161659,-3.191766910686295,SSE,55.94445101775683,-3.1916521056565856,1680.2348115008306,2267.0604584209605
55.94445101775683,-3.1916521056565856,S,55.94415101775683,-3.1916521056565856,1757.040135577467,2314.21217372701
55.94415101775683,-3.1916521056565856,SSE,55.943873853897074,-3.191537300626876,1757.040135577467,2312.96217372701
55.943873853897074,-3.191537300626876,SSE,55.94359669003732,-3.1914224955971666,1801.417842218128,2342.1392283764317
55.94359669003732,-3.1914224955971666,S,55.943296690037315,-3.1914224955971666,1801.417842218128,2340.8892283764317
55.943296690037315,-3.1914224955971666,SSE,55.94301952617756,-3.191307690567457,1801.417842218128,2339.6392283764317
55.94301952617756,-3.191307690567457,S,55.942719526177555,-3.191307690567457,1847.7297956842035,2412.4546268768017
55.942719526177555,-3.191307690567457,W,55.942719526177555,-3.1916076905674573,1847.7297956842035,2411.2046268768017
55.942719526177555,-3.1916076905674573,W,55.942719526177555,-3.1919076905674575,1847.7297956842035,2409.9546268768017
55.942719526177555,-3.1919076905674575,W,55.942719526177555,-3.1922076905674577,1942.2699224266814,2516.2579044902222
55.942719526177555,-3.1922076905674577,NNW,55.94299669003731,-3.192322495597167,2058.89725868876,2576.4528841483575
55.94299669003731,-3.192322495597167,SSE,55.942719526177555,-3.1922076905674577,2058.89725868876,2575.2028841483575
55.942719526177555,-3.1922076905674577,NNW,55.94299669003731,-3.192322495597167,2058.89725868876,2573.9528841483575
55.94299669003731,-3.192322495597167,SSE,55.942719526177555,-3.1922076905674577,2058.89725868876,2572.7028841483575
55.942719526177555,-3.1922076905674577,NNW,55.94299669003731,-3.192322495597167,2058.89725868876,2571.4528841483575
55.94299669003731,-3.192322495597167,SSE,55.942719526177555,-3.1922076905674577,2058.89725868876,2570.2028841483575
55.942719526177555,-3.1922076905674577,NNW,55.94299669003731,-3.192322495597167,2058.89725868876,2568.9528841483575
55.94299669003731,-3.192322495597167,SSE,55.942719526177555,-3.1922076905674577,2058.89725868876,2567.7028841483575
55.942719526177555,-3.1922076905674577,NNW,55.94299669003731,-3.192322495597167,2058.89725868876,2566.4528841483575
55.94299669003731,-3.192322495597167,SSE,55.942719526177555,-3.1922076905674577,2058.89725868876,2565.2028841483575
55.942719526177555,-3.1922076905674577,NNW,55.94299669003731,-3.192322495597167,2058.89725868876,2563.9528841483575
55.94299669003731,-3.192322495597167,SSE,55.942719526177555,-3.1922076905674577,2058.89725868876,2562.7028841483575
55.942719526177555,-3.1922076905674577,NNW,55.94299669003731,-3.192322495597167,2058.89725868876,2561.4528841483575
55.94299669003731,-3.192322495597167,SSE,55.942719526177555,-3.1922076905674577,2058.89725868876,2560.2028841483575
55.942719526177555,-3.1922076905674577,NNW,55.94299669003731,-3.192322495597167,2058.89725868876,2558.9528841483575
55.94299669003731,-3.192322495597167,SSE,55.942719526177555,-3.1922076905674577,2058.89725868876,2557.7028841483575
55.942719526177555,-3.1922076905674577,NNW,55.94299669003731,-3.192322495597167,2058.89725868876,2556.4528841483575
55.94299669003731,-3.192322495597167,SSE,55.942719526177555,-3.1922076905674577,2058.89725868876,2555.2028841483575
55.942719526177555,-3.1922076905674577,NNW,55.94299669003731,-3.192322495597167,2058.89725868876,2553.9528841483575
55.94299669003731,-3.192322495597167,SSE,55.942719526177555,-3.1922076905674577,2058.89725868876,2552.7028841483575
55.942719526177555,-3.1922076905674577,NNW,55.94299669003731,-3.192322495597167,2058.89725868876,2551.4528841483575
55.94299669003731,-3.192322495597167,SSE,55.942719526177555,-3.1922076905674577,2058.89725868876,2550.2028841483575
55.942719526177555,-3.1922076905674577,NNW,55.94299669003731,-3.192322495597167,2058.89725868876,2548.9528841483575
55.94299669003731,-3.192322495597167,SSE,55.942719526177555,-3.1922076905674577,2058.89725868876,2547.7028841483575
55.942719526177555,-3.1922076905674577,NNW,55.94299669003731,-3.192322495597167,2058.89725868876,2546.4528841483575
55.94299669003731,-3.192322495597167,SSE,55.942719526177555,-3.1922076905674577,2058.89725868876,2545.2028841483575
55.942719526177555,-3.1922076905674577,NNW,55.94299669003731,-3.192322495597167,2058.89725868876,2543.9528841483575
55.94299669003731,-3.192322495597167,SSE,55.942719526177555,-3.1922076905674577,2058.89725868876,2542.7028841483575
55.942719526177555,-3.1922076905674577,NNW,55.94299669003731,-3.192322495597167,2058.89725868876,2541.4528841483575
55.94299669003731,-3.192322495597167,SSE,55.942719526177555,-3.1922076905674577,2058.89725868876,2540.2028841483575
55.942719526177555,-3.1922076905674577,NNW,55.94299669003731,-3.192322495597167,2058.89725868876,2538.9528841483575
55.94299669003731,-3.192322495597167,SSE,55.942719526177555,-3.1922076905674577,2058.89725868876,2537.7028841483575
55.942719526177555,-3.1922076905674577,NNW,55.94299669003731,-3.192322495597167,2058.89725868876,2536.4528841483575
55.94299669003731,-3.192322495597167,SSE,55.942719526177555,-3.1922076905674577,2058.89725868876,2535.2028841483575
55.942719526177555,-3.1922076905674577,NNW,55.94299669003731,-3.192322495597167,2058.89725868876,2533.9528841483575
55.94299669003731,-3.192322495597167,SSE,55.942719526177555,-3.1922076905674577,2058.89725868876,2532.7028841483575
55.942719526177555,-3.1922076905674577,NNW,55.94299669003731,-3.192322495597167,2058.89725868876,2531.4528841483575
55.94299669003731,-3.192322495597167,SSE,55.942719526177555,-3.1922076905674577,2058.89725868876,2530.2028841483575
55.942719526177555,-3.1922076905674577,NNW,55.94299669003731,-3.192322495597167,2058.89725868876,2528.9528841483575
55.94299669003731,-3.192322495597167,SSE,55.942719526177555,-3.1922076905674577,2058.89725868876,2527.7028841483575
55.942719526177555,-3.1922076905674577,NNW,55.94299669003731,-3.192322495597167,2058.89725868876,2526.4528841483575
55.94299669003731,-3.192322495597167,SSE,55.942719526177555,-3.1922076905674577,2058.89725868876,2525.2028841483575
55.942719526177555,-3.1922076905674577,NNW,55.94299669003731,-3.192322495597167,2058.89725868876,2523.9528841483575
55.94299669003731,-3.192322495597167,SSE,55.942719526177555,-3.1922076905674577,2058.89725868876,2522.7028841483575
55.942719526177555,-3.1922076905674577,NNW,55.94299669003731,-3.192322495597167,2058.89725868876,2521.4528841483575
55.94299669003731,-3.192322495597167,SSE,55.942719526177555,-3.1922076905674577,2058.89725868876,2520.2028841483575
55.942719526177555,-3.1922076905674577,NNW,55.94299669003731,-3.192322495597167,2058.89725868876,2518.9528841483575
55.94299669003731,-3.192322495597167,SSE,55.942719526177555,-3.1922076905674577,2058.89725868876,2517.7028841483575
55.942719526177555,-3.1922076905674577,NNW,55.94299669003731,-3.192322495597167,2058.89725868876,2516.4528841483575
55.94299669003731,-3.192322495597167,SSE,55.942719526177555,-3.1922076905674577,2058.89725868876,2515.2028841483575
55.942719526177555,-3.1922076905674577,NNW,55.94299669003731,-3.192322495597167,2058.89725868876,2513.9528841483575
55.94299669003731,-3.192322495597167,SSE,55.942719526177555,-3.1922076905674577,2058.89725868876,2512.7028841483575
55.942719526177555,-3.1922076905674577,NNW,55.94299669003731,-3.192322495597167,2058.89725868876,2511.4528841483575
55.94299669003731,-3.192322495597167,SSE,55.942719526177555,-3.1922076905674577,2058.89725868876,2510.2028841483575
55.942719526177555,-3.1922076905674577,NNW,55.94299669003731,-3.192322495597167,2058.89725868876,2508.9528841483575
55.94299669003731,-3.192322495597167,SSE,55.942719526177555,-3.1922076905674577,2058.89725868876,2507.7028841483575
55.942719526177555,-3.1922076905674577,NNW,55.94299669003731,-3.192322495597167,2058.89725868876,2506.4528841483575
55.94299669003731,-3.192322495597167,SSE,55.942719526177555,-3.1922076905674577,2058.89725868876,2505.2028841483575
55.942719526177555,-3.1922076905674577,NNW,55.94299669003731,-3.192322495597167,2058.89725868876,2503.9528841483575
55.94299669003731,-3.192322495597167,SSE,55.942719526177555,-3.1922076905674577,2058.89725868876,2502.7028841483575
55.942719526177555,-3.1922076905674577,NNW,55.94299669003731,-3.192322495597167,2058.89725868876,2501.4528841483575
55.94299669003731,-3.192322495597167,SSE,55.942719526177555,-3.1922076905674577,2058.89725868876,2500.2028841483575
55.942719526177555,-3.1922076905674577,NNW,55.94299669003731,-3.192322495597167,2058.89725868876,2498.9528841483575
55.94299669003731,-3.192322495597167,SSE,55.942719526177555,-3.1922076905674577,2058.89725868876,2497.7028841483575
55.942719526177555,-3.1922076905674577,NNW,55.94299669003731,-3.192322495597167,2058.89725868876,2496.4528841483575
55.94299669003731,-3.192322495597167,SSE,55.942719526177555,-3.1922076905674577,2058.89725868876,2495.2028841483575
55.942719526177555,-3.1922076905674577,NNW,55.94299669003731,-3.192322495597167,2058.89725868876,2493.9528841483575
55.94299669003731,-3.192322495597167,SSE,55.942719526177555,-3.1922076905674577,2058.89725868876,2492.7028841483575
55.942719526177555,-3.1922076905674577,NNW,55.94299669003731,-3.192322495597167,2058.89725868876,2491.4528841483575
55.94299669003731,-3.192322495597167,SSE,55.942719526177555,-3.1922076905674577,2058.89725868876,2490.2028841483575
55.942719526177555,-3.1922076905674577,NNW,55.94299669003731,-3.192322495597167,2058.89725868876,2488.9528841483575
55.94299669003731,-3.192322495597167,SSE,55.942719526177555,-3.1922076905674577,2058.89725868876,2487.7028841483575
55.942719526177555,-3.1922076905674577,NNW,55.94299669003731,-3.192322495597167,2058.89725868876,2486.4528841483575
55.94299669003731,-3.192322495597167,SSE,55.942719526177555,-3.1922076905674577,2058.89725868876,2485.2028841483575
55.942719526177555,-3.1922076905674577,NNW,55.94299669003731,-3.192322495597167,2058.89725868876,2483.9528841483575
55.94299669003731,-3.192322495597167,SSE,55.942719526177555,-3.1922076905674577,2058.89725868876,2482.7028841483575
55.942719526177555,-3.1922076905674577,NNW,55.94299669003731,-3.192322495597167,2058.89725868876,2481.4528841483575
55.94299669003731,-3.192322495597167,SSE,55.942719526177555,-3.1922076905674577,2058.89725868876,2480.2028841483575
55.942719526177555,-3.1922076905674577,NNW,55.94299669003731,-3.192322495597167,2058.89725868876,2478.9528841483575
55.94299669003731,-3.192322495597167,SSE,55.942719526177555,-3.1922076905674577,2058.89725868876,2477.7028841483575
55.942719526177555,-3.1922076905674577,NNW,55.94299669003731,-3.192322495597167,2058.89725868876,2476.4528841483575
55.94299669003731,-3.192322495597167,SSE,55.942719526177555,-3.1922076905674577,2058.89725868876,2475.2028841483575
55.942719526177555,-3.1922076905674577,NNW,55.94299669003731,-3.192322495597167,2058.89725868876,2473.9528841483575
55.94299669003731,-3.192322495597167,SSE,55.942719526177555,-3.1922076905674577,2058.89725868876,2472.7028841483575
55.942719526177555,-3.1922076905674577,NNW,55.94299669003731,-3.192322495597167,2058.89725868876,2471.4528841483575
55.94299669003731,-3.192322495597167,SSE,55.942719526177555,-3.1922076905674577,2058.89725868876,2470.2028841483575
55.942719526177555,-3.1922076905674577,NNW,55.94299669003731,-3.192322495597167,2058.89725868876,2468.9528841483575
55.94299669003731,-3.192322495597167,SSE,55.942719526177555,-3.1922076905674577,2058.89725868876,2467.7028841483575
55.942719526177555,-3.1922076905674577,NNW,55.94299669003731,-3.192322495597167,2058.89725868876,2466.4528841483575
55.94299669003731,-3.192322495597167,SSE,55.942719526177555,-3.1922076905674577,2058.89725868876,2465.2028841483575
55.942719526177555,-3.1922076905674577,NNW,55.94299669003731,-3.192322495597167,2058.89725868876,2463.9528841483575
55.94299669003731,-3.192322495597167,SSE,55.942719526177555,-3.1922076905674577,2058.89725868876,2462.7028841483575
55.942719526177555,-3.1922076905674577,NNW,55.94299669003731,-3.192322495597167,2058.89725868876,2461.4528841483575
55.94299669003731,-3.192322495597167,SSE,55.942719526177555,-3.1922076905674577,2058.89725868876,2460.2028841483575
55.942719526177555,-3.1922076905674577,NNW,55.94299669003731,-3.192322495597167,2058.89725868876,2458.9528841483575
55.94299669003731,-3.192322495597167,SSE,55.942719526177555,-3.1922076905674577,2058.89725868876,2457.7028841483575
55.942719526177555,-3.1922076905674577,NNW,55.94299669003731,-3.192322495597167,2058.89725868876,2456.4528841483575
55.94299669003731,-3.192322495597167,SSE,55.942719526177555,-3.1922076905674577,2058.89725868876,2455.2028841483575
55.942719526177555,-3.1922076905674577,NNW,55.94299669003731,-3.192322495597167,2058.89725868876,2453.9528841483575
55.94299669003731,-3.192322495597167,SSE,55.942719526177555,-3.1922076905674577,2058.89725868876,2452.7028841483575
55.942719526177555,-3.1922076905674577,NNW,55.94299669003731,-3.192322495597167,2058.89725868876,2451.4528841483575
55.94299669003731,-3.192322495597167,SSE,55.942719526177555,-3.1922076905674577,2058.89725868876,2450.2028841483575
55.942719526177555,-3.1922076905674577,NNW,55.94299669003731,-3.192322495597167,2058.89725868876,2448.9528841483575
55.94299669003731,-3.192322495597167,SSE,55.942719526177555,-3.1922076905674577,2058.89725868876,2447.7028841483575
55.942719526177555,-3.1922076905674577,NNW,55.94299669003731,-3.192322495597167,2058.89725868876,2446.4528841483575
55.94299669003731,-3.192322495597167,SSE,55.942719526177555,-3.1922076905674577,2058.89725868876,2445.2028841483575
55.942719526177555,-3.1922076905674577,NNW,55.94299669003731,-3.192322495597167,2058.89725868876,2443.9528841483575
55.94299669003731,-3.192322495597167,SSE,55.942719526177555,-3.1922076905674577,2058.89725868876,2442.7028841483575
55.942719526177555,-3.1922076905674577,NNW,55.94299669003731,-3.192322495597167,2058.89725868876,2441.4528841483575
55.94299669003731,-3.192322495597167,SSE,55.942719526177555,-3.1922076905674577,2058.89725868876,2440.2028841483575
55.942719526177555,-3.1922076905674577,NNW,55.94299669003731,-3.192322495597167,2058.89725868876,2438.9528841483575
55.94299669003731,-3.192322495597167,SSE,55.942719526177555,-3.1922076905674577,2058.89725868876,2437.7028841483575
55.942719526177555,-3.1922076905674577,NNW,55.94299669003731,-3.192322495597167,2058.89725868876,2436.4528841483575
55.94299669003731,-3.192322495597167,SSE,55.942719526177555,-3.1922076905674577,2058.89725868876,2435.2028841483575
55.942719526177555,-3.1922076905674577,NNW,55.94299669003731,-3.192322495597167,2058.89725868876,2433.9528841483575
55.94299669003731,-3.192322495597167,SSE,55.942719526177555,-3.1922076905674577,2058.89725868876,2432.7028841483575
55.942719526177555,-3.1922076905674577,NNW,55.94299669003731,-3.192322495597167,2058.89725868876,2431.4528841483575
55.94299669003731,-3.192322495597167,SSE,55.942719526177555,-3.1922076905674577,2058.89725868876,2430.2028841483575
55.942719526177555,-3.1922076905674577,NNW,55.94299669003731,-3.192322495597167,2058.89725868876,2428.9528841483575
55.94299669003731,-3.192322495597167,SSE,55.942719526177555,-3.1922076905674577,2058.89725868876,2427.7028841483575
55.942719526177555,-3.1922076905674577,NNW,55.94299669003731,-3.192322495597167,2058.89725868876,2426.4528841483575
55.94299669003731,-3.192322495597167,SSE,55.942719526177555,-3.1922076905674577,2058.89725868876,2425.2028841483575
55.942719526177555,-3.1922076905674577,NNW,55.94299669003731,-3.192322495597167,2058.89725868876,2423.9528841483575
55.94299669003731,-3.192322495597167,SSE,55.942719526177555,-3.1922076905674577,2058.89725868876,2422.7028841483575
55.942719526177555,-3.1922076905674577,NNW,55.94299669003731,-3.192322495597167,2058.89725868876,2421.4528841483575
55.94299669003731,-3.192322495597167,SSE,55.942719526177555,-3.1922076905674577,2058.89725868876,2420.2028841483575
55.942719526177555,-3.1922076905674577,NNW,55.94299669003731,-3.192322495597167,2058.89725868876,2418.9528841483575
55.94299669003731,-3.192322495597167,SSE,55.942719526177555,-3.1922076905674577,2058.89725868876,2417.7028841483575
55.942719526177555,-3.1922076905674577,NNW,55.94299669003731,-3.192322495597167,2058.89725868876,2416.4528841483575
55.94299669003731,-3.192322495597167,SSE,55.942719526177555,-3.1922076905674577,2058.89725868876,2415.2028841483575
55.942719526177555,-3.1922076905674577,NNW,55.94299669003731,-3.192322495597167,2058.89725868876,2413.9528841483575
55.94299669003731,-3.192322495597167,SSE,55.942719526177555,-3.1922076905674577,2058.89725868876,2412.7028841483575
55.942719526177555,-3.1922076905674577,NNW,55.94299669003731,-3.192322495597167,2058.89725868876,2411.4528841483575
55.94299669003731,-3.192322495597167,SSE,55.942719526177555,-3.1922076905674577,2058.89725868876,2410.2028841483575
55.942719526177555,-3.1922076905674577,NNW,55.94299669003731,-3.192322495597167,2058.89725868876,2408.9528841483575
55.94299669003731,-3.192322495597167,SSE,55.942719526177555,-3.1922076905674577,2058.89725868876,2407.7028841483575
55.942719526177555,-3.1922076905674577,NNW,55.94299669003731,-3.192322495597167,2058.89725868876,2406.4528841483575
55.94299669003731,-3.192322495597167,SSE,55.942719526177555,-3.1922076905674577,2058.89725868876,2405.2028841483575
55.942719526177555,-3.1922076905674577,NNW,55.94299669003731,-3.192322495597167,2058.89725868876,2403.9528841483575
55.94299669003731,-3.192322495597167,SSE,55.942719526177555,-3.1922076905674577,2058.89725868876,2402.7028841483575
