55.944425,-3.188396,SSE,55.944147836140246,-3.1882811949702905,27.240156773878685,347.07671808891337
55.944147836140246,-3.1882811949702905,SW,55.94393570410589,-3.1884933270046463,27.240156773878685,345.82671808891337
55.94393570410589,-3.1884933270046463,SW,55.943723572071534,-3.188705459039002,27.240156773878685,344.57671808891337
55.943723572071534,-3.188705459039002,SW,55.94351144003718,-3.188917591073358,107.5698805601494,439.9328853880935
55.94351144003718,-3.188917591073358,SW,55.94329930800282,-3.1891297231077136,107.5698805601494,438.6828853880935
55.94329930800282,-3.1891297231077136,SW,55.943087175968465,-3.1893418551420694,107.5698805601494,437.4328853880935
55.943087175968465,-3.1893418551420694,WSW,55.942972370938755,-3.1896190190018228,178.17265959044843,445.1262265819935
55.942972370938755,-3.1896190190018228,SE,55.9427602389044,-3.189406886967467,204.9657504820294,475.62718202608596
55.9427602389044,-3.189406886967467,NNW,55.943037402764155,-3.1895216919971765,204.9657504820294,474.37718202608596
55.943037402764155,-3.1895216919971765,NW,55.94324953479851,-3.1897338240315323,204.9657504820294,473.12718202608596
55.94324953479851,-3.1897338240315323,NW,55.94346166683287,-3.189945956065888,204.9657504820294,471.87718202608596
55.94346166683287,-3.189945956065888,NNW,55.943738830692624,-3.1900607610955976,241.19465844850652,510.9034024417348
55.943738830692624,-3.1900607610955976,N,55.94403883069263,-3.1900607610955976,241.19465844850652,509.6534024417348
55.94403883069263,-3.1900607610955976,NNW,55.94431599455238,-3.190175566125307,318.5746980086087,514.7406530896353
55.94431599455238,-3.190175566125307,NE,55.94452812658674,-3.1899634340909513,415.3994405724505,553.8215988695163
55.94452812658674,-3.1899634340909513,N,55.94482812658674,-3.1899634340909513,415.3994405724505,552.5715988695163
55.94482812658674,-3.1899634340909513,NNE,55.9451052904465,-3.189848629061242,415.3994405724505,551.3215988695163
55.9451052904465,-3.189848629061242,N,55.9454052904465,-3.189848629061242,500.0605788082756,554.2146690258023
55.9454052904465,-3.189848629061242,NW,55.94561742248086,-3.1900607610955976,579.322617126584,634.1355005725983
55.94561742248086,-3.1900607610955976,W,55.94561742248086,-3.1903607610955977,689.8613056497103,653.2270069395022
55.94561742248086,-3.1903607610955977,SW,55.9454052904465,-3.1905728931299535,797.4831561501381,766.8010550532288
55.9454052904465,-3.1905728931299535,N,55.945705290446504,-3.1905728931299535,797.4831561501381,765.5510550532288
55.945705290446504,-3.1905728931299535,NNE,55.94598245430626,-3.190458088100244,893.2949327785482,806.8318349798565
55.94598245430626,-3.190458088100244,E,55.94598245430626,-3.190158088100244,970.5561818224763,848.9645915302892
55.94598245430626,-3.190158088100244,E,55.94598245430626,-3.1898580881002436,970.5561818224763,847.7145915302892
55.94598245430626,-3.1898580881002436,E,55.94598245430626,-3.1895580881002434,1014.9685506015334,857.4850175208974
55.94598245430626,-3.1895580881002434,ESE,55.94586764927655,-3.18928092424049,1014.9685506015334,856.2350175208974
55.94586764927655,-3.18928092424049,SE,55.945655517242194,-3.1890687922061343,1014.9685506015334,854.9850175208974
55.945655517242194,-3.1890687922061343,ESE,55.945540712212484,-3.188791628346381,1014.9685506015334,853.7350175208974
55.945540712212484,-3.188791628346381,SE,55.94532858017813,-3.188579496312025,1073.8771842123833,944.0482932116291
55.94532858017813,-3.188579496312025,S,55.945028580178125,-3.188579496312025,1080.19286091253,1038.5528340367766
55.945028580178125,-3.188579496312025,NE,55.94524071221248,-3.1883673642776693,1195.275964067639,1091.701994529621
55.94524071221248,-3.1883673642776693,ESE,55.94512590718277,-3.188090200417916,1195.275964067639,1090.451994529621
55.94512590718277,-3.188090200417916,ESE,55.94501110215306,-3.1878130365581625,1195.275964067639,1089.201994529621
55.94501110215306,-3.1878130365581625,ESE,55.94489629712335,-3.187535872698409,1195.275964067639,1087.951994529621
55.94489629712335,-3.187535872698409,E,55.94489629712335,-3.187235872698409,1288.0392910000526,1170.4370137334597
55.94489629712335,-3.187235872698409,E,55.94489629712335,-3.1869358726984087,1288.0392910000526,1169.1870137334597
55.94489629712335,-3.1869358726984087,E,55.94489629712335,-3.1866358726984085,1356.8814746762719,1235.587578048393
55.94489629712335,-3.1866358726984085,E,55.94489629712335,-3.1863358726984083,1474.5408144747819,1254.9934283104687
55.94489629712335,-3.1863358726984083,N,55.94519629712335,-3.1863358726984083,1586.7047813643978,1276.3350247571977
55.94519629712335,-3.1863358726984083,SSW,55.944919133263596,-3.186450677728118,1586.7047813643978,1275.0850247571977
55.944919133263596,-3.186450677728118,SSE,55.94464196940384,-3.1863358726984083,1586.7047813643978,1273.8350247571977
55.94464196940384,-3.1863358726984083,SSE,55.94436480554408,-3.186221067668699,1586.7047813643978,1272.5850247571977
55.94436480554408,-3.186221067668699,S,55.94406480554408,-3.186221067668699,1677.6019375265703,1311.1771725831613
55.94406480554408,-3.186221067668699,SSE,55.943787641684324,-3.1861062626389893,1761.0869063154614,1372.0476456208517
55.943787641684324,-3.1861062626389893,WSW,55.94367283665461,-3.1863834264987427,1761.0869063154614,1370.7976456208517
55.94367283665461,-3.1863834264987427,W,55.94367283665461,-3.186683426498743,1761.0869063154614,1369.5476456208517
55.94367283665461,-3.186683426498743,WSW,55.9435580316249,-3.1869605903584963,1838.6029125493515,1385.075173326538
55.9435580316249,-3.1869605903584963,SSW,55.94328086776515,-3.187075395388206,1838.6029125493515,1383.825173326538
55.94328086776515,-3.187075395388206,SW,55.94306873573079,-3.1872875274225616,1838.6029125493515,1382.575173326538
55.94306873573079,-3.1872875274225616,SSE,55.942791571871034,-3.187172722392852,1852.6822868584288,1432.5856509880637
55.942791571871034,-3.187172722392852,NNE,55.94306873573079,-3.1870579173631426,1852.6822868584288,1431.3356509880637
55.94306873573079,-3.1870579173631426,E,55.94306873573079,-3.1867579173631424,1852.6822868584288,1430.0856509880637
55.94306873573079,-3.1867579173631424,N,55.94336873573079,-3.1867579173631424,1852.6822868584288,1428.8356509880637
55.94336873573079,-3.1867579173631424,NE,55.94358086776515,-3.1865457853287866,1852.6822868584288,1427.5856509880637
55.94358086776515,-3.1865457853287866,ESE,55.94346606273544,-3.1862686214690332,1852.6822868584288,1426.3356509880637
55.94346606273544,-3.1862686214690332,SE,55.94325393070108,-3.1860564894346775,1852.6822868584288,1425.0856509880637
55.94325393070108,-3.1860564894346775,SE,55.94304179866673,-3.1858443574003217,1852.6822868584288,1423.8356509880637
55.94304179866673,-3.1858443574003217,ESE,55.942926993637016,-3.1855671935405683,1880.0178476787676,1425.0740496835344
55.942926993637016,-3.1855671935405683,E,55.942926993637016,-3.185267193540568,1958.148576450261,1546.3783369345654
55.942926993637016,-3.185267193540568,NNE,55.94320415749677,-3.1851523885108586,1958.148576450261,1545.1283369345654
55.94320415749677,-3.1851523885108586,N,55.943504157496776,-3.1851523885108586,1981.9678255142062,1625.1822736324839
55.943504157496776,-3.1851523885108586,N,55.94380415749678,-3.1851523885108586,1981.9678255142062,1623.9322736324839
55.94380415749678,-3.1851523885108586,N,55.94410415749678,-3.1851523885108586,1981.9678255142062,1622.6822736324839
55.94410415749678,-3.1851523885108586,NNE,55.94438132135654,-3.185037583481149,1981.9678255142062,1621.4322736324839
55.94438132135654,-3.185037583481149,N,55.94468132135654,-3.185037583481149,2010.9565357686843,1704.0757701139887
55.94468132135654,-3.185037583481149,NNE,55.9449584852163,-3.1849227784514396,2010.9565357686843,1702.8257701139887
55.9449584852163,-3.1849227784514396,NNE,55.945235649076054,-3.18480797342173,2010.9565357686843,1701.5757701139887
55.945235649076054,-3.18480797342173,NNE,55.94551281293581,-3.1846931683920205,2010.9565357686843,1700.3257701139887
55.94551281293581,-3.1846931683920205,NNE,55.94578997679557,-3.184578363362311,2010.9565357686843,1699.0757701139887
55.94578997679557,-3.184578363362311,NNE,55.94606714065532,-3.1844635583326015,2020.9421076900678,1771.8003195039673
55.94606714065532,-3.1844635583326015,WSW,55.94595233562561,-3.184740722192355,2020.9421076900678,1770.5503195039673
55.94595233562561,-3.184740722192355,WSW,55.9458375305959,-3.1850178860521083,2020.9421076900678,1769.3003195039673
55.9458375305959,-3.1850178860521083,WSW,55.94572272556619,-3.1852950499118617,2020.9421076900678,1768.0503195039673
55.94572272556619,-3.1852950499118617,WSW,55.94560792053648,-3.185572213771615,2020.9421076900678,1766.8003195039673
55.94560792053648,-3.185572213771615,WSW,55.94549311550677,-3.1858493776313686,2020.9421076900678,1765.5503195039673
55.94549311550677,-3.1858493776313686,WSW,55.94537831047706,-3.186126541491122,2020.9421076900678,1764.3003195039673
55.94537831047706,-3.186126541491122,WSW,55.94526350544735,-3.1864037053508754,2020.9421076900678,1763.0503195039673
55.94526350544735,-3.1864037053508754,WSW,55.94514870041764,-3.1866808692106288,2020.9421076900678,1761.8003195039673
55.94514870041764,-3.1866808692106288,SW,55.944936568383284,-3.1868930012449845,2020.9421076900678,1760.5503195039673
55.944936568383284,-3.1868930012449845,WSW,55.94482176335357,-3.187170165104738,2020.9421076900678,1759.3003195039673
55.94482176335357,-3.187170165104738,W,55.94482176335357,-3.187470165104738,2020.9421076900678,1758.0503195039673
55.94482176335357,-3.187470165104738,WSW,55.94470695832386,-3.1877473289644915,2020.9421076900678,1756.8003195039673
55.94470695832386,-3.1877473289644915,WSW,55.94459215329415,-3.188024492824245,2020.9421076900678,1755.5503195039673
55.94459215329415,-3.188024492824245,W,55.94459215329415,-3.188324492824245,2020.9421076900678,1754.3003195039673
55.94459215329415,-3.188324492824245,WSW,55.94447734826444,-3.1886016566839985,2020.9421076900678,1753.0503195039673
55.94447734826444,-3.1886016566839985,W,55.94447734826444,-3.1889016566839987,2020.9421076900678,1751.8003195039673
55.94447734826444,-3.1889016566839987,SE,55.944265216230086,-3.188689524649643,2020.9421076900678,1750.5503195039673
55.944265216230086,-3.188689524649643,W,55.944265216230086,-3.188989524649643,2020.9421076900678,1749.3003195039673
55.944265216230086,-3.188989524649643,W,55.944265216230086,-3.1892895246496433,2020.9421076900678,1748.0503195039673
55.944265216230086,-3.1892895246496433,W,55.944265216230086,-3.1895895246496435,2020.9421076900678,1746.8003195039673
55.944265216230086,-3.1895895246496435,W,55.944265216230086,-3.1898895246496437,2020.9421076900678,1745.5503195039673
55.944265216230086,-3.1898895246496437,W,55.944265216230086,-3.190189524649644,2020.9421076900678,1744.3003195039673
55.944265216230086,-3.190189524649644,WSW,55.944150411200376,-3.1904666885093973,2020.9421076900678,1743.0503195039673
55.944150411200376,-3.1904666885093973,W,55.944150411200376,-3.1907666885093975,2132.9803831631057,1851.372941982289
55.944150411200376,-3.1907666885093975,SSW,55.94387324734062,-3.190881493539107,2132.9803831631057,1850.122941982289
55.94387324734062,-3.190881493539107,ESE,55.94375844231091,-3.1906043296793536,2132.9803831631057,1848.872941982289
55.94375844231091,-3.1906043296793536,S,55.943458442310906,-3.1906043296793536,2132.9803831631057,1847.622941982289
55.943458442310906,-3.1906043296793536,WSW,55.943343637281195,-3.190881493539107,2136.274240708823,1938.7480929489009
55.943343637281195,-3.190881493539107,W,55.943343637281195,-3.191181493539107,2136.274240708823,1937.4980929489009
55.943343637281195,-3.191181493539107,W,55.943343637281195,-3.1914814935391074,2207.8119942936733,2026.6164276220723
55.943343637281195,-3.1914814935391074,NNW,55.94362080114095,-3.191596298568817,2323.808067664627,2108.5143083063076
55.94362080114095,-3.191596298568817,W,55.94362080114095,-3.191896298568817,2323.808067664627,2107.2643083063076
55.94362080114095,-3.191896298568817,WSW,55.94350599611124,-3.1921734624285705,2323.808067664627,2106.0143083063076
55.94350599611124,-3.1921734624285705,WSW,55.94339119108153,-3.192450626288324,2344.1583648254928,2223.220150139185
55.94339119108153,-3.192450626288324,NNE,55.94366835494129,-3.1923358212586144,2344.1583648254928,2221.970150139185
55.94366835494129,-3.1923358212586144,N,55.94396835494129,-3.1923358212586144,2344.1583648254928,2220.720150139185
55.94396835494129,-3.1923358212586144,NE,55.94418048697565,-3.1921236892242586,2344.1583648254928,2219.470150139185
55.94418048697565,-3.1921236892242586,NNW,55.9444576508354,-3.192238494253968,2381.660965694395,2263.367749547231
55.9444576508354,-3.192238494253968,NE,55.94466978286976,-3.1920263622196123,2381.660965694395,2262.117749547231
55.94466978286976,-3.1920263622196123,NE,55.944881914904116,-3.1918142301852566,2425.386677182166,2291.8975341418427
55.944881914904116,-3.1918142301852566,NW,55.94509404693847,-3.1920263622196123,2426.0480802250695,2369.112407473168
55.94509404693847,-3.1920263622196123,N,55.945394046938475,-3.1920263622196123,2473.399868464579,2383.801101466871
55.945394046938475,-3.1920263622196123,WNW,55.945508851968185,-3.1923035260793657,2546.0146699101833,2458.154894077933
55.945508851968185,-3.1923035260793657,ESE,55.945394046938475,-3.1920263622196123,2546.0146699101833,2456.904894077933
55.945394046938475,-3.1920263622196123,WNW,55.945508851968185,-3.1923035260793657,2546.0146699101833,2455.654894077933
55.945508851968185,-3.1923035260793657,ESE,55.945394046938475,-3.1920263622196123,2546.0146699101833,2454.404894077933
55.945394046938475,-3.1920263622196123,WNW,55.945508851968185,-3.1923035260793657,2546.0146699101833,2453.154894077933
55.945508851968185,-3.1923035260793657,ESE,55.945394046938475,-3.1920263622196123,2546.0146699101833,2451.904894077933
55.945394046938475,-3.1920263622196123,WNW,55.945508851968185,-3.1923035260793657,2546.0146699101833,2450.654894077933
55.945508851968185,-3.1923035260793657,ESE,55.945394046938475,-3.1920263622196123,2546.0146699101833,2449.404894077933
55.945394046938475,-3.1920263622196123,WNW,55.945508851968185,-3.1923035260793657,2546.0146699101833,2448.154894077933
55.945508851968185,-3.1923035260793657,ESE,55.945394046938475,-3.1920263622196123,2546.0146699101833,2446.904894077933
55.945394046938475,-3.1920263622196123,WNW,55.945508851968185,-3.1923035260793657,2546.0146699101833,2445.654894077933
55.945508851968185,-3.1923035260793657,ESE,55.945394046938475,-3.1920263622196123,2546.0146699101833,2444.404894077933
55.945394046938475,-3.1920263622196123,WNW,55.945508851968185,-3.1923035260793657,2546.0146699101833,2443.154894077933
55.945508851968185,-3.1923035260793657,ESE,55.945394046938475,-3.1920263622196123,2546.0146699101833,2441.904894077933
55.945394046938475,-3.1920263622196123,WNW,55.945508851968185,-3.1923035260793657,2546.0146699101833,2440.654894077933
55.945508851968185,-3.1923035260793657,ESE,55.945394046938475,-3.1920263622196123,2546.0146699101833,2439.404894077933
55.945394046938475,-3.1920263622196123,WNW,55.945508851968185,-3.1923035260793657,2546.0146699101833,2438.154894077933
55.945508851968185,-3.1923035260793657,ESE,55.945394046938475,-3.1920263622196123,2546.0146699101833,2436.904894077933
55.945394046938475,-3.1920263622196123,WNW,55.945508851968185,-3.1923035260793657,2546.0146699101833,2435.654894077933
55.945508851968185,-3.1923035260793657,ESE,55.945394046938475,-3.1920263622196123,2546.0146699101833,2434.404894077933
55.945394046938475,-3.1920263622196123,WNW,55.945508851968185,-3.1923035260793657,2546.0146699101833,2433.154894077933
55.945508851968185,-3.1923035260793657,ESE,55.945394046938475,-3.1920263622196123,2546.0146699101833,2431.904894077933
55.945394046938475,-3.1920263622196123,WNW,55.945508851968185,-3.1923035260793657,2546.0146699101833,2430.654894077933
55.945508851968185,-3.1923035260793657,ESE,55.945394046938475,-3.1920263622196123,2546.0146699101833,2429.404894077933
55.945394046938475,-3.1920263622196123,WNW,55.945508851968185,-3.1923035260793657,2546.0146699101833,2428.154894077933
55.945508851968185,-3.1923035260793657,ESE,55.945394046938475,-3.1920263622196123,2546.0146699101833,2426.904894077933
55.945394046938475,-3.1920263622196123,WNW,55.945508851968185,-3.1923035260793657,2546.0146699101833,2425.654894077933
55.945508851968185,-3.1923035260793657,ESE,55.945394046938475,-3.1920263622196123,2546.0146699101833,2424.404894077933
55.945394046938475,-3.1920263622196123,WNW,55.945508851968185,-3.1923035260793657,2546.0146699101833,2423.154894077933
55.945508851968185,-3.1923035260793657,ESE,55.945394046938475,-3.1920263622196123,2546.0146699101833,2421.904894077933
55.945394046938475,-3.1920263622196123,WNW,55.945508851968185,-3.1923035260793657,2546.0146699101833,2420.654894077933
55.945508851968185,-3.1923035260793657,ESE,55.945394046938475,-3.1920263622196123,2546.0146699101833,2419.404894077933
55.945394046938475,-3.1920263622196123,WNW,55.945508851968185,-3.1923035260793657,2546.0146699101833,2418.154894077933
55.945508851968185,-3.1923035260793657,ESE,55.945394046938475,-3.1920263622196123,2546.0146699101833,2416.904894077933
55.945394046938475,-3.1920263622196123,WNW,55.945508851968185,-3.1923035260793657,2546.0146699101833,2415.654894077933
55.945508851968185,-3.1923035260793657,ESE,55.945394046938475,-3.1920263622196123,2546.0146699101833,2414.404894077933
55.945394046938475,-3.1920263622196123,WNW,55.945508851968185,-3.1923035260793657,2546.0146699101833,2413.154894077933
55.945508851968185,-3.1923035260793657,ESE,55.945394046938475,-3.1920263622196123,2546.0146699101833,2411.904894077933
55.945394046938475,-3.1920263622196123,WNW,55.945508851968185,-3.1923035260793657,2546.0146699101833,2410.654894077933
55.945508851968185,-3.1923035260793657,ESE,55.945394046938475,-3.1920263622196123,2546.0146699101833,2409.404894077933
55.945394046938475,-3.1920263622196123,WNW,55.945508851968185,-3.1923035260793657,2546.0146699101833,2408.154894077933
55.945508851968185,-3.1923035260793657,ESE,55.945394046938475,-3.1920263622196123,2546.0146699101833,2406.904894077933
55.945394046938475,-3.1920263622196123,WNW,55.945508851968185,-3.1923035260793657,2546.0146699101833,2405.654894077933
55.945508851968185,-3.1923035260793657,ESE,55.945394046938475,-3.1920263622196123,2546.0146699101833,2404.404894077933
55.945394046938475,-3.1920263622196123,WNW,55.945508851968185,-3.1923035260793657,2546.0146699101833,2403.154894077933
55.945508851968185,-3.1923035260793657,ESE,55.945394046938475,-3.1920263622196123,2546.0146699101833,2401.904894077933
55.945394046938475,-3.1920263622196123,WNW,55.945508851968185,-3.1923035260793657,2546.0146699101833,2400.654894077933
55.945508851968185,-3.1923035260793657,ESE,55.945394046938475,-3.1920263622196123,2546.0146699101833,2399.404894077933
55.945394046938475,-3.1920263622196123,WNW,55.945508851968185,-3.1923035260793657,2546.0146699101833,2398.154894077933
55.945508851968185,-3.1923035260793657,ESE,55.945394046938475,-3.1920263622196123,2546.0146699101833,2396.904894077933
55.945394046938475,-3.1920263622196123,WNW,55.945508851968185,-3.1923035260793657,2546.0146699101833,2395.654894077933
55.945508851968185,-3.1923035260793657,ESE,55.945394046938475,-3.1920263622196123,2546.0146699101833,2394.404894077933
55.945394046938475,-3.1920263622196123,WNW,55.945508851968185,-3.1923035260793657,2546.0146699101833,2393.154894077933
55.945508851968185,-3.1923035260793657,ESE,55.945394046938475,-3.1920263622196123,2546.0146699101833,2391.904894077933
55.945394046938475,-3.1920263622196123,WNW,55.945508851968185,-3.1923035260793657,2546.0146699101833,2390.654894077933
55.945508851968185,-3.1923035260793657,ESE,55.945394046938475,-3.1920263622196123,2546.0146699101833,2389.404894077933
55.945394046938475,-3.1920263622196123,WNW,55.945508851968185,-3.1923035260793657,2546.0146699101833,2388.154894077933
55.945508851968185,-3.1923035260793657,ESE,55.945394046938475,-3.1920263622196123,2546.0146699101833,2386.904894077933
55.945394046938475,-3.1920263622196123,WNW,55.945508851968185,-3.1923035260793657,2546.0146699101833,2385.654894077933
55.945508851968185,-3.1923035260793657,ESE,55.945394046938475,-3.1920263622196123,2546.0146699101833,2384.404894077933
55.945394046938475,-3.1920263622196123,WNW,55.945508851968185,-3.1923035260793657,2546.0146699101833,2383.154894077933
55.945508851968185,-3.1923035260793657,ESE,55.945394046938475,-3.1920263622196123,2546.0146699101833,2381.904894077933
55.945394046938475,-3.1920263622196123,WNW,55.945508851968185,-3.1923035260793657,2546.0146699101833,2380.654894077933
55.945508851968185,-3.1923035260793657,ESE,55.945394046938475,-3.1920263622196123,2546.0146699101833,2379.404894077933
55.945394046938475,-3.1920263622196123,WNW,55.945508851968185,-3.1923035260793657,2546.0146699101833,2378.154894077933
55.945508851968185,-3.1923035260793657,ESE,55.945394046938475,-3.1920263622196123,2546.0146699101833,2376.904894077933
55.945394046938475,-3.1920263622196123,WNW,55.945508851968185,-3.1923035260793657,2546.0146699101833,2375.654894077933
55.945508851968185,-3.1923035260793657,ESE,55.945394046938475,-3.1920263622196123,2546.0146699101833,2374.404894077933
55.945394046938475,-3.1920263622196123,WNW,55.945508851968185,-3.1923035260793657,2546.0146699101833,2373.154894077933
55.945508851968185,-3.1923035260793657,ESE,55.945394046938475,-3.1920263622196123,2546.0146699101833,2371.904894077933
55.945394046938475,-3.1920263622196123,WNW,55.945508851968185,-3.1923035260793657,2546.0146699101833,2370.654894077933
55.945508851968185,-3.1923035260793657,ESE,55.945394046938475,-3.1920263622196123,2546.0146699101833,2369.404894077933
55.945394046938475,-3.1920263622196123,WNW,55.945508851968185,-3.1923035260793657,2546.0146699101833,2368.154894077933
55.945508851968185,-3.1923035260793657,ESE,55.945394046938475,-3.1920263622196123,2546.0146699101833,2366.904894077933
55.945394046938475,-3.1920263622196123,WNW,55.945508851968185,-3.1923035260793657,2546.0146699101833,2365.654894077933
55.945508851968185,-3.1923035260793657,ESE,55.945394046938475,-3.1920263622196123,2546.0146699101833,2364.404894077933
55.945394046938475,-3.1920263622196123,WNW,55.945508851968185,-3.1923035260793657,2546.0146699101833,2363.154894077933
55.945508851968185,-3.1923035260793657,ESE,55.945394046938475,-3.1920263622196123,2546.0146699101833,2361.904894077933
55.945394046938475,-3.1920263622196123,WNW,55.945508851968185,-3.1923035260793657,2546.0146699101833,2360.654894077933
55.945508851968185,-3.1923035260793657,ESE,55.945394046938475,-3.1920263622196123,2546.0146699101833,2359.404894077933
55.945394046938475,-3.1920263622196123,WNW,55.945508851968185,-3.1923035260793657,2546.0146699101833,2358.154894077933
55.945508851968185,-3.1923035260793657,ESE,55.945394046938475,-3.1920263622196123,2546.0146699101833,2356.904894077933
55.945394046938475,-3.1920263622196123,WNW,55.945508851968185,-3.1923035260793657,2546.0146699101833,2355.654894077933
55.945508851968185,-3.1923035260793657,ESE,55.945394046938475,-3.1920263622196123,2546.0146699101833,2354.404894077933
55.945394046938475,-3.1920263622196123,WNW,55.945508851968185,-3.1923035260793657,2546.0146699101833,2353.154894077933
55.945508851968185,-3.1923035260793657,ESE,55.945394046938475,-3.1920263622196123,2546.0146699101833,2351.904894077933
55.945394046938475,-3.1920263622196123,WNW,55.945508851968185,-3.1923035260793657,2546.0146699101833,2350.654894077933
55.945508851968185,-3.1923035260793657,ESE,55.945394046938475,-3.1920263622196123,2546.0146699101833,2349.404894077933
55.945394046938475,-3.1920263622196123,WNW,55.945508851968185,-3.1923035260793657,2546.0146699101833,2348.154894077933
55.945508851968185,-3.1923035260793657,ESE,55.945394046938475,-3.1920263622196123,2546.0146699101833,2346.904894077933
55.945394046938475,-3.1920263622196123,WNW,55.945508851968185,-3.1923035260793657,2546.0146699101833,2345.654894077933
55.945508851968185,-3.1923035260793657,ESE,55.945394046938475,-3.1920263622196123,2546.0146699101833,2344.404894077933
55.945394046938475,-3.1920263622196123,WNW,55.945508851968185,-3.1923035260793657,2546.0146699101833,2343.154894077933
55.945508851968185,-3.1923035260793657,ESE,55.945394046938475,-3.1920263622196123,2546.0146699101833,2341.904894077933
55.945394046938475,-3.1920263622196123,WNW,55.945508851968185,-3.1923035260793657,2546.0146699101833,2340.654894077933
55.945508851968185,-3.1923035260793657,ESE,55.945394046938475,-3.1920263622196123,2546.0146699101833,2339.404894077933
55.945394046938475,-3.1920263622196123,WNW,55.945508851968185,-3.1923035260793657,2546.0146699101833,2338.154894077933
55.945508851968185,-3.1923035260793657,ESE,55.945394046938475,-3.1920263622196123,2546.0146699101833,2336.904894077933
55.945394046938475,-3.1920263622196123,WNW,55.945508851968185,-3.1923035260793657,2546.0146699101833,2335.654894077933
55.945508851968185,-3.1923035260793657,ESE,55.945394046938475,-3.1920263622196123,2546.0146699101833,2334.404894077933
55.945394046938475,-3.1920263622196123,WNW,55.945508851968185,-3.1923035260793657,2546.0146699101833,2333.154894077933
55.945508851968185,-3.1923035260793657,ESE,55.945394046938475,-3.1920263622196123,2546.0146699101833,2331.904894077933
55.945394046938475,-3.1920263622196123,WNW,55.945508851968185,-3.1923035260793657,2546.0146699101833,2330.654894077933
55.945508851968185,-3.1923035260793657,ESE,55.945394046938475,-3.1920263622196123,2546.0146699101833,2329.404894077933
55.945394046938475,-3.1920263622196123,WNW,55.945508851968185,-3.1923035260793657,2546.0146699101833,2328.154894077933
55.945508851968185,-3.1923035260793657,ESE,55.945394046938475,-3.1920263622196123,2546.0146699101833,2326.904894077933
55.945394046938475,-3.1920263622196123,WNW,55.945508851968185,-3.1923035260793657,2546.0146699101833,2325.654894077933
55.945508851968185,-3.1923035260793657,ESE,55.945394046938475,-3.1920263622196123,2546.0146699101833,2324.404894077933
55.945394046938475,-3.1920263622196123,WNW,55.945508851968185,-3.1923035260793657,2546.0146699101833,2323.154894077933
55.945508851968185,-3.1923035260793657,ESE,55.945394046938475,-3.1920263622196123,2546.0146699101833,2321.904894077933
55.945394046938475,-3.1920263622196123,WNW,55.945508851968185,-3.1923035260793657,2546.0146699101833,2320.654894077933
55.945508851968185,-3.1923035260793657,ESE,55.945394046938475,-3.1920263622196123,2546.0146699101833,2319.404894077933
55.945394046938475,-3.1920263622196123,WNW,55.945508851968185,-3.1923035260793657,2546.0146699101833,2318.154894077933
55.945508851968185,-3.1923035260793657,ESE,55.945394046938475,-3.1920263622196123,2546.0146699101833,2316.904894077933
55.945394046938475,-3.1920263622196123,WNW,55.945508851968185,-3.1923035260793657,2546.0146699101833,2315.654894077933
55.945508851968185,-3.1923035260793657,ESE,55.945394046938475,-3.1920263622196123,2546.0146699101833,2314.404894077933
55.945394046938475,-3.1920263622196123,WNW,55.945508851968185,-3.1923035260793657,2546.0146699101833,2313.154894077933
55.945508851968185,-3.1923035260793657,ESE,55.945394046938475,-3.1920263622196123,2546.0146699101833,2311.904894077933
55.945394046938475,-3.1920263622196123,WNW,55.945508851968185,-3.1923035260793657,2546.0146699101833,2310.654894077933
55.945508851968185,-3.1923035260793657,ESE,55.945394046938475,-3.1920263622196123,2546.0146699101833,2309.404894077933
55.945394046938475,-3.1920263622196123,WNW,55.945508851968185,-3.1923035260793657,2546.0146699101833,2308.154894077933
55.945508851968185,-3.1923035260793657,ESE,55.945394046938475,-3.1920263622196123,2546.0146699101833,2306.904894077933
55.945394046938475,-3.1920263622196123,WNW,55.945508851968185,-3.1923035260793657,2546.0146699101833,2305.654894077933
55.945508851968185,-3.1923035260793657,ESE,55.945394046938475,-3.1920263622196123,2546.0146699101833,2304.404894077933
55.945394046938475,-3.1920263622196123,WNW,55.945508851968185,-3.1923035260793657,2546.0146699101833,2303.154894077933
55.945508851968185,-3.1923035260793657,ESE,55.945394046938475,-3.1920263622196123,2546.0146699101833,2301.904894077933
55.945394046938475,-3.1920263622196123,WNW,55.945508851968185,-3.1923035260793657,2546.0146699101833,2300.654894077933
55.945508851968185,-3.1923035260793657,ESE,55.945394046938475,-3.1920263622196123,2546.0146699101833,2299.404894077933
55.945394046938475,-3.1920263622196123,WNW,55.945508851968185,-3.1923035260793657,2546.0146699101833,2298.154894077933
55.945508851968185,-3.1923035260793657,ESE,55.945394046938475,-3.1920263622196123,2546.0146699101833,2296.904894077933
55.945394046938475,-3.1920263622196123,WNW,55.945508851968185,-3.1923035260793657,2546.0146699101833,2295.654894077933
55.945508851968185,-3.1923035260793657,ESE,55.945394046938475,-3.1920263622196123,2546.0146699101833,2294.404894077933
55.945394046938475,-3.1920263622196123,WNW,55.945508851968185,-3.1923035260793657,2546.0146699101833,2293.154894077933
55.945508851968185,-3.1923035260793657,ESE,55.945394046938475,-3.1920263622196123,2546.0146699101833,2291.904894077933
55.945394046938475,-3.1920263622196123,WNW,55.945508851968185,-3.1923035260793657,2546.0146699101833,2290.654894077933
55.945508851968185,-3.1923035260793657,ESE,55.945394046938475,-3.1920263622196123,2546.0146699101833,2289.404894077933
55.945394046938475,-3.1920263622196123,WNW,55.945508851968185,-3.1923035260793657,2546.0146699101833,2288.154894077933
