55.944425,-3.188396,NW,55.94463713203436,-3.188608132034356,20.02711545600598,325.55316781556655
55.94463713203436,-3.188608132034356,SSW,55.9443599681746,-3.1887229370640653,95.09582378411886,325.2171978451251
55.9443599681746,-3.1887229370640653,SSW,55.944082804314846,-3.188837742093775,95.09582378411886,323.9671978451251
55.944082804314846,-3.188837742093775,S,55.94378280431484,-3.188837742093775,194.8605426657071,359.46620724735567
55.94378280431484,-3.188837742093775,WNW,55.94389760934455,-3.189114905953528,316.8105380341174,404.41505156776725
55.94389760934455,-3.189114905953528,W,55.94389760934455,-3.1894149059535284,316.8105380341174,403.16505156776725
55.94389760934455,-3.1894149059535284,W,55.94389760934455,-3.1897149059535286,316.8105380341174,401.91505156776725
55.94389760934455,-3.1897149059535286,WNW,55.944012414374264,-3.189992069813282,402.4114573384525,474.78678476064124
55.944012414374264,-3.189992069813282,NNW,55.94428957823402,-3.1901068748429915,402.4114573384525,473.53678476064124
55.94428957823402,-3.1901068748429915,NNW,55.94456674209378,-3.190221679872701,520.4911535496801,503.11176029961905
55.94456674209378,-3.190221679872701,NNE,55.94484390595353,-3.1901068748429915,520.4911535496801,501.86176029961905
55.94484390595353,-3.1901068748429915,N,55.945143905953536,-3.1901068748429915,542.6104948086441,598.8357887202667
55.945143905953536,-3.1901068748429915,NNW,55.94542106981329,-3.190221679872701,622.39475771796,616.7856752342392
55.94542106981329,-3.190221679872701,E,55.94542106981329,-3.189921679872701,674.0071186812422,711.782434747549
55.94542106981329,-3.189921679872701,ENE,55.945535874843,-3.1896445160129474,674.0071186812422,710.532434747549
55.945535874843,-3.1896445160129474,E,55.945535874843,-3.189344516012947,769.8144900809062,778.2957692224692
55.945535874843,-3.189344516012947,ENE,55.94565067987271,-3.189067352153194,875.1192418042492,850.0293999203134
55.94565067987271,-3.189067352153194,E,55.94565067987271,-3.1887673521531936,875.1192418042492,848.7793999203134
55.94565067987271,-3.1887673521531936,E,55.94565067987271,-3.1884673521531934,875.1192418042492,847.5293999203134
55.94565067987271,-3.1884673521531934,ESE,55.945535874843,-3.18819018829344,875.1192418042492,846.2793999203134
55.945535874843,-3.18819018829344,E,55.945535874843,-3.18789018829344,875.1192418042492,845.0293999203134
55.945535874843,-3.18789018829344,ESE,55.94542106981329,-3.1876130244336864,945.9866209736257,892.003348975479
55.94542106981329,-3.1876130244336864,SSE,55.945143905953536,-3.187498219403977,945.9866209736257,890.753348975479
55.945143905953536,-3.187498219403977,ESE,55.945029100923826,-3.1872210555442235,1048.8768359013434,892.1138282978345
55.945029100923826,-3.1872210555442235,ESE,55.944914295894115,-3.18694389168447,1048.8768359013434,890.8638282978345
55.944914295894115,-3.18694389168447,ESE,55.944799490864405,-3.1866667278247167,1080.2173529332565,989.4278257132978
55.944799490864405,-3.1866667278247167,SSE,55.94452232700465,-3.186551922795007,1121.4518062498664,1017.1607513165557
55.94452232700465,-3.186551922795007,ENE,55.94463713203436,-3.186274758935254,1202.4293251855427,1097.6100405271754
55.94463713203436,-3.186274758935254,SSE,55.9443599681746,-3.1861599539055443,1202.4293251855427,1096.3600405271754
55.9443599681746,-3.1861599539055443,S,55.9440599681746,-3.1861599539055443,1251.2952108585034,1153.188042515177
55.9440599681746,-3.1861599539055443,W,55.9440599681746,-3.1864599539055445,1251.2952108585034,1151.938042515177
55.9440599681746,-3.1864599539055445,WSW,55.94394516314489,-3.186737117765298,1251.2952108585034,1150.688042515177
55.94394516314489,-3.186737117765298,WSW,55.94383035811518,-3.1870142816250513,1254.1110873950704,1198.0157482919733
55.94383035811518,-3.1870142816250513,SSE,55.94355319425542,-3.186899476595342,1254.1110873950704,1196.7657482919733
55.94355319425542,-3.186899476595342,SSE,55.943276030395666,-3.1867846715656323,1254.1110873950704,1195.5157482919733
55.943276030395666,-3.1867846715656323,S,55.94297603039566,-3.1867846715656323,1291.354210281412,1269.4132248142653
55.94297603039566,-3.1867846715656323,NNW,55.94325319425542,-3.186899476595342,1291.354210281412,1268.1632248142653
55.94325319425542,-3.186899476595342,NW,55.943465326289775,-3.1871116086296976,1291.354210281412,1266.9132248142653
55.943465326289775,-3.1871116086296976,NNW,55.94374249014953,-3.187226413659407,1291.354210281412,1265.6632248142653
55.94374249014953,-3.187226413659407,NW,55.94395462218389,-3.187438545693763,1291.354210281412,1264.4132248142653
55.94395462218389,-3.187438545693763,NNW,55.944231786043645,-3.1875533507234723,1291.354210281412,1263.1632248142653
55.944231786043645,-3.1875533507234723,NW,55.944443918078,-3.187765482757828,1310.9006991140586,1363.2955557270864
55.944443918078,-3.187765482757828,NW,55.94465605011236,-3.187977614792184,1364.6564909466715,1453.242471463839
55.94465605011236,-3.187977614792184,NE,55.94486818214671,-3.187765482757828,1364.6564909466715,1451.992471463839
55.94486818214671,-3.187765482757828,NE,55.94508031418107,-3.1875533507234723,1364.6564909466715,1450.742471463839
55.94508031418107,-3.1875533507234723,ESE,55.94496550915136,-3.187276186863719,1364.6564909466715,1449.492471463839
55.94496550915136,-3.187276186863719,NW,55.945177641185715,-3.1874883188980747,1364.6564909466715,1448.242471463839
55.945177641185715,-3.1874883188980747,NNE,55.94545480504547,-3.187373513868365,1364.6564909466715,1446.992471463839
55.94545480504547,-3.187373513868365,NE,55.94566693707983,-3.1871613818340094,1364.6564909466715,1445.742471463839
55.94566693707983,-3.1871613818340094,ENE,55.94578174210954,-3.186884217974256,1364.6564909466715,1444.492471463839
55.94578174210954,-3.186884217974256,ESE,55.94566693707983,-3.1866070541145026,1364.6564909466715,1443.242471463839
55.94566693707983,-3.1866070541145026,SW,55.94545480504547,-3.1868191861488584,1364.6564909466715,1441.992471463839
55.94545480504547,-3.1868191861488584,N,55.945754805045475,-3.1868191861488584,1364.6564909466715,1440.742471463839
55.945754805045475,-3.1868191861488584,ESE,55.945640000015764,-3.186542022289105,1364.6564909466715,1439.492471463839
55.945640000015764,-3.186542022289105,NE,55.94585213205012,-3.186329890254749,1364.6564909466715,1438.242471463839
55.94585213205012,-3.186329890254749,N,55.94615213205012,-3.186329890254749,1377.3424932328721,1546.727519235778
55.94615213205012,-3.186329890254749,E,55.94615213205012,-3.186029890254749,1377.3424932328721,1545.477519235778
55.94615213205012,-3.186029890254749,E,55.94615213205012,-3.185729890254749,1377.3424932328721,1544.227519235778
55.94615213205012,-3.185729890254749,E,55.94615213205012,-3.1854298902547487,1396.7380560688805,1559.0138532867334
55.94615213205012,-3.1854298902547487,SE,55.94594000001577,-3.185217758220393,1396.7380560688805,1557.7638532867334
55.94594000001577,-3.185217758220393,ESE,55.94582519498606,-3.1849405943606395,1396.7380560688805,1556.5138532867334
55.94582519498606,-3.1849405943606395,S,55.945525194986054,-3.1849405943606395,1396.7380560688805,1555.2638532867334
55.945525194986054,-3.1849405943606395,SE,55.9453130629517,-3.1847284623262837,1396.7380560688805,1554.0138532867334
55.9453130629517,-3.1847284623262837,ENE,55.94542786798141,-3.1844512984665303,1451.6492494307467,1587.2372362641856
55.94542786798141,-3.1844512984665303,S,55.945127867981405,-3.1844512984665303,1451.6492494307467,1585.9872362641856
55.945127867981405,-3.1844512984665303,SSW,55.94485070412165,-3.18456610349624,1451.6492494307467,1584.7372362641856
55.94485070412165,-3.18456610349624,S,55.944550704121646,-3.18456610349624,1451.6492494307467,1583.4872362641856
55.944550704121646,-3.18456610349624,SSW,55.94427354026189,-3.1846809085259493,1538.9944545625838,1594.7860763326198
55.94427354026189,-3.1846809085259493,WSW,55.94415873523218,-3.1849580723857027,1538.9944545625838,1593.5360763326198
55.94415873523218,-3.1849580723857027,SW,55.94394660319782,-3.1851702044200585,1576.61262637165,1625.5727190555597
55.94394660319782,-3.1851702044200585,SE,55.94373447116347,-3.1849580723857027,1576.61262637165,1624.3227190555597
55.94373447116347,-3.1849580723857027,SE,55.94352233912911,-3.184745940351347,1657.7531124592385,1673.1756835867875
55.94352233912911,-3.184745940351347,SSE,55.943245175269354,-3.1846311353216374,1657.7531124592385,1671.9256835867875
55.943245175269354,-3.1846311353216374,S,55.94294517526935,-3.1846311353216374,1746.7029969163002,1720.9174458335415
55.94294517526935,-3.1846311353216374,W,55.94294517526935,-3.1849311353216376,1746.7029969163002,1719.6674458335415
55.94294517526935,-3.1849311353216376,W,55.94294517526935,-3.185231135321638,1746.7029969163002,1718.4174458335415
55.94294517526935,-3.185231135321638,W,55.94294517526935,-3.185531135321638,1746.7029969163002,1717.1674458335415
55.94294517526935,-3.185531135321638,W,55.94294517526935,-3.185831135321638,1746.7029969163002,1715.9174458335415
55.94294517526935,-3.185831135321638,W,55.94294517526935,-3.1861311353216384,1746.7029969163002,1714.6674458335415
55.94294517526935,-3.1861311353216384,W,55.94294517526935,-3.1864311353216386,1746.7029969163002,1713.4174458335415
55.94294517526935,-3.1864311353216386,W,55.94294517526935,-3.1867311353216388,1746.7029969163002,1712.1674458335415
55.94294517526935,-3.1867311353216388,NNW,55.94322233912911,-3.1868459403513483,1746.7029969163002,1710.9174458335415
55.94322233912911,-3.1868459403513483,SE,55.94301020709475,-3.1866338083169925,1746.7029969163002,1709.6674458335415
55.94301020709475,-3.1866338083169925,NNW,55.94328737095451,-3.186748613346702,1746.7029969163002,1708.4174458335415
55.94328737095451,-3.186748613346702,W,55.94328737095451,-3.187048613346702,1746.7029969163002,1707.1674458335415
55.94328737095451,-3.187048613346702,WSW,55.9431725659248,-3.1873257772064556,1746.7029969163002,1705.9174458335415
55.9431725659248,-3.1873257772064556,W,55.9431725659248,-3.187625777206456,1746.7029969163002,1704.6674458335415
55.9431725659248,-3.187625777206456,WSW,55.94305776089509,-3.187902941066209,1746.7029969163002,1703.4174458335415
55.94305776089509,-3.187902941066209,W,55.94305776089509,-3.1882029410662094,1746.7029969163002,1702.1674458335415
55.94305776089509,-3.1882029410662094,WSW,55.94294295586538,-3.188480104925963,1746.7029969163002,1700.9174458335415
55.94294295586538,-3.188480104925963,N,55.94324295586538,-3.188480104925963,1746.7029969163002,1699.6674458335415
55.94324295586538,-3.188480104925963,WSW,55.94312815083567,-3.188757268785716,1746.7029969163002,1698.4174458335415
55.94312815083567,-3.188757268785716,WSW,55.94301334580596,-3.1890344326454696,1746.7029969163002,1697.1674458335415
55.94301334580596,-3.1890344326454696,W,55.94301334580596,-3.18933443264547,1746.7029969163002,1695.9174458335415
55.94301334580596,-3.18933443264547,WSW,55.94289854077625,-3.189611596505223,1746.7029969163002,1694.6674458335415
55.94289854077625,-3.189611596505223,WSW,55.94278373574654,-3.1898887603649766,1746.7029969163002,1693.4174458335415
55.94278373574654,-3.1898887603649766,WSW,55.94266893071683,-3.19016592422473,1768.1259142647648,1698.0581459104017
55.94266893071683,-3.19016592422473,NNW,55.942946094576584,-3.1902807292544395,1768.1259142647648,1696.8081459104017
55.942946094576584,-3.1902807292544395,NW,55.94315822661094,-3.1904928612887953,1768.1259142647648,1695.5581459104017
55.94315822661094,-3.1904928612887953,NNW,55.9434353904707,-3.190607666318505,1768.1259142647648,1694.3081459104017
55.9434353904707,-3.190607666318505,NW,55.94364752250505,-3.1908197983528606,1768.1259142647648,1693.0581459104017
55.94364752250505,-3.1908197983528606,NNW,55.94392468636481,-3.19093460338257,1771.370097071094,1735.559390537531
55.94392468636481,-3.19093460338257,W,55.94392468636481,-3.1912346033825703,1771.370097071094,1734.309390537531
55.94392468636481,-3.1912346033825703,W,55.94392468636481,-3.1915346033825704,1771.370097071094,1733.059390537531
55.94392468636481,-3.1915346033825704,WNW,55.94403949139452,-3.191811767242324,1846.1858624352178,1768.6632450462773
55.94403949139452,-3.191811767242324,NNE,55.944316655254276,-3.1916969622126143,1901.6994991961924,1851.9287560446828
55.944316655254276,-3.1916969622126143,NE,55.94452878728863,-3.1914848301782586,1901.6994991961924,1850.6787560446828
55.94452878728863,-3.1914848301782586,ENE,55.94464359231834,-3.191207666318505,1901.6994991961924,1849.4287560446828
55.94464359231834,-3.191207666318505,NE,55.9448557243527,-3.1909955342841494,2008.3787080722047,1959.494281128361
55.9448557243527,-3.1909955342841494,NW,55.945067856387055,-3.191207666318505,2048.3225171891413,1959.7584157944814
55.945067856387055,-3.191207666318505,SW,55.9448557243527,-3.191419798352861,2048.3225171891413,1958.5084157944814
55.9448557243527,-3.191419798352861,SW,55.94464359231834,-3.1916319303872167,2048.3225171891413,1957.2584157944814
55.94464359231834,-3.1916319303872167,SW,55.94443146028399,-3.1918440624215725,2048.3225171891413,1956.0084157944814
55.94443146028399,-3.1918440624215725,SSW,55.94415429642423,-3.191958867451282,2048.3225171891413,1954.7584157944814
55.94415429642423,-3.191958867451282,SSW,55.943877132564474,-3.1920736724809915,2048.3225171891413,1953.5084157944814
55.943877132564474,-3.1920736724809915,SSW,55.94359996870472,-3.192188477510701,2145.962791307616,1960.4303515015333
55.94359996870472,-3.192188477510701,S,55.943299968704714,-3.192188477510701,2148.2878842161867,2026.6650198892114
55.943299968704714,-3.192188477510701,N,55.94359996870472,-3.192188477510701,2148.2878842161867,2025.4150198892114
55.94359996870472,-3.192188477510701,S,55.943299968704714,-3.192188477510701,2148.2878842161867,2024.1650198892114
55.943299968704714,-3.192188477510701,N,55.94359996870472,-3.192188477510701,2148.2878842161867,2022.9150198892114
55.94359996870472,-3.192188477510701,S,55.943299968704714,-3.192188477510701,2148.2878842161867,2021.6650198892114
55.943299968704714,-3.192188477510701,N,55.94359996870472,-3.192188477510701,2148.2878842161867,2020.4150198892114
55.94359996870472,-3.192188477510701,S,55.943299968704714,-3.192188477510701,2148.2878842161867,2019.1650198892114
55.943299968704714,-3.192188477510701,N,55.94359996870472,-3.192188477510701,2148.2878842161867,2017.9150198892114
55.94359996870472,-3.192188477510701,S,55.943299968704714,-3.192188477510701,2148.2878842161867,2016.6650198892114
55.943299968704714,-3.192188477510701,N,55.94359996870472,-3.192188477510701,2148.2878842161867,2015.4150198892114
55.94359996870472,-3.192188477510701,S,55.943299968704714,-3.192188477510701,2148.2878842161867,2014.1650198892114
55.943299968704714,-3.192188477510701,N,55.94359996870472,-3.192188477510701,2148.2878842161867,2012.9150198892114
55.94359996870472,-3.192188477510701,S,55.943299968704714,-3.192188477510701,2148.2878842161867,2011.6650198892114
55.943299968704714,-3.192188477510701,N,55.94359996870472,-3.192188477510701,2148.2878842161867,2010.4150198892114
55.94359996870472,-3.192188477510701,S,55.943299968704714,-3.192188477510701,2148.2878842161867,2009.1650198892114
55.943299968704714,-3.192188477510701,N,55.94359996870472,-3.192188477510701,2148.2878842161867,2007.9150198892114
55.94359996870472,-3.192188477510701,S,55.943299968704714,-3.192188477510701,2148.2878842161867,2006.6650198892114
55.943299968704714,-3.192188477510701,N,55.94359996870472,-3.192188477510701,2148.2878842161867,2005.4150198892114
55.94359996870472,-3.192188477510701,S,55.943299968704714,-3.192188477510701,2148.2878842161867,2004.1650198892114
55.943299968704714,-3.192188477510701,N,55.94359996870472,-3.192188477510701,2148.2878842161867,2002.9150198892114
55.94359996870472,-3.192188477510701,S,55.943299968704714,-3.192188477510701,2148.2878842161867,2001.6650198892114
55.943299968704714,-3.192188477510701,N,55.94359996870472,-3.192188477510701,2148.2878842161867,2000.4150198892114
55.94359996870472,-3.192188477510701,S,55.943299968704714,-3.192188477510701,2148.2878842161867,1999.1650198892114
55.943299968704714,-3.192188477510701,N,55.94359996870472,-3.192188477510701,2148.2878842161867,1997.9150198892114
55.94359996870472,-3.192188477510701,S,55.943299968704714,-3.192188477510701,2148.2878842161867,1996.6650198892114
55.943299968704714,-3.192188477510701,N,55.94359996870472,-3.192188477510701,2148.2878842161867,1995.4150198892114
55.94359996870472,-3.192188477510701,S,55.943299968704714,-3.192188477510701,2148.2878842161867,1994.1650198892114
55.943299968704714,-3.192188477510701,N,55.94359996870472,-3.192188477510701,2148.2878842161867,1992.9150198892114
55.94359996870472,-3.192188477510701,S,55.943299968704714,-3.192188477510701,2148.2878842161867,1991.6650198892114
55.943299968704714,-3.192188477510701,N,55.94359996870472,-3.192188477510701,2148.2878842161867,1990.4150198892114
55.94359996870472,-3.192188477510701,S,55.943299968704714,-3.192188477510701,2148.2878842161867,1989.1650198892114
55.943299968704714,-3.192188477510701,N,55.94359996870472,-3.192188477510701,2148.2878842161867,1987.9150198892114
55.94359996870472,-3.192188477510701,S,55.943299968704714,-3.192188477510701,2148.2878842161867,1986.6650198892114
55.943299968704714,-3.192188477510701,N,55.94359996870472,-3.192188477510701,2148.2878842161867,1985.4150198892114
55.94359996870472,-3.192188477510701,S,55.943299968704714,-3.192188477510701,2148.2878842161867,1984.1650198892114
55.943299968704714,-3.192188477510701,N,55.94359996870472,-3.192188477510701,2148.2878842161867,1982.9150198892114
55.94359996870472,-3.192188477510701,S,55.943299968704714,-3.192188477510701,2148.2878842161867,1981.6650198892114
55.943299968704714,-3.192188477510701,N,55.94359996870472,-3.192188477510701,2148.2878842161867,1980.4150198892114
55.94359996870472,-3.192188477510701,S,55.943299968704714,-3.192188477510701,2148.2878842161867,1979.1650198892114
55.943299968704714,-3.192188477510701,N,55.94359996870472,-3.192188477510701,2148.2878842161867,1977.9150198892114
55.94359996870472,-3.192188477510701,S,55.943299968704714,-3.192188477510701,2148.2878842161867,1976.6650198892114
55.943299968704714,-3.192188477510701,N,55.94359996870472,-3.192188477510701,2148.2878842161867,1975.4150198892114
55.94359996870472,-3.192188477510701,S,55.943299968704714,-3.192188477510701,2148.2878842161867,1974.1650198892114
55.943299968704714,-3.192188477510701,N,55.94359996870472,-3.192188477510701,2148.2878842161867,1972.9150198892114
55.94359996870472,-3.192188477510701,S,55.943299968704714,-3.192188477510701,2148.2878842161867,1971.6650198892114
55.943299968704714,-3.192188477510701,N,55.94359996870472,-3.192188477510701,2148.2878842161867,1970.4150198892114
55.94359996870472,-3.192188477510701,S,55.943299968704714,-3.192188477510701,2148.2878842161867,1969.1650198892114
55.943299968704714,-3.192188477510701,N,55.94359996870472,-3.192188477510701,2148.2878842161867,1967.9150198892114
55.94359996870472,-3.192188477510701,S,55.943299968704714,-3.192188477510701,2148.2878842161867,1966.6650198892114
55.943299968704714,-3.192188477510701,N,55.94359996870472,-3.192188477510701,2148.2878842161867,1965.4150198892114
55.94359996870472,-3.192188477510701,S,55.943299968704714,-3.192188477510701,2148.2878842161867,1964.1650198892114
55.943299968704714,-3.192188477510701,N,55.94359996870472,-3.192188477510701,2148.2878842161867,1962.9150198892114
55.94359996870472,-3.192188477510701,S,55.943299968704714,-3.192188477510701,2148.2878842161867,1961.6650198892114
55.943299968704714,-3.192188477510701,N,55.94359996870472,-3.192188477510701,2148.2878842161867,1960.4150198892114
55.94359996870472,-3.192188477510701,S,55.943299968704714,-3.192188477510701,2148.2878842161867,1959.1650198892114
55.943299968704714,-3.192188477510701,N,55.94359996870472,-3.192188477510701,2148.2878842161867,1957.9150198892114
55.94359996870472,-3.192188477510701,S,55.943299968704714,-3.192188477510701,2148.2878842161867,1956.6650198892114
55.943299968704714,-3.192188477510701,N,55.94359996870472,-3.192188477510701,2148.2878842161867,1955.4150198892114
55.94359996870472,-3.192188477510701,S,55.943299968704714,-3.192188477510701,2148.2878842161867,1954.1650198892114
55.943299968704714,-3.192188477510701,N,55.94359996870472,-3.192188477510701,2148.2878842161867,1952.9150198892114
55.94359996870472,-3.192188477510701,S,55.943299968704714,-3.192188477510701,2148.2878842161867,1951.6650198892114
55.943299968704714,-3.192188477510701,N,55.94359996870472,-3.192188477510701,2148.2878842161867,1950.4150198892114
55.94359996870472,-3.192188477510701,S,55.943299968704714,-3.192188477510701,2148.2878842161867,1949.1650198892114
55.943299968704714,-3.192188477510701,N,55.94359996870472,-3.192188477510701,2148.2878842161867,1947.9150198892114
55.94359996870472,-3.192188477510701,S,55.943299968704714,-3.192188477510701,2148.2878842161867,1946.6650198892114
55.943299968704714,-3.192188477510701,N,55.94359996870472,-3.192188477510701,2148.2878842161867,1945.4150198892114
55.94359996870472,-3.192188477510701,S,55.943299968704714,-3.192188477510701,2148.2878842161867,1944.1650198892114
55.943299968704714,-3.192188477510701,N,55.94359996870472,-3.192188477510701,2148.2878842161867,1942.9150198892114
55.94359996870472,-3.192188477510701,S,55.943299968704714,-3.192188477510701,2148.2878842161867,1941.6650198892114
55.943299968704714,-3.192188477510701,N,55.94359996870472,-3.192188477510701,2148.2878842161867,1940.4150198892114
55.94359996870472,-3.192188477510701,S,55.943299968704714,-3.192188477510701,2148.2878842161867,1939.1650198892114
55.943299968704714,-3.192188477510701,N,55.94359996870472,-3.192188477510701,2148.2878842161867,1937.9150198892114
55.94359996870472,-3.192188477510701,S,55.943299968704714,-3.192188477510701,2148.2878842161867,1936.6650198892114
55.943299968704714,-3.192188477510701,N,55.94359996870472,-3.192188477510701,2148.2878842161867,1935.4150198892114
55.94359996870472,-3.192188477510701,S,55.943299968704714,-3.192188477510701,2148.2878842161867,1934.1650198892114
55.943299968704714,-3.192188477510701,N,55.94359996870472,-3.192188477510701,2148.2878842161867,1932.9150198892114
55.94359996870472,-3.192188477510701,S,55.943299968704714,-3.192188477510701,2148.2878842161867,1931.6650198892114
55.943299968704714,-3.192188477510701,N,55.94359996870472,-3.192188477510701,2148.2878842161867,1930.4150198892114
55.94359996870472,-3.192188477510701,S,55.943299968704714,-3.192188477510701,2148.2878842161867,1929.1650198892114
55.943299968704714,-3.192188477510701,N,55.94359996870472,-3.192188477510701,2148.2878842161867,1927.9150198892114
55.94359996870472,-3.192188477510701,S,55.943299968704714,-3.192188477510701,2148.2878842161867,1926.6650198892114
55.943299968704714,-3.192188477510701,N,55.94359996870472,-3.192188477510701,2148.2878842161867,1925.4150198892114
55.94359996870472,-3.192188477510701,S,55.943299968704714,-3.192188477510701,2148.2878842161867,1924.1650198892114
55.943299968704714,-3.192188477510701,N,55.94359996870472,-3.192188477510701,2148.2878842161867,1922.9150198892114
55.94359996870472,-3.192188477510701,S,55.943299968704714,-3.192188477510701,2148.2878842161867,1921.6650198892114
55.943299968704714,-3.192188477510701,N,55.94359996870472,-3.192188477510701,2148.2878842161867,1920.4150198892114
55.94359996870472,-3.192188477510701,S,55.943299968704714,-3.192188477510701,2148.2878842161867,1919.1650198892114
55.943299968704714,-3.192188477510701,N,55.94359996870472,-3.192188477510701,2148.2878842161867,1917.9150198892114
55.94359996870472,-3.192188477510701,S,55.943299968704714,-3.192188477510701,2148.2878842161867,1916.6650198892114
55.943299968704714,-3.192188477510701,N,55.94359996870472,-3.192188477510701,2148.2878842161867,1915.4150198892114
55.94359996870472,-3.192188477510701,S,55.943299968704714,-3.192188477510701,2148.2878842161867,1914.1650198892114
55.943299968704714,-3.192188477510701,N,55.94359996870472,-3.192188477510701,2148.2878842161867,1912.9150198892114
55.94359996870472,-3.192188477510701,S,55.943299968704714,-3.192188477510701,2148.2878842161867,1911.6650198892114
55.943299968704714,-3.192188477510701,N,55.94359996870472,-3.192188477510701,2148.2878842161867,1910.4150198892114
55.94359996870472,-3.192188477510701,S,55.943299968704714,-3.192188477510701,2148.2878842161867,1909.1650198892114
55.943299968704714,-3.192188477510701,N,55.94359996870472,-3.192188477510701,2148.2878842161867,1907.9150198892114
55.94359996870472,-3.192188477510701,S,55.943299968704714,-3.192188477510701,2148.2878842161867,1906.6650198892114
55.943299968704714,-3.192188477510701,N,55.94359996870472,-3.192188477510701,2148.2878842161867,1905.4150198892114
55.94359996870472,-3.192188477510701,S,55.943299968704714,-3.192188477510701,2148.2878842161867,1904.1650198892114
55.943299968704714,-3.192188477510701,N,55.94359996870472,-3.192188477510701,2148.2878842161867,1902.9150198892114
55.94359996870472,-3.192188477510701,S,55.943299968704714,-3.192188477510701,2148.2878842161867,1901.6650198892114
55.943299968704714,-3.192188477510701,N,55.94359996870472,-3.192188477510701,2148.2878842161867,1900.4150198892114
55.94359996870472,-3.192188477510701,S,55.943299968704714,-3.192188477510701,2148.2878842161867,1899.1650198892114
55.943299968704714,-3.192188477510701,N,55.94359996870472,-3.192188477510701,2148.2878842161867,1897.9150198892114
55.94359996870472,-3.192188477510701,S,55.943299968704714,-3.192188477510701,2148.2878842161867,1896.6650198892114
55.943299968704714,-3.192188477510701,N,55.94359996870472,-3.192188477510701,2148.2878842161867,1895.4150198892114
55.94359996870472,-3.192188477510701,S,55.943299968704714,-3.192188477510701,2148.2878842161867,1894.1650198892114
55.943299968704714,-3.192188477510701,N,55.94359996870472,-3.192188477510701,2148.2878842161867,1892.9150198892114
55.94359996870472,-3.192188477510701,S,55.943299968704714,-3.192188477510701,2148.2878842161867,1891.6650198892114
55.943299968704714,-3.192188477510701,N,55.94359996870472,-3.192188477510701,2148.2878842161867,1890.4150198892114
55.94359996870472,-3.192188477510701,S,55.943299968704714,-3.192188477510701,2148.2878842161867,1889.1650198892114
55.943299968704714,-3.192188477510701,N,55.94359996870472,-3.192188477510701,2148.2878842161867,1887.9150198892114
55.94359996870472,-3.192188477510701,S,55.943299968704714,-3.192188477510701,2148.2878842161867,1886.6650198892114
55.943299968704714,-3.192188477510701,N,55.94359996870472,-3.192188477510701,2148.2878842161867,1885.4150198892114
55.94359996870472,-3.192188477510701,S,55.943299968704714,-3.192188477510701,2148.2878842161867,1884.1650198892114
55.943299968704714,-3.192188477510701,N,55.94359996870472,-3.192188477510701,2148.2878842161867,1882.9150198892114
55.94359996870472,-3.192188477510701,S,55.943299968704714,-3.192188477510701,2148.2878842161867,1881.6650198892114
55.943299968704714,-3.192188477510701,N,55.94359996870472,-3.192188477510701,2148.2878842161867,1880.4150198892114
55.94359996870472,-3.192188477510701,S,55.943299968704714,-3.192188477510701,2148.2878842161867,1879.1650198892114
55.943299968704714,-3.192188477510701,N,55.94359996870472,-3.192188477510701,2148.2878842161867,1877.9150198892114
55.94359996870472,-3.192188477510701,S,55.943299968704714,-3.192188477510701,2148.2878842161867,1876.6650198892114
55.943299968704714,-3.192188477510701,N,55.94359996870472,-3.192188477510701,2148.2878842161867,1875.4150198892114
55.94359996870472,-3.192188477510701,S,55.943299968704714,-3.192188477510701,2148.2878842161867,1874.1650198892114
55.943299968704714,-3.192188477510701,N,55.94359996870472,-3.192188477510701,2148.2878842161867,1872.9150198892114
55.94359996870472,-3.192188477510701,S,55.943299968704714,-3.192188477510701,2148.2878842161867,1871.6650198892114
55.943299968704714,-3.192188477510701,N,55.94359996870472,-3.192188477510701,2148.2878842161867,1870.4150198892114
55.94359996870472,-3.192188477510701,S,55.943299968704714,-3.192188477510701,2148.2878842161867,1869.1650198892114
55.943299968704714,-3.192188477510701,N,55.94359996870472,-3.192188477510701,2148.2878842161867,1867.9150198892114
55.94359996870472,-3.192188477510701,S,55.943299968704714,-3.192188477510701,2148.2878842161867,1866.6650198892114
55.943299968704714,-3.192188477510701,N,55.94359996870472,-3.192188477510701,2148.2878842161867,1865.4150198892114
55.94359996870472,-3.192188477510701,S,55.943299968704714,-3.192188477510701,2148.2878842161867,1864.1650198892114
55.943299968704714,-3.192188477510701,N,55.94359996870472,-3.192188477510701,2148.2878842161867,1862.9150198892114
55.94359996870472,-3.192188477510701,S,55.943299968704714,-3.192188477510701,2148.2878842161867,1861.6650198892114
55.943299968704714,-3.192188477510701,N,55.94359996870472,-3.192188477510701,2148.2878842161867,1860.4150198892114
