55.944425,-3.188396,SSW,55.944147836140246,-3.1885108050297095,8.964300693336202,361.02849196481327
55.944147836140246,-3.1885108050297095,E,55.944147836140246,-3.1882108050297093,108.85268296771252,435.5110724567403
55.944147836140246,-3.1882108050297093,SW,55.94393570410589,-3.188422937064065,108.85268296771252,434.2610724567403
55.94393570410589,-3.188422937064065,WSW,55.94382089907618,-3.1887001009238185,167.13503303026675,551.8496530534646
55.94382089907618,-3.1887001009238185,W,55.94382089907618,-3.1890001009238187,167.13503303026675,550.5996530534646
55.94382089907618,-3.1890001009238187,W,55.94382089907618,-3.189300100923819,235.1660475893882,656.3107170168795
55.94382089907618,-3.189300100923819,S,55.94352089907618,-3.189300100923819,297.2199456860013,684.2190854328305
55.94352089907618,-3.189300100923819,W,55.94352089907618,-3.189600100923819,297.2199456860013,682.9690854328305
55.94352089907618,-3.189600100923819,W,55.94352089907618,-3.1899001009238193,401.94795254132896,805.8055469052874
55.94352089907618,-3.1899001009238193,NW,55.94373303111053,-3.190112232958175,436.9076936214594,886.5687495880277
55.94373303111053,-3.190112232958175,W,55.94373303111053,-3.190412232958175,436.9076936214594,885.3187495880277
55.94373303111053,-3.190412232958175,W,55.94373303111053,-3.1907122329581754,501.1297827576023,1000.1118400004228
55.94373303111053,-3.1907122329581754,WSW,55.94361822608082,-3.190989396817929,560.3775591043807,1014.8956391047958
55.94361822608082,-3.190989396817929,NNE,55.94389538994058,-3.1908745917882193,560.3775591043807,1013.6456391047958
55.94389538994058,-3.1908745917882193,NNE,55.944172553800335,-3.19075978675851,576.2310122046712,1105.6510565787933
55.944172553800335,-3.19075978675851,WNW,55.944287358830046,-3.191036950618263,576.2310122046712,1104.4010565787933
55.944287358830046,-3.191036950618263,WNW,55.944402163859756,-3.1913141144780166,676.5667400389474,1143.2696330357562
55.944402163859756,-3.1913141144780166,NNW,55.94467932771951,-3.191428919507726,683.6747151290576,1217.4097710661981
55.94467932771951,-3.191428919507726,SW,55.94446719568516,-3.191641051542082,683.6747151290576,1216.1597710661981
55.94446719568516,-3.191641051542082,SSW,55.9441900318254,-3.1917558565717914,771.0710792778468,1240.4864613145394
55.9441900318254,-3.1917558565717914,SSW,55.94391286796564,-3.191870661601501,771.0710792778468,1239.2364613145394
55.94391286796564,-3.191870661601501,SSW,55.94363570410589,-3.1919854666312104,852.0128176648311,1316.8577934657756
55.94363570410589,-3.1919854666312104,NE,55.94384783614024,-3.1917733345968546,852.0128176648311,1315.6077934657756
55.94384783614024,-3.1917733345968546,NNE,55.944125,-3.191658529567145,852.0128176648311,1314.3577934657756
55.944125,-3.191658529567145,NNE,55.944402163859756,-3.1915437245374356,852.0128176648311,1313.1077934657756
55.944402163859756,-3.1915437245374356,NNE,55.94467932771951,-3.191428919507726,852.0128176648311,1311.8577934657756
55.94467932771951,-3.191428919507726,NNE,55.94495649157927,-3.1913141144780166,852.0128176648311,1310.6077934657756
55.94495649157927,-3.1913141144780166,N,55.94525649157927,-3.1913141144780166,947.6615907935903,1425.213173955716
55.94525649157927,-3.1913141144780166,E,55.94525649157927,-3.1910141144780164,947.6615907935903,1423.963173955716
55.94525649157927,-3.1910141144780164,E,55.94525649157927,-3.1907141144780162,947.6615907935903,1422.713173955716
55.94525649157927,-3.1907141144780162,E,55.94525649157927,-3.190414114478016,1031.9674595923586,1443.2094106320335
55.94525649157927,-3.190414114478016,ENE,55.94537129660898,-3.1901369506182626,1031.9674595923586,1441.9594106320335
55.94537129660898,-3.1901369506182626,E,55.94537129660898,-3.1898369506182624,1031.9674595923586,1440.7094106320335
55.94537129660898,-3.1898369506182624,E,55.94537129660898,-3.1895369506182623,1103.1791024237264,1526.0901317685066
55.94537129660898,-3.1895369506182623,SSE,55.945094132749226,-3.1894221455885527,1103.1791024237264,1524.8401317685066
55.945094132749226,-3.1894221455885527,SSE,55.94481696888947,-3.1893073405588432,1103.1791024237264,1523.5901317685066
55.94481696888947,-3.1893073405588432,SSE,55.94453980502971,-3.1891925355291337,1103.1791024237264,1522.3401317685066
55.94453980502971,-3.1891925355291337,SSE,55.944262641169956,-3.1890777304994242,1103.1791024237264,1521.0901317685066
55.944262641169956,-3.1890777304994242,SSE,55.9439854773102,-3.1889629254697147,1103.1791024237264,1519.8401317685066
55.9439854773102,-3.1889629254697147,SSE,55.94370831345044,-3.188848120440005,1103.1791024237264,1518.5901317685066
55.94370831345044,-3.188848120440005,SSE,55.94343114959069,-3.1887333154102957,1103.1791024237264,1517.3401317685066
55.94343114959069,-3.1887333154102957,SE,55.94321901755633,-3.18852118337594,1132.9306883075542,1618.780441962681
55.94321901755633,-3.18852118337594,ENE,55.94333382258604,-3.1882440195161865,1132.9306883075542,1617.530441962681
55.94333382258604,-3.1882440195161865,ESE,55.94321901755633,-3.187966855656433,1132.9306883075542,1616.280441962681
55.94321901755633,-3.187966855656433,ESE,55.94310421252662,-3.1876896917966797,1132.9306883075542,1615.030441962681
55.94310421252662,-3.1876896917966797,SE,55.942892080492264,-3.187477559762324,1133.2815486995692,1730.8821292988214
55.942892080492264,-3.187477559762324,E,55.942892080492264,-3.1871775597623238,1133.2815486995692,1729.6321292988214
55.942892080492264,-3.1871775597623238,E,55.942892080492264,-3.1868775597623236,1133.2815486995692,1728.3821292988214
55.942892080492264,-3.1868775597623236,E,55.942892080492264,-3.1865775597623234,1133.2815486995692,1727.1321292988214
55.942892080492264,-3.1865775597623234,E,55.942892080492264,-3.186277559762323,1194.8919940989006,1771.4595833157841
55.942892080492264,-3.186277559762323,E,55.942892080492264,-3.185977559762323,1194.8919940989006,1770.2095833157841
55.942892080492264,-3.185977559762323,E,55.942892080492264,-3.185677559762323,1194.8919940989006,1768.9595833157841
55.942892080492264,-3.185677559762323,E,55.942892080492264,-3.1853775597623226,1194.8919940989006,1767.7095833157841
55.942892080492264,-3.1853775597623226,ENE,55.943006885521974,-3.185100395902569,1241.0004037597996,1843.3936761234306
55.943006885521974,-3.185100395902569,NE,55.94321901755633,-3.1848882638682134,1241.0004037597996,1842.1436761234306
55.94321901755633,-3.1848882638682134,ENE,55.94333382258604,-3.18461110000846,1241.0004037597996,1840.8936761234306
55.94333382258604,-3.18461110000846,NE,55.9435459546204,-3.1843989679741043,1245.5880351137744,1943.8101696069853
55.9435459546204,-3.1843989679741043,NNW,55.943823118480154,-3.1845137730038138,1245.5880351137744,1942.5601696069853
55.943823118480154,-3.1845137730038138,NNW,55.94410028233991,-3.1846285780335233,1318.7120490251596,2004.9320498538223
55.94410028233991,-3.1846285780335233,W,55.94410028233991,-3.1849285780335235,1326.1330573949874,2080.884233734792
55.94410028233991,-3.1849285780335235,NNE,55.94437744619967,-3.184813773003814,1450.2042751442623,2097.6798159036907
55.94437744619967,-3.184813773003814,N,55.94467744619967,-3.184813773003814,1450.2042751442623,2096.4298159036907
55.94467744619967,-3.184813773003814,NNE,55.944954610059426,-3.1846989679741045,1504.2588652232987,2183.110296123769
55.944954610059426,-3.1846989679741045,NE,55.94516674209378,-3.1844868359397487,1520.0567163992398,2234.1013888838293
55.94516674209378,-3.1844868359397487,NNW,55.94544390595354,-3.184601640969458,1520.0567163992398,2232.8513888838293
55.94544390595354,-3.184601640969458,NW,55.945656037987895,-3.184813773003814,1520.0567163992398,2231.6013888838293
55.945656037987895,-3.184813773003814,NNW,55.94593320184765,-3.1849285780335235,1626.3159579806597,2310.7367709741034
55.94593320184765,-3.1849285780335235,WNW,55.94604800687736,-3.185205741893277,1626.3159579806597,2309.4867709741034
55.94604800687736,-3.185205741893277,WNW,55.94616281190707,-3.1854829057530303,1639.8827830001512,2364.201887582743
55.94616281190707,-3.1854829057530303,SSW,55.945885648047316,-3.18559771078274,1639.8827830001512,2362.951887582743
55.945885648047316,-3.18559771078274,WSW,55.945770843017606,-3.185874874642493,1639.8827830001512,2361.701887582743
55.945770843017606,-3.185874874642493,NW,55.94598297505196,-3.186087006676849,1705.2059621910787,2435.8711656783425
55.94598297505196,-3.186087006676849,W,55.94598297505196,-3.186387006676849,1705.2059621910787,2434.6211656783425
55.94598297505196,-3.186387006676849,W,55.94598297505196,-3.1866870066768493,1711.4706620808142,2537.371522105467
55.94598297505196,-3.1866870066768493,E,55.94598297505196,-3.186387006676849,1711.4706620808142,2536.121522105467
55.94598297505196,-3.186387006676849,W,55.94598297505196,-3.1866870066768493,1711.4706620808142,2534.871522105467
55.94598297505196,-3.1866870066768493,E,55.94598297505196,-3.186387006676849,1711.4706620808142,2533.621522105467
55.94598297505196,-3.186387006676849,W,55.94598297505196,-3.1866870066768493,1711.4706620808142,2532.371522105467
55.94598297505196,-3.1866870066768493,E,55.94598297505196,-3.186387006676849,1711.4706620808142,2531.121522105467
55.94598297505196,-3.186387006676849,W,55.94598297505196,-3.1866870066768493,1711.4706620808142,2529.871522105467
55.94598297505196,-3.1866870066768493,E,55.94598297505196,-3.186387006676849,1711.4706620808142,2528.621522105467
55.94598297505196,-3.186387006676849,W,55.94598297505196,-3.1866870066768493,1711.4706620808142,2527.371522105467
55.94598297505196,-3.1866870066768493,E,55.94598297505196,-3.186387006676849,1711.4706620808142,2526.121522105467
55.94598297505196,-3.186387006676849,W,55.94598297505196,-3.1866870066768493,1711.4706620808142,2524.871522105467
55.94598297505196,-3.1866870066768493,E,55.94598297505196,-3.186387006676849,1711.4706620808142,2523.621522105467
55.94598297505196,-3.186387006676849,W,55.94598297505196,-3.1866870066768493,1711.4706620808142,2522.371522105467
55.94598297505196,-3.1866870066768493,E,55.94598297505196,-3.186387006676849,1711.4706620808142,2521.121522105467
55.94598297505196,-3.186387006676849,W,55.94598297505196,-3.1866870066768493,1711.4706620808142,2519.871522105467
55.94598297505196,-3.1866870066768493,E,55.94598297505196,-3.186387006676849,1711.4706620808142,2518.621522105467
55.94598297505196,-3.186387006676849,W,55.94598297505196,-3.1866870066768493,1711.4706620808142,2517.371522105467
55.94598297505196,-3.1866870066768493,E,55.94598297505196,-3.186387006676849,1711.4706620808142,2516.121522105467
55.94598297505196,-3.186387006676849,W,55.94598297505196,-3.1866870066768493,1711.4706620808142,2514.871522105467
55.94598297505196,-3.1866870066768493,E,55.94598297505196,-3.186387006676849,1711.4706620808142,2513.621522105467
55.94598297505196,-3.186387006676849,W,55.94598297505196,-3.1866870066768493,1711.4706620808142,2512.371522105467
55.94598297505196,-3.1866870066768493,E,55.94598297505196,-3.186387006676849,1711.4706620808142,2511.121522105467
55.94598297505196,-3.186387006676849,W,55.94598297505196,-3.1866870066768493,1711.4706620808142,2509.871522105467
55.94598297505196,-3.1866870066768493,E,55.94598297505196,-3.186387006676849,1711.4706620808142,2508.621522105467
55.94598297505196,-3.186387006676849,W,55.94598297505196,-3.1866870066768493,1711.4706620808142,2507.371522105467
55.94598297505196,-3.1866870066768493,E,55.94598297505196,-3.186387006676849,1711.4706620808142,2506.121522105467
55.94598297505196,-3.186387006676849,W,55.94598297505196,-3.1866870066768493,1711.4706620808142,2504.871522105467
55.94598297505196,-3.1866870066768493,E,55.94598297505196,-3.186387006676849,1711.4706620808142,2503.621522105467
55.94598297505196,-3.186387006676849,W,55.94598297505196,-3.1866870066768493,1711.4706620808142,2502.371522105467
55.94598297505196,-3.1866870066768493,E,55.94598297505196,-3.186387006676849,1711.4706620808142,2501.121522105467
55.94598297505196,-3.186387006676849,W,55.94598297505196,-3.1866870066768493,1711.4706620808142,2499.871522105467
55.94598297505196,-3.1866870066768493,E,55.94598297505196,-3.186387006676849,1711.4706620808142,2498.621522105467
55.94598297505196,-3.186387006676849,W,55.94598297505196,-3.1866870066768493,1711.4706620808142,2497.371522105467
55.94598297505196,-3.1866870066768493,E,55.94598297505196,-3.186387006676849,1711.4706620808142,2496.121522105467
55.94598297505196,-3.186387006676849,W,55.94598297505196,-3.1866870066768493,1711.4706620808142,2494.871522105467
55.94598297505196,-3.1866870066768493,E,55.94598297505196,-3.186387006676849,1711.4706620808142,2493.621522105467
55.94598297505196,-3.186387006676849,W,55.94598297505196,-3.1866870066768493,1711.4706620808142,2492.371522105467
55.94598297505196,-3.1866870066768493,E,55.94598297505196,-3.186387006676849,1711.4706620808142,2491.121522105467
55.94598297505196,-3.186387006676849,W,55.94598297505196,-3.1866870066768493,1711.4706620808142,2489.871522105467
55.94598297505196,-3.1866870066768493,E,55.94598297505196,-3.186387006676849,1711.4706620808142,2488.621522105467
55.94598297505196,-3.186387006676849,W,55.94598297505196,-3.1866870066768493,1711.4706620808142,2487.371522105467
55.94598297505196,-3.1866870066768493,E,55.94598297505196,-3.186387006676849,1711.4706620808142,2486.121522105467
55.94598297505196,-3.186387006676849,W,55.94598297505196,-3.1866870066768493,1711.4706620808142,2484.871522105467
55.94598297505196,-3.1866870066768493,E,55.94598297505196,-3.186387006676849,1711.4706620808142,2483.621522105467
55.94598297505196,-3.186387006676849,W,55.94598297505196,-3.1866870066768493,1711.4706620808142,2482.371522105467
55.94598297505196,-3.1866870066768493,E,55.94598297505196,-3.186387006676849,1711.4706620808142,2481.121522105467
55.94598297505196,-3.186387006676849,W,55.94598297505196,-3.1866870066768493,1711.4706620808142,2479.871522105467
55.94598297505196,-3.1866870066768493,E,55.94598297505196,-3.186387006676849,1711.4706620808142,2478.621522105467
55.94598297505196,-3.186387006676849,W,55.94598297505196,-3.1866870066768493,1711.4706620808142,2477.371522105467
55.94598297505196,-3.1866870066768493,E,55.94598297505196,-3.186387006676849,1711.4706620808142,2476.121522105467
55.94598297505196,-3.186387006676849,W,55.94598297505196,-3.1866870066768493,1711.4706620808142,2474.871522105467
55.94598297505196,-3.1866870066768493,E,55.94598297505196,-3.186387006676849,1711.4706620808142,2473.621522105467
55.94598297505196,-3.186387006676849,W,55.94598297505196,-3.1866870066768493,1711.4706620808142,2472.371522105467
55.94598297505196,-3.1866870066768493,E,55.94598297505196,-3.186387006676849,1711.4706620808142,2471.121522105467
55.94598297505196,-3.186387006676849,W,55.94598297505196,-3.1866870066768493,1711.4706620808142,2469.871522105467
55.94598297505196,-3.1866870066768493,E,55.94598297505196,-3.186387006676849,1711.4706620808142,2468.621522105467
55.94598297505196,-3.186387006676849,W,55.94598297505196,-3.1866870066768493,1711.4706620808142,2467.371522105467
55.94598297505196,-3.1866870066768493,E,55.94598297505196,-3.186387006676849,1711.4706620808142,2466.121522105467
55.94598297505196,-3.186387006676849,W,55.94598297505196,-3.1866870066768493,1711.4706620808142,2464.871522105467
55.94598297505196,-3.1866870066768493,E,55.94598297505196,-3.186387006676849,1711.4706620808142,2463.621522105467
55.94598297505196,-3.186387006676849,W,55.94598297505196,-3.1866870066768493,1711.4706620808142,2462.371522105467
55.94598297505196,-3.1866870066768493,E,55.94598297505196,-3.186387006676849,1711.4706620808142,2461.121522105467
55.94598297505196,-3.186387006676849,W,55.94598297505196,-3.1866870066768493,1711.4706620808142,2459.871522105467
55.94598297505196,-3.1866870066768493,E,55.94598297505196,-3.186387006676849,1711.4706620808142,2458.621522105467
55.94598297505196,-3.186387006676849,W,55.94598297505196,-3.1866870066768493,1711.4706620808142,2457.371522105467
55.94598297505196,-3.1866870066768493,E,55.94598297505196,-3.186387006676849,1711.4706620808142,2456.121522105467
55.94598297505196,-3.186387006676849,W,55.94598297505196,-3.1866870066768493,1711.4706620808142,2454.871522105467
55.94598297505196,-3.1866870066768493,E,55.94598297505196,-3.186387006676849,1711.4706620808142,2453.621522105467
55.94598297505196,-3.186387006676849,W,55.94598297505196,-3.1866870066768493,1711.4706620808142,2452.371522105467
55.94598297505196,-3.1866870066768493,E,55.94598297505196,-3.186387006676849,1711.4706620808142,2451.121522105467
55.94598297505196,-3.186387006676849,W,55.94598297505196,-3.1866870066768493,1711.4706620808142,2449.871522105467
55.94598297505196,-3.1866870066768493,E,55.94598297505196,-3.186387006676849,1711.4706620808142,2448.621522105467
55.94598297505196,-3.186387006676849,W,55.94598297505196,-3.1866870066768493,1711.4706620808142,2447.371522105467
55.94598297505196,-3.1866870066768493,E,55.94598297505196,-3.186387006676849,1711.4706620808142,2446.121522105467
55.94598297505196,-3.186387006676849,W,55.94598297505196,-3.1866870066768493,1711.4706620808142,2444.871522105467
55.94598297505196,-3.1866870066768493,E,55.94598297505196,-3.186387006676849,1711.4706620808142,2443.621522105467
55.94598297505196,-3.186387006676849,W,55.94598297505196,-3.1866870066768493,1711.4706620808142,2442.371522105467
55.94598297505196,-3.1866870066768493,E,55.94598297505196,-3.186387006676849,1711.4706620808142,2441.121522105467
55.94598297505196,-3.186387006676849,W,55.94598297505196,-3.1866870066768493,1711.4706620808142,2439.871522105467
55.94598297505196,-3.1866870066768493,E,55.94598297505196,-3.186387006676849,1711.4706620808142,2438.621522105467
55.94598297505196,-3.186387006676849,W,55.94598297505196,-3.1866870066768493,1711.4706620808142,2437.371522105467
55.94598297505196,-3.1866870066768493,E,55.94598297505196,-3.186387006676849,1711.4706620808142,2436.121522105467
55.94598297505196,-3.186387006676849,W,55.94598297505196,-3.1866870066768493,1711.4706620808142,2434.871522105467
55.94598297505196,-3.1866870066768493,E,55.94598297505196,-3.186387006676849,1711.4706620808142,2433.621522105467
55.94598297505196,-3.186387006676849,W,55.94598297505196,-3.1866870066768493,1711.4706620808142,2432.371522105467
55.94598297505196,-3.1866870066768493,E,55.94598297505196,-3.186387006676849,1711.4706620808142,2431.121522105467
55.94598297505196,-3.186387006676849,W,55.94598297505196,-3.1866870066768493,1711.4706620808142,2429.871522105467
55.94598297505196,-3.1866870066768493,E,55.94598297505196,-3.186387006676849,1711.4706620808142,2428.621522105467
55.94598297505196,-3.186387006676849,W,55.94598297505196,-3.1866870066768493,1711.4706620808142,2427.371522105467
55.94598297505196,-3.1866870066768493,E,55.94598297505196,-3.186387006676849,1711.4706620808142,2426.121522105467
55.94598297505196,-3.186387006676849,W,55.94598297505196,-3.1866870066768493,1711.4706620808142,2424.871522105467
55.94598297505196,-3.1866870066768493,E,55.94598297505196,-3.186387006676849,1711.4706620808142,2423.621522105467
55.94598297505196,-3.186387006676849,W,55.94598297505196,-3.1866870066768493,1711.4706620808142,2422.371522105467
55.94598297505196,-3.1866870066768493,E,55.94598297505196,-3.186387006676849,1711.4706620808142,2421.121522105467
55.94598297505196,-3.186387006676849,W,55.94598297505196,-3.1866870066768493,1711.4706620808142,2419.871522105467
55.94598297505196,-3.1866870066768493,E,55.94598297505196,-3.186387006676849,1711.4706620808142,2418.621522105467
55.94598297505196,-3.186387006676849,W,55.94598297505196,-3.1866870066768493,1711.4706620808142,2417.371522105467
55.94598297505196,-3.1866870066768493,E,55.94598297505196,-3.186387006676849,1711.4706620808142,2416.121522105467
55.94598297505196,-3.186387006676849,W,55.94598297505196,-3.1866870066768493,1711.4706620808142,2414.871522105467
55.94598297505196,-3.1866870066768493,E,55.94598297505196,-3.186387006676849,1711.4706620808142,2413.621522105467
55.94598297505196,-3.186387006676849,W,55.94598297505196,-3.1866870066768493,1711.4706620808142,2412.371522105467
55.94598297505196,-3.1866870066768493,E,55.94598297505196,-3.186387006676849,1711.4706620808142,2411.121522105467
55.94598297505196,-3.186387006676849,W,55.94598297505196,-3.1866870066768493,1711.4706620808142,2409.871522105467
55.94598297505196,-3.1866870066768493,E,55.94598297505196,-3.186387006676849,1711.4706620808142,2408.621522105467
55.94598297505196,-3.186387006676849,W,55.94598297505196,-3.1866870066768493,1711.4706620808142,2407.371522105467
55.94598297505196,-3.1866870066768493,E,55.94598297505196,-3.186387006676849,1711.4706620808142,2406.121522105467
55.94598297505196,-3.186387006676849,W,55.94598297505196,-3.1866870066768493,1711.4706620808142,2404.871522105467
55.94598297505196,-3.1866870066768493,E,55.94598297505196,-3.186387006676849,1711.4706620808142,2403.621522105467
55.94598297505196,-3.186387006676849,W,55.94598297505196,-3.1866870066768493,1711.4706620808142,2402.371522105467
55.94598297505196,-3.1866870066768493,E,55.94598297505196,-3.186387006676849,1711.4706620808142,2401.121522105467
55.94598297505196,-3.186387006676849,W,55.94598297505196,-3.1866870066768493,1711.4706620808142,2399.871522105467
55.94598297505196,-3.1866870066768493,E,55.94598297505196,-3.186387006676849,1711.4706620808142,2398.621522105467
55.94598297505196,-3.186387006676849,W,55.94598297505196,-3.1866870066768493,1711.4706620808142,2397.371522105467
55.94598297505196,-3.1866870066768493,E,55.94598297505196,-3.186387006676849,1711.4706620808142,2396.121522105467
55.94598297505196,-3.186387006676849,W,55.94598297505196,-3.1866870066768493,1711.4706620808142,2394.871522105467
55.94598297505196,-3.1866870066768493,E,55.94598297505196,-3.186387006676849,1711.4706620808142,2393.621522105467
55.94598297505196,-3.186387006676849,W,55.94598297505196,-3.1866870066768493,1711.4706620808142,2392.371522105467
55.94598297505196,-3.1866870066768493,E,55.94598297505196,-3.186387006676849,1711.4706620808142,2391.121522105467
55.94598297505196,-3.186387006676849,W,55.94598297505196,-3.1866870066768493,1711.4706620808142,2389.871522105467
55.94598297505196,-3.1866870066768493,E,55.94598297505196,-3.186387006676849,1711.4706620808142,2388.621522105467
55.94598297505196,-3.186387006676849,W,55.94598297505196,-3.1866870066768493,1711.4706620808142,2387.371522105467
55.94598297505196,-3.1866870066768493,E,55.94598297505196,-3.186387006676849,1711.4706620808142,2386.121522105467
55.94598297505196,-3.186387006676849,W,55.94598297505196,-3.1866870066768493,1711.4706620808142,2384.871522105467
55.94598297505196,-3.1866870066768493,E,55.94598297505196,-3.186387006676849,1711.4706620808142,2383.621522105467
55.94598297505196,-3.186387006676849,W,55.94598297505196,-3.1866870066768493,1711.4706620808142,2382.371522105467
55.94598297505196,-3.1866870066768493,E,55.94598297505196,-3.186387006676849,1711.4706620808142,2381.121522105467
55.94598297505196,-3.186387006676849,W,55.94598297505196,-3.1866870066768493,1711.4706620808142,2379.871522105467
55.94598297505196,-3.1866870066768493,E,55.94598297505196,-3.186387006676849,1711.4706620808142,2378.621522105467
55.94598297505196,-3.186387006676849,W,55.94598297505196,-3.1866870066768493,1711.4706620808142,2377.371522105467
55.94598297505196,-3.1866870066768493,E,55.94598297505196,-3.186387006676849,1711.4706620808142,2376.121522105467
55.94598297505196,-3.186387006676849,W,55.94598297505196,-3.1866870066768493,1711.4706620808142,2374.871522105467
55.94598297505196,-3.1866870066768493,E,55.94598297505196,-3.186387006676849,1711.4706620808142,2373.621522105467
55.94598297505196,-3.186387006676849,W,55.94598297505196,-3.1866870066768493,1711.4706620808142,2372.371522105467
55.94598297505196,-3.1866870066768493,E,55.94598297505196,-3.186387006676849,1711.4706620808142,2371.121522105467
55.94598297505196,-3.186387006676849,W,55.94598297505196,-3.1866870066768493,1711.4706620808142,2369.871522105467
55.94598297505196,-3.1866870066768493,E,55.94598297505196,-3.186387006676849,1711.4706620808142,2368.621522105467
55.94598297505196,-3.186387006676849,W,55.94598297505196,-3.1866870066768493,1711.4706620808142,2367.371522105467
55.94598297505196,-3.1866870066768493,E,55.94598297505196,-3.186387006676849,1711.4706620808142,2366.121522105467
55.94598297505196,-3.186387006676849,W,55.94598297505196,-3.1866870066768493,1711.4706620808142,2364.871522105467
55.94598297505196,-3.1866870066768493,E,55.94598297505196,-3.186387006676849,1711.4706620808142,2363.621522105467
55.94598297505196,-3.186387006676849,W,55.94598297505196,-3.1866870066768493,1711.4706620808142,2362.371522105467
55.94598297505196,-3.1866870066768493,E,55.94598297505196,-3.186387006676849,1711.4706620808142,2361.121522105467
55.94598297505196,-3.186387006676849,W,55.94598297505196,-3.1866870066768493,1711.4706620808142,2359.871522105467
55.94598297505196,-3.1866870066768493,E,55.94598297505196,-3.186387006676849,1711.4706620808142,2358.621522105467
55.94598297505196,-3.186387006676849,W,55.94598297505196,-3.1866870066768493,1711.4706620808142,2357.371522105467
55.94598297505196,-3.1866870066768493,E,55.94598297505196,-3.186387006676849,1711.4706620808142,2356.121522105467
55.94598297505196,-3.186387006676849,W,55.94598297505196,-3.1866870066768493,1711.4706620808142,2354.871522105467
55.94598297505196,-3.1866870066768493,E,55.94598297505196,-3.186387006676849,1711.4706620808142,2353.621522105467
55.94598297505196,-3.186387006676849,W,55.94598297505196,-3.1866870066768493,1711.4706620808142,2352.371522105467
55.94598297505196,-3.1866870066768493,E,55.94598297505196,-3.186387006676849,1711.4706620808142,2351.121522105467
55.94598297505196,-3.186387006676849,W,55.94598297505196,-3.1866870066768493,1711.4706620808142,2349.871522105467
55.94598297505196,-3.1866870066768493,E,55.94598297505196,-3.186387006676849,1711.4706620808142,2348.621522105467
55.94598297505196,-3.186387006676849,W,55.94598297505196,-3.1866870066768493,1711.4706620808142,2347.371522105467
55.94598297505196,-3.1866870066768493,E,55.94598297505196,-3.186387006676849,1711.4706620808142,2346.121522105467
55.94598297505196,-3.186387006676849,W,55.94598297505196,-3.1866870066768493,1711.4706620808142,2344.871522105467
55.94598297505196,-3.1866870066768493,E,55.94598297505196,-3.186387006676849,1711.4706620808142,2343.621522105467
55.94598297505196,-3.186387006676849,W,55.94598297505196,-3.1866870066768493,1711.4706620808142,2342.371522105467
55.94598297505196,-3.1866870066768493,E,55.94598297505196,-3.186387006676849,1711.4706620808142,2341.121522105467
55.94598297505196,-3.186387006676849,W,55.94598297505196,-3.1866870066768493,1711.4706620808142,2339.871522105467
55.94598297505196,-3.1866870066768493,E,55.94598297505196,-3.186387006676849,1711.4706620808142,2338.621522105467
55.94598297505196,-3.186387006676849,W,55.94598297505196,-3.1866870066768493,1711.4706620808142,2337.371522105467
55.94598297505196,-3.1866870066768493,E,55.94598297505196,-3.186387006676849,1711.4706620808142,2336.121522105467
55.94598297505196,-3.186387006676849,W,55.94598297505196,-3.1866870066768493,1711.4706620808142,2334.871522105467
55.94598297505196,-3.1866870066768493,E,55.94598297505196,-3.186387006676849,1711.4706620808142,2333.621522105467
55.94598297505196,-3.186387006676849,W,55.94598297505196,-3.1866870066768493,1711.4706620808142,2332.371522105467
55.94598297505196,-3.1866870066768493,E,55.94598297505196,-3.186387006676849,1711.4706620808142,2331.121522105467
55.94598297505196,-3.186387006676849,W,55.94598297505196,-3.1866870066768493,1711.4706620808142,2329.871522105467
55.94598297505196,-3.1866870066768493,E,55.94598297505196,-3.186387006676849,1711.4706620808142,2328.621522105467
55.94598297505196,-3.186387006676849,W,55.94598297505196,-3.1866870066768493,1711.4706620808142,2327.371522105467
55.94598297505196,-3.1866870066768493,E,55.94598297505196,-3.186387006676849,1711.4706620808142,2326.121522105467
55.94598297505196,-3.186387006676849,W,55.94598297505196,-3.1866870066768493,1711.4706620808142,2324.871522105467
55.94598297505196,-3.1866870066768493,E,55.94598297505196,-3.186387006676849,1711.4706620808142,2323.621522105467
55.94598297505196,-3.186387006676849,W,55.94598297505196,-3.1866870066768493,1711.4706620808142,2322.371522105467
55.94598297505196,-3.1866870066768493,E,55.94598297505196,-3.186387006676849,1711.4706620808142,2321.121522105467
55.94598297505196,-3.186387006676849,W,55.94598297505196,-3.1866870066768493,1711.4706620808142,2319.871522105467
55.94598297505196,-3.1866870066768493,E,55.94598297505196,-3.186387006676849,1711.4706620808142,2318.621522105467
55.94598297505196,-3.186387006676849,W,55.94598297505196,-3.1866870066768493,1711.4706620808142,2317.371522105467
