55.944425,-3.188396,NW,55.94463713203436,-3.188608132034356,32.54639653158925,285.6660973842968
55.94463713203436,-3.188608132034356,WNW,55.94475193706407,-3.188885295894109,45.649458153792665,300.6468118364351
55.94475193706407,-3.188885295894109,WNW,55.94486674209378,-3.1891624597538626,45.649458153792665,299.3968118364351
55.94486674209378,-3.1891624597538626,WNW,55.94498154712349,-3.189439623613616,142.15788481079755,310.26480502378496
55.94498154712349,-3.189439623613616,NE,55.945193679157846,-3.18922749157926,142.15788481079755,309.01480502378496
55.945193679157846,-3.18922749157926,ENE,55.94530848418756,-3.188950327719507,142.15788481079755,307.76480502378496
55.94530848418756,-3.188950327719507,N,55.94560848418756,-3.188950327719507,195.7524026046527,393.8627135840933
55.94560848418756,-3.188950327719507,ESE,55.94549367915785,-3.1886731638597534,231.77978067507922,405.6848108624563
55.94549367915785,-3.1886731638597534,NNW,55.945770843017606,-3.188787968889463,275.00281469933077,487.90223749791187
55.945770843017606,-3.188787968889463,WNW,55.945885648047316,-3.1890651327492163,396.0612587558925,501.50364975105833
55.945885648047316,-3.1890651327492163,SE,55.94567351601296,-3.1888530007148606,396.0612587558925,500.25364975105833
55.94567351601296,-3.1888530007148606,SE,55.9454613839786,-3.188640868680505,396.0612587558925,499.00364975105833
55.9454613839786,-3.188640868680505,ESE,55.94534657894889,-3.1883637048207514,396.0612587558925,497.75364975105833
55.94534657894889,-3.1883637048207514,SE,55.94513444691454,-3.1881515727863956,496.16538954386505,541.837529871447
55.94513444691454,-3.1881515727863956,ENE,55.94524925194425,-3.187874408926642,560.5334315046775,572.2660682050448
55.94524925194425,-3.187874408926642,SSW,55.94497208808449,-3.1879892139563517,560.5334315046775,571.0160682050448
55.94497208808449,-3.1879892139563517,SSW,55.944694924224734,-3.188104018986061,560.5334315046775,569.7660682050448
55.944694924224734,-3.188104018986061,S,55.94439492422473,-3.188104018986061,560.5334315046775,568.5160682050448
55.94439492422473,-3.188104018986061,SSW,55.944117760364975,-3.1882188240157707,601.5884016485311,602.0985469736554
55.944117760364975,-3.1882188240157707,ESE,55.944002955335264,-3.1879416601560173,669.3770331481697,640.5476962895893
55.944002955335264,-3.1879416601560173,SE,55.94379082330091,-3.1877295281216615,669.3770331481697,639.2976962895893
55.94379082330091,-3.1877295281216615,SSE,55.94351365944115,-3.187614723091952,694.9337010830318,708.1763791862577
55.94351365944115,-3.187614723091952,ESE,55.94339885441144,-3.1873375592321986,722.8045412883857,736.7325100625027
55.94339885441144,-3.1873375592321986,E,55.94339885441144,-3.1870375592321984,722.8045412883857,735.4825100625027
55.94339885441144,-3.1870375592321984,ESE,55.94328404938173,-3.186760395372445,747.1340787235391,800.0030754886212
55.94328404938173,-3.186760395372445,E,55.94328404938173,-3.186460395372445,747.1340787235391,798.7530754886212
55.94328404938173,-3.186460395372445,ESE,55.94316924435202,-3.1861832315126914,834.9857698521896,823.3824523217581
55.94316924435202,-3.1861832315126914,N,55.94346924435202,-3.1861832315126914,920.8478502901573,893.0499169125231
55.94346924435202,-3.1861832315126914,NW,55.94368137638638,-3.186395363547047,1012.7494373929878,902.8238397713186
55.94368137638638,-3.186395363547047,ENE,55.94379618141609,-3.186118199687294,1012.7494373929878,901.5738397713186
55.94379618141609,-3.186118199687294,E,55.94379618141609,-3.1858181996872936,1037.0654094775991,993.2483166070107
55.94379618141609,-3.1858181996872936,NNW,55.94407334527585,-3.185933004717003,1037.0654094775991,991.9983166070107
55.94407334527585,-3.185933004717003,W,55.94407334527585,-3.1862330047170033,1037.0654094775991,990.7483166070107
55.94407334527585,-3.1862330047170033,NW,55.9442854773102,-3.186445136751359,1037.0654094775991,989.4983166070107
55.9442854773102,-3.186445136751359,NNE,55.94456264116996,-3.1863303317216496,1129.3188293955322,1016.1791125908194
55.94456264116996,-3.1863303317216496,ENE,55.94467744619967,-3.186053167861896,1129.3188293955322,1014.9291125908194
55.94467744619967,-3.186053167861896,E,55.94467744619967,-3.185753167861896,1129.3188293955322,1013.6791125908194
55.94467744619967,-3.185753167861896,ENE,55.94479225122938,-3.1854760040021426,1220.7738202402356,1036.0184359960306
55.94479225122938,-3.1854760040021426,N,55.94509225122938,-3.1854760040021426,1220.7738202402356,1034.7684359960306
55.94509225122938,-3.1854760040021426,N,55.945392251229386,-3.1854760040021426,1344.1725009063011,1088.5301638121095
55.945392251229386,-3.1854760040021426,NNE,55.94566941508914,-3.185361198972433,1344.1725009063011,1087.2801638121095
55.94566941508914,-3.185361198972433,NNE,55.9459465789489,-3.1852463939427236,1392.2754752497797,1156.1222388434915
55.9459465789489,-3.1852463939427236,SSE,55.94566941508914,-3.185131588913014,1392.2754752497797,1154.8722388434915
55.94566941508914,-3.185131588913014,SE,55.945457283054786,-3.1849194568786583,1392.2754752497797,1153.6222388434915
55.945457283054786,-3.1849194568786583,SSE,55.94518011919503,-3.184804651848949,1392.2754752497797,1152.3722388434915
55.94518011919503,-3.184804651848949,SE,55.94496798716067,-3.184592519814593,1409.9931552725398,1183.4844061777962
55.94496798716067,-3.184592519814593,S,55.94466798716067,-3.184592519814593,1409.9931552725398,1182.2344061777962
55.94466798716067,-3.184592519814593,S,55.94436798716067,-3.184592519814593,1409.9931552725398,1180.9844061777962
55.94436798716067,-3.184592519814593,S,55.944067987160665,-3.184592519814593,1409.9931552725398,1179.7344061777962
55.944067987160665,-3.184592519814593,S,55.94376798716066,-3.184592519814593,1409.9931552725398,1178.4844061777962
55.94376798716066,-3.184592519814593,SSW,55.943490823300905,-3.1847073248443025,1409.9931552725398,1177.2344061777962
55.943490823300905,-3.1847073248443025,S,55.9431908233009,-3.1847073248443025,1409.9931552725398,1175.9844061777962
55.9431908233009,-3.1847073248443025,SSW,55.942913659441146,-3.184822129874012,1409.9931552725398,1174.7344061777962
55.942913659441146,-3.184822129874012,SSW,55.94263649558139,-3.1849369349037215,1494.6680173546877,1196.9675745177058
55.94263649558139,-3.1849369349037215,W,55.94263649558139,-3.1852369349037217,1590.7002770921156,1232.5857388351267
55.94263649558139,-3.1852369349037217,WNW,55.9427513006111,-3.185514098763475,1590.7002770921156,1231.3357388351267
55.9427513006111,-3.185514098763475,W,55.9427513006111,-3.1858140987634753,1590.7002770921156,1230.0857388351267
55.9427513006111,-3.1858140987634753,WNW,55.94286610564081,-3.1860912626232287,1590.7002770921156,1228.8357388351267
55.94286610564081,-3.1860912626232287,W,55.94286610564081,-3.186391262623229,1590.7002770921156,1227.5857388351267
55.94286610564081,-3.186391262623229,WNW,55.94298091067052,-3.1866684264829823,1590.7002770921156,1226.3357388351267
55.94298091067052,-3.1866684264829823,NNW,55.94325807453028,-3.186783231512692,1590.7002770921156,1225.0857388351267
55.94325807453028,-3.186783231512692,W,55.94325807453028,-3.187083231512692,1590.7002770921156,1223.8357388351267
55.94325807453028,-3.187083231512692,W,55.94325807453028,-3.187383231512692,1590.7002770921156,1222.5857388351267
55.94325807453028,-3.187383231512692,SW,55.94304594249592,-3.187595363547048,1590.7002770921156,1221.3357388351267
55.94304594249592,-3.187595363547048,WNW,55.94316074752563,-3.1878725274068014,1590.7002770921156,1220.0857388351267
55.94316074752563,-3.1878725274068014,WNW,55.94327555255534,-3.188149691266555,1590.7002770921156,1218.8357388351267
55.94327555255534,-3.188149691266555,W,55.94327555255534,-3.188449691266555,1590.7002770921156,1217.5857388351267
55.94327555255534,-3.188449691266555,WNW,55.94339035758505,-3.1887268551263084,1590.7002770921156,1216.3357388351267
55.94339035758505,-3.1887268551263084,W,55.94339035758505,-3.1890268551263086,1590.7002770921156,1215.0857388351267
55.94339035758505,-3.1890268551263086,WNW,55.94350516261476,-3.189304018986062,1636.3693805495645,1240.6944814085323
55.94350516261476,-3.189304018986062,NW,55.94371729464912,-3.1895161510204177,1687.5345148798153,1257.8378205677566
55.94371729464912,-3.1895161510204177,WNW,55.94383209967883,-3.189793314880171,1687.5345148798153,1256.5878205677566
55.94383209967883,-3.189793314880171,WNW,55.94394690470854,-3.1900704787399246,1744.193141834512,1316.1385953226488
55.94394690470854,-3.1900704787399246,NNW,55.944224068568296,-3.190185283769634,1744.193141834512,1314.8885953226488
55.944224068568296,-3.190185283769634,NNE,55.94450123242805,-3.1900704787399246,1744.193141834512,1313.6385953226488
55.94450123242805,-3.1900704787399246,NW,55.94471336446241,-3.1902826107742803,1744.193141834512,1312.3885953226488
55.94471336446241,-3.1902826107742803,NW,55.944925496496765,-3.190494742808636,1744.193141834512,1311.1385953226488
55.944925496496765,-3.190494742808636,NW,55.94513762853112,-3.190706874842992,1787.8552231510926,1330.9599021582915
55.94513762853112,-3.190706874842992,NW,55.94534976056548,-3.1909190068773476,1787.8552231510926,1329.7099021582915
55.94534976056548,-3.1909190068773476,NW,55.945561892599834,-3.1911311389117034,1787.8552231510926,1328.4599021582915
55.945561892599834,-3.1911311389117034,WNW,55.945676697629544,-3.191408302771457,1866.4732325359414,1430.044638257076
55.945676697629544,-3.191408302771457,W,55.945676697629544,-3.191708302771457,1925.3894464503812,1545.952331179238
55.945676697629544,-3.191708302771457,NNE,55.9459538614893,-3.1915934977417475,1976.9420447876366,1566.7390620620743
55.9459538614893,-3.1915934977417475,NW,55.94616599352366,-3.1918056297761033,2045.7779880219384,1644.3399534118764
55.94616599352366,-3.1918056297761033,SW,55.9459538614893,-3.192017761810459,2045.7779880219384,1643.0899534118764
55.9459538614893,-3.192017761810459,SSW,55.945676697629544,-3.1921325668401686,2106.8136298709087,1741.168106698151
55.945676697629544,-3.1921325668401686,S,55.94537669762954,-3.1921325668401686,2106.8136298709087,1739.918106698151
55.94537669762954,-3.1921325668401686,S,55.94507669762954,-3.1921325668401686,2106.8136298709087,1738.668106698151
55.94507669762954,-3.1921325668401686,S,55.944776697629536,-3.1921325668401686,2165.620682671203,1843.5794347630465
55.944776697629536,-3.1921325668401686,SSE,55.94449953376978,-3.192017761810459,2165.620682671203,1842.3294347630465
55.94449953376978,-3.192017761810459,SSE,55.94422236991002,-3.1919029567807495,2165.620682671203,1841.0794347630465
55.94422236991002,-3.1919029567807495,S,55.94392236991002,-3.1919029567807495,2165.620682671203,1839.8294347630465
55.94392236991002,-3.1919029567807495,SSE,55.94364520605026,-3.19178815175104,2165.620682671203,1838.5794347630465
55.94364520605026,-3.19178815175104,S,55.94334520605026,-3.19178815175104,2165.620682671203,1837.3294347630465
55.94334520605026,-3.19178815175104,SSE,55.943068042190504,-3.1916733467213305,2165.620682671203,1836.0794347630465
55.943068042190504,-3.1916733467213305,S,55.9427680421905,-3.1916733467213305,2239.2175722835486,1881.4236328358606
55.9427680421905,-3.1916733467213305,N,55.943068042190504,-3.1916733467213305,2239.2175722835486,1880.1736328358606
55.943068042190504,-3.1916733467213305,S,55.9427680421905,-3.1916733467213305,2239.2175722835486,1878.9236328358606
55.9427680421905,-3.1916733467213305,N,55.943068042190504,-3.1916733467213305,2239.2175722835486,1877.6736328358606
55.943068042190504,-3.1916733467213305,S,55.9427680421905,-3.1916733467213305,2239.2175722835486,1876.4236328358606
55.9427680421905,-3.1916733467213305,N,55.943068042190504,-3.1916733467213305,2239.2175722835486,1875.1736328358606
55.943068042190504,-3.1916733467213305,S,55.9427680421905,-3.1916733467213305,2239.2175722835486,1873.9236328358606
55.9427680421905,-3.1916733467213305,N,55.943068042190504,-3.1916733467213305,2239.2175722835486,1872.6736328358606
55.943068042190504,-3.1916733467213305,S,55.9427680421905,-3.1916733467213305,2239.2175722835486,1871.4236328358606
55.9427680421905,-3.1916733467213305,N,55.943068042190504,-3.1916733467213305,2239.2175722835486,1870.1736328358606
55.943068042190504,-3.1916733467213305,S,55.9427680421905,-3.1916733467213305,2239.2175722835486,1868.9236328358606
55.9427680421905,-3.1916733467213305,N,55.943068042190504,-3.1916733467213305,2239.2175722835486,1867.6736328358606
55.943068042190504,-3.1916733467213305,S,55.9427680421905,-3.1916733467213305,2239.2175722835486,1866.4236328358606
55.9427680421905,-3.1916733467213305,N,55.943068042190504,-3.1916733467213305,2239.2175722835486,1865.1736328358606
55.943068042190504,-3.1916733467213305,S,55.9427680421905,-3.1916733467213305,2239.2175722835486,1863.9236328358606
55.9427680421905,-3.1916733467213305,N,55.943068042190504,-3.1916733467213305,2239.2175722835486,1862.6736328358606
55.943068042190504,-3.1916733467213305,S,55.9427680421905,-3.1916733467213305,2239.2175722835486,1861.4236328358606
55.9427680421905,-3.1916733467213305,N,55.943068042190504,-3.1916733467213305,2239.2175722835486,1860.1736328358606
55.943068042190504,-3.1916733467213305,S,55.9427680421905,-3.1916733467213305,2239.2175722835486,1858.9236328358606
55.9427680421905,-3.1916733467213305,N,55.943068042190504,-3.1916733467213305,2239.2175722835486,1857.6736328358606
55.943068042190504,-3.1916733467213305,S,55.9427680421905,-3.1916733467213305,2239.2175722835486,1856.4236328358606
55.9427680421905,-3.1916733467213305,N,55.943068042190504,-3.1916733467213305,2239.2175722835486,1855.1736328358606
55.943068042190504,-3.1916733467213305,S,55.9427680421905,-3.1916733467213305,2239.2175722835486,1853.9236328358606
55.9427680421905,-3.1916733467213305,N,55.943068042190504,-3.1916733467213305,2239.2175722835486,1852.6736328358606
55.943068042190504,-3.1916733467213305,S,55.9427680421905,-3.1916733467213305,2239.2175722835486,1851.4236328358606
55.9427680421905,-3.1916733467213305,N,55.943068042190504,-3.1916733467213305,2239.2175722835486,1850.1736328358606
55.943068042190504,-3.1916733467213305,S,55.9427680421905,-3.1916733467213305,2239.2175722835486,1848.9236328358606
55.9427680421905,-3.1916733467213305,N,55.943068042190504,-3.1916733467213305,2239.2175722835486,1847.6736328358606
55.943068042190504,-3.1916733467213305,S,55.9427680421905,-3.1916733467213305,2239.2175722835486,1846.4236328358606
55.9427680421905,-3.1916733467213305,N,55.943068042190504,-3.1916733467213305,2239.2175722835486,1845.1736328358606
55.943068042190504,-3.1916733467213305,S,55.9427680421905,-3.1916733467213305,2239.2175722835486,1843.9236328358606
55.9427680421905,-3.1916733467213305,N,55.943068042190504,-3.1916733467213305,2239.2175722835486,1842.6736328358606
55.943068042190504,-3.1916733467213305,S,55.9427680421905,-3.1916733467213305,2239.2175722835486,1841.4236328358606
55.9427680421905,-3.1916733467213305,N,55.943068042190504,-3.1916733467213305,2239.2175722835486,1840.1736328358606
55.943068042190504,-3.1916733467213305,S,55.9427680421905,-3.1916733467213305,2239.2175722835486,1838.9236328358606
55.9427680421905,-3.1916733467213305,N,55.943068042190504,-3.1916733467213305,2239.2175722835486,1837.6736328358606
55.943068042190504,-3.1916733467213305,S,55.9427680421905,-3.1916733467213305,2239.2175722835486,1836.4236328358606
55.9427680421905,-3.1916733467213305,N,55.943068042190504,-3.1916733467213305,2239.2175722835486,1835.1736328358606
55.943068042190504,-3.1916733467213305,S,55.9427680421905,-3.1916733467213305,2239.2175722835486,1833.9236328358606
55.9427680421905,-3.1916733467213305,N,55.943068042190504,-3.1916733467213305,2239.2175722835486,1832.6736328358606
55.943068042190504,-3.1916733467213305,S,55.9427680421905,-3.1916733467213305,2239.2175722835486,1831.4236328358606
55.9427680421905,-3.1916733467213305,N,55.943068042190504,-3.1916733467213305,2239.2175722835486,1830.1736328358606
55.943068042190504,-3.1916733467213305,S,55.9427680421905,-3.1916733467213305,2239.2175722835486,1828.9236328358606
55.9427680421905,-3.1916733467213305,N,55.943068042190504,-3.1916733467213305,2239.2175722835486,1827.6736328358606
55.943068042190504,-3.1916733467213305,S,55.9427680421905,-3.1916733467213305,2239.2175722835486,1826.4236328358606
55.9427680421905,-3.1916733467213305,N,55.943068042190504,-3.1916733467213305,2239.2175722835486,1825.1736328358606
55.943068042190504,-3.1916733467213305,S,55.9427680421905,-3.1916733467213305,2239.2175722835486,1823.9236328358606
55.9427680421905,-3.1916733467213305,N,55.943068042190504,-3.1916733467213305,2239.2175722835486,1822.6736328358606
55.943068042190504,-3.1916733467213305,S,55.9427680421905,-3.1916733467213305,2239.2175722835486,1821.4236328358606
55.9427680421905,-3.1916733467213305,N,55.943068042190504,-3.1916733467213305,2239.2175722835486,1820.1736328358606
55.943068042190504,-3.1916733467213305,S,55.9427680421905,-3.1916733467213305,2239.2175722835486,1818.9236328358606
55.9427680421905,-3.1916733467213305,N,55.943068042190504,-3.1916733467213305,2239.2175722835486,1817.6736328358606
55.943068042190504,-3.1916733467213305,S,55.9427680421905,-3.1916733467213305,2239.2175722835486,1816.4236328358606
55.9427680421905,-3.1916733467213305,N,55.943068042190504,-3.1916733467213305,2239.2175722835486,1815.1736328358606
55.943068042190504,-3.1916733467213305,S,55.9427680421905,-3.1916733467213305,2239.2175722835486,1813.9236328358606
55.9427680421905,-3.1916733467213305,N,55.943068042190504,-3.1916733467213305,2239.2175722835486,1812.6736328358606
55.943068042190504,-3.1916733467213305,S,55.9427680421905,-3.1916733467213305,2239.2175722835486,1811.4236328358606
55.9427680421905,-3.1916733467213305,N,55.943068042190504,-3.1916733467213305,2239.2175722835486,1810.1736328358606
55.943068042190504,-3.1916733467213305,S,55.9427680421905,-3.1916733467213305,2239.2175722835486,1808.9236328358606
55.9427680421905,-3.1916733467213305,N,55.943068042190504,-3.1916733467213305,2239.2175722835486,1807.6736328358606
55.943068042190504,-3.1916733467213305,S,55.9427680421905,-3.1916733467213305,2239.2175722835486,1806.4236328358606
55.9427680421905,-3.1916733467213305,N,55.943068042190504,-3.1916733467213305,2239.2175722835486,1805.1736328358606
55.943068042190504,-3.1916733467213305,S,55.9427680421905,-3.1916733467213305,2239.2175722835486,1803.9236328358606
55.9427680421905,-3.1916733467213305,N,55.943068042190504,-3.1916733467213305,2239.2175722835486,1802.6736328358606
55.943068042190504,-3.1916733467213305,S,55.9427680421905,-3.1916733467213305,2239.2175722835486,1801.4236328358606
55.9427680421905,-3.1916733467213305,N,55.943068042190504,-3.1916733467213305,2239.2175722835486,1800.1736328358606
55.943068042190504,-3.1916733467213305,S,55.9427680421905,-3.1916733467213305,2239.2175722835486,1798.9236328358606
55.9427680421905,-3.1916733467213305,N,55.943068042190504,-3.1916733467213305,2239.2175722835486,1797.6736328358606
55.943068042190504,-3.1916733467213305,S,55.9427680421905,-3.1916733467213305,2239.2175722835486,1796.4236328358606
55.9427680421905,-3.1916733467213305,N,55.943068042190504,-3.1916733467213305,2239.2175722835486,1795.1736328358606
55.943068042190504,-3.1916733467213305,S,55.9427680421905,-3.1916733467213305,2239.2175722835486,1793.9236328358606
55.9427680421905,-3.1916733467213305,N,55.943068042190504,-3.1916733467213305,2239.2175722835486,1792.6736328358606
55.943068042190504,-3.1916733467213305,S,55.9427680421905,-3.1916733467213305,2239.2175722835486,1791.4236328358606
55.9427680421905,-3.1916733467213305,N,55.943068042190504,-3.1916733467213305,2239.2175722835486,1790.1736328358606
55.943068042190504,-3.1916733467213305,S,55.9427680421905,-3.1916733467213305,2239.2175722835486,1788.9236328358606
55.9427680421905,-3.1916733467213305,N,55.943068042190504,-3.1916733467213305,2239.2175722835486,1787.6736328358606
55.943068042190504,-3.1916733467213305,S,55.9427680421905,-3.1916733467213305,2239.2175722835486,1786.4236328358606
55.9427680421905,-3.1916733467213305,N,55.943068042190504,-3.1916733467213305,2239.2175722835486,1785.1736328358606
55.943068042190504,-3.1916733467213305,S,55.9427680421905,-3.1916733467213305,2239.2175722835486,1783.9236328358606
55.9427680421905,-3.1916733467213305,N,55.943068042190504,-3.1916733467213305,2239.2175722835486,1782.6736328358606
55.943068042190504,-3.1916733467213305,S,55.9427680421905,-3.1916733467213305,2239.2175722835486,1781.4236328358606
55.9427680421905,-3.1916733467213305,N,55.943068042190504,-3.1916733467213305,2239.2175722835486,1780.1736328358606
55.943068042190504,-3.1916733467213305,S,55.9427680421905,-3.1916733467213305,2239.2175722835486,1778.9236328358606
55.9427680421905,-3.1916733467213305,N,55.943068042190504,-3.1916733467213305,2239.2175722835486,1777.6736328358606
55.943068042190504,-3.1916733467213305,S,55.9427680421905,-3.1916733467213305,2239.2175722835486,1776.4236328358606
55.9427680421905,-3.1916733467213305,N,55.943068042190504,-3.1916733467213305,2239.2175722835486,1775.1736328358606
55.943068042190504,-3.1916733467213305,S,55.9427680421905,-3.1916733467213305,2239.2175722835486,1773.9236328358606
55.9427680421905,-3.1916733467213305,N,55.943068042190504,-3.1916733467213305,2239.2175722835486,1772.6736328358606
55.943068042190504,-3.1916733467213305,S,55.9427680421905,-3.1916733467213305,2239.2175722835486,1771.4236328358606
55.9427680421905,-3.1916733467213305,N,55.943068042190504,-3.1916733467213305,2239.2175722835486,1770.1736328358606
55.943068042190504,-3.1916733467213305,S,55.9427680421905,-3.1916733467213305,2239.2175722835486,1768.9236328358606
55.9427680421905,-3.1916733467213305,N,55.943068042190504,-3.1916733467213305,2239.2175722835486,1767.6736328358606
55.943068042190504,-3.1916733467213305,S,55.9427680421905,-3.1916733467213305,2239.2175722835486,1766.4236328358606
55.9427680421905,-3.1916733467213305,N,55.943068042190504,-3.1916733467213305,2239.2175722835486,1765.1736328358606
55.943068042190504,-3.1916733467213305,S,55.9427680421905,-3.1916733467213305,2239.2175722835486,1763.9236328358606
55.9427680421905,-3.1916733467213305,N,55.943068042190504,-3.1916733467213305,2239.2175722835486,1762.6736328358606
55.943068042190504,-3.1916733467213305,S,55.9427680421905,-3.1916733467213305,2239.2175722835486,1761.4236328358606
55.9427680421905,-3.1916733467213305,N,55.943068042190504,-3.1916733467213305,2239.2175722835486,1760.1736328358606
55.943068042190504,-3.1916733467213305,S,55.9427680421905,-3.1916733467213305,2239.2175722835486,1758.9236328358606
55.9427680421905,-3.1916733467213305,N,55.943068042190504,-3.1916733467213305,2239.2175722835486,1757.6736328358606
55.943068042190504,-3.1916733467213305,S,55.9427680421905,-3.1916733467213305,2239.2175722835486,1756.4236328358606
55.9427680421905,-3.1916733467213305,N,55.943068042190504,-3.1916733467213305,2239.2175722835486,1755.1736328358606
55.943068042190504,-3.1916733467213305,S,55.9427680421905,-3.1916733467213305,2239.2175722835486,1753.9236328358606
55.9427680421905,-3.1916733467213305,N,55.943068042190504,-3.1916733467213305,2239.2175722835486,1752.6736328358606
55.943068042190504,-3.1916733467213305,S,55.9427680421905,-3.1916733467213305,2239.2175722835486,1751.4236328358606
55.9427680421905,-3.1916733467213305,N,55.943068042190504,-3.1916733467213305,2239.2175722835486,1750.1736328358606
55.943068042190504,-3.1916733467213305,S,55.9427680421905,-3.1916733467213305,2239.2175722835486,1748.9236328358606
55.9427680421905,-3.1916733467213305,N,55.943068042190504,-3.1916733467213305,2239.2175722835486,1747.6736328358606
55.943068042190504,-3.1916733467213305,S,55.9427680421905,-3.1916733467213305,2239.2175722835486,1746.4236328358606
55.9427680421905,-3.1916733467213305,N,55.943068042190504,-3.1916733467213305,2239.2175722835486,1745.1736328358606
55.943068042190504,-3.1916733467213305,S,55.9427680421905,-3.1916733467213305,2239.2175722835486,1743.9236328358606
55.9427680421905,-3.1916733467213305,N,55.943068042190504,-3.1916733467213305,2239.2175722835486,1742.6736328358606
55.943068042190504,-3.1916733467213305,S,55.9427680421905,-3.1916733467213305,2239.2175722835486,1741.4236328358606
55.9427680421905,-3.1916733467213305,N,55.943068042190504,-3.1916733467213305,2239.2175722835486,1740.1736328358606
55.943068042190504,-3.1916733467213305,S,55.9427680421905,-3.1916733467213305,2239.2175722835486,1738.9236328358606
55.9427680421905,-3.1916733467213305,N,55.943068042190504,-3.1916733467213305,2239.2175722835486,1737.6736328358606
55.943068042190504,-3.1916733467213305,S,55.9427680421905,-3.1916733467213305,2239.2175722835486,1736.4236328358606
55.9427680421905,-3.1916733467213305,N,55.943068042190504,-3.1916733467213305,2239.2175722835486,1735.1736328358606
55.943068042190504,-3.1916733467213305,S,55.9427680421905,-3.1916733467213305,2239.2175722835486,1733.9236328358606
55.9427680421905,-3.1916733467213305,N,55.943068042190504,-3.1916733467213305,2239.2175722835486,1732.6736328358606
55.943068042190504,-3.1916733467213305,S,55.9427680421905,-3.1916733467213305,2239.2175722835486,1731.4236328358606
55.9427680421905,-3.1916733467213305,N,55.943068042190504,-3.1916733467213305,2239.2175722835486,1730.1736328358606
55.943068042190504,-3.1916733467213305,S,55.9427680421905,-3.1916733467213305,2239.2175722835486,1728.9236328358606
55.9427680421905,-3.1916733467213305,N,55.943068042190504,-3.1916733467213305,2239.2175722835486,1727.6736328358606
55.943068042190504,-3.1916733467213305,S,55.9427680421905,-3.1916733467213305,2239.2175722835486,1726.4236328358606
55.9427680421905,-3.1916733467213305,N,55.943068042190504,-3.1916733467213305,2239.2175722835486,1725.1736328358606
55.943068042190504,-3.1916733467213305,S,55.9427680421905,-3.1916733467213305,2239.2175722835486,1723.9236328358606
55.9427680421905,-3.1916733467213305,N,55.943068042190504,-3.1916733467213305,2239.2175722835486,1722.6736328358606
55.943068042190504,-3.1916733467213305,S,55.9427680421905,-3.1916733467213305,2239.2175722835486,1721.4236328358606
55.9427680421905,-3.1916733467213305,N,55.943068042190504,-3.1916733467213305,2239.2175722835486,1720.1736328358606
55.943068042190504,-3.1916733467213305,S,55.9427680421905,-3.1916733467213305,2239.2175722835486,1718.9236328358606
55.9427680421905,-3.1916733467213305,N,55.943068042190504,-3.1916733467213305,2239.2175722835486,1717.6736328358606
55.943068042190504,-3.1916733467213305,S,55.9427680421905,-3.1916733467213305,2239.2175722835486,1716.4236328358606
55.9427680421905,-3.1916733467213305,N,55.943068042190504,-3.1916733467213305,2239.2175722835486,1715.1736328358606
55.943068042190504,-3.1916733467213305,S,55.9427680421905,-3.1916733467213305,2239.2175722835486,1713.9236328358606
55.9427680421905,-3.1916733467213305,N,55.943068042190504,-3.1916733467213305,2239.2175722835486,1712.6736328358606
55.943068042190504,-3.1916733467213305,S,55.9427680421905,-3.1916733467213305,2239.2175722835486,1711.4236328358606
55.9427680421905,-3.1916733467213305,N,55.943068042190504,-3.1916733467213305,2239.2175722835486,1710.1736328358606
55.943068042190504,-3.1916733467213305,S,55.9427680421905,-3.1916733467213305,2239.2175722835486,1708.9236328358606
55.9427680421905,-3.1916733467213305,N,55.943068042190504,-3.1916733467213305,2239.2175722835486,1707.6736328358606
55.943068042190504,-3.1916733467213305,S,55.9427680421905,-3.1916733467213305,2239.2175722835486,1706.4236328358606
55.9427680421905,-3.1916733467213305,N,55.943068042190504,-3.1916733467213305,2239.2175722835486,1705.1736328358606
55.943068042190504,-3.1916733467213305,S,55.9427680421905,-3.1916733467213305,2239.2175722835486,1703.9236328358606
55.9427680421905,-3.1916733467213305,N,55.943068042190504,-3.1916733467213305,2239.2175722835486,1702.6736328358606
55.943068042190504,-3.1916733467213305,S,55.9427680421905,-3.1916733467213305,2239.2175722835486,1701.4236328358606
55.9427680421905,-3.1916733467213305,N,55.943068042190504,-3.1916733467213305,2239.2175722835486,1700.1736328358606
55.943068042190504,-3.1916733467213305,S,55.9427680421905,-3.1916733467213305,2239.2175722835486,1698.9236328358606
55.9427680421905,-3.1916733467213305,N,55.943068042190504,-3.1916733467213305,2239.2175722835486,1697.6736328358606
55.943068042190504,-3.1916733467213305,S,55.9427680421905,-3.1916733467213305,2239.2175722835486,1696.4236328358606
55.9427680421905,-3.1916733467213305,N,55.943068042190504,-3.1916733467213305,2239.2175722835486,1695.1736328358606
55.943068042190504,-3.1916733467213305,S,55.9427680421905,-3.1916733467213305,2239.2175722835486,1693.9236328358606
55.9427680421905,-3.1916733467213305,N,55.943068042190504,-3.1916733467213305,2239.2175722835486,1692.6736328358606
55.943068042190504,-3.1916733467213305,S,55.9427680421905,-3.1916733467213305,2239.2175722835486,1691.4236328358606
55.9427680421905,-3.1916733467213305,N,55.943068042190504,-3.1916733467213305,2239.2175722835486,1690.1736328358606
55.943068042190504,-3.1916733467213305,S,55.9427680421905,-3.1916733467213305,2239.2175722835486,1688.9236328358606
