55.944425,-3.188396,WSW,55.94431019497029,-3.1886731638597534,66.74340943601764,352.83463124605794
55.94431019497029,-3.1886731638597534,W,55.94431019497029,-3.1889731638597536,66.74340943601764,351.58463124605794
55.94431019497029,-3.1889731638597536,W,55.94431019497029,-3.189273163859754,66.74340943601764,350.33463124605794
55.94431019497029,-3.189273163859754,W,55.94431019497029,-3.189573163859754,125.33934961716345,372.3113365524202
55.94431019497029,-3.189573163859754,NNW,55.94458735883005,-3.1896879688894635,137.552381715529,387.1656080320065
55.94458735883005,-3.1896879688894635,W,55.94458735883005,-3.1899879688894637,137.552381715529,385.9156080320065
55.94458735883005,-3.1899879688894637,W,55.94458735883005,-3.190287968889464,137.552381715529,384.6656080320065
55.94458735883005,-3.190287968889464,WNW,55.94470216385976,-3.1905651327492173,159.83517330459105,484.27618315380965
55.94470216385976,-3.1905651327492173,S,55.944402163859756,-3.1905651327492173,219.17979346374725,596.939987723385
55.944402163859756,-3.1905651327492173,WSW,55.944287358830046,-3.1908422966089707,219.17979346374725,595.689987723385
55.944287358830046,-3.1908422966089707,W,55.944287358830046,-3.191142296608971,277.6984361413391,709.3147820217088
55.944287358830046,-3.191142296608971,S,55.94398735883004,-3.191142296608971,336.3567302487915,776.43705356529
55.94398735883004,-3.191142296608971,NNE,55.9442645226898,-3.1910274915792614,336.3567302487915,775.18705356529
55.9442645226898,-3.1910274915792614,NNW,55.944541686549556,-3.191142296608971,336.3567302487915,773.93705356529
55.944541686549556,-3.191142296608971,NNW,55.94481885040931,-3.1912571016386804,452.7707467224943,778.6793021731557
55.94481885040931,-3.1912571016386804,N,55.945118850409315,-3.1912571016386804,477.45826595509516,831.5247412012282
55.945118850409315,-3.1912571016386804,ENE,55.945233655439026,-3.190979937778927,588.3290137073159,843.1397172542943
55.945233655439026,-3.190979937778927,NW,55.94544578747338,-3.1911920698132827,623.6416691484653,879.6199507284146
55.94544578747338,-3.1911920698132827,SW,55.945233655439026,-3.1914042018476385,623.6416691484653,878.3699507284146
55.945233655439026,-3.1914042018476385,SW,55.94502152340467,-3.1916163338819943,623.6416691484653,877.1199507284146
55.94502152340467,-3.1916163338819943,SSW,55.94474435954491,-3.191731138911704,623.6416691484653,875.8699507284146
55.94474435954491,-3.191731138911704,SW,55.94453222751056,-3.1919432709460596,639.0067566153917,917.6348142267327
55.94453222751056,-3.1919432709460596,S,55.944232227510554,-3.1919432709460596,639.0067566153917,916.3848142267327
55.944232227510554,-3.1919432709460596,SSW,55.9439550636508,-3.192058075975769,692.9730672498087,931.4515031096264
55.9439550636508,-3.192058075975769,WNW,55.94406986868051,-3.1923352398355225,754.3144655689418,968.1770398829608
55.94406986868051,-3.1923352398355225,N,55.94436986868051,-3.1923352398355225,754.3144655689418,966.9270398829608
55.94436986868051,-3.1923352398355225,NNW,55.94464703254027,-3.192450044865232,825.6479253290245,1077.4000272299756
55.94464703254027,-3.192450044865232,SE,55.94443490050591,-3.192237912830876,825.6479253290245,1076.1500272299756
55.94443490050591,-3.192237912830876,S,55.94413490050591,-3.192237912830876,825.6479253290245,1074.9000272299756
55.94413490050591,-3.192237912830876,S,55.943834900505905,-3.192237912830876,825.6479253290245,1073.6500272299756
55.943834900505905,-3.192237912830876,E,55.943834900505905,-3.191937912830876,825.6479253290245,1072.4000272299756
55.943834900505905,-3.191937912830876,SE,55.94362276847155,-3.1917257807965203,825.6479253290245,1071.1500272299756
55.94362276847155,-3.1917257807965203,SSW,55.94334560461179,-3.1918405858262298,825.6479253290245,1069.9000272299756
55.94334560461179,-3.1918405858262298,WSW,55.94323079958208,-3.192117749685983,832.8560400868747,1134.5533831513321
55.94323079958208,-3.192117749685983,ESE,55.94311599455237,-3.1918405858262298,864.0345052580974,1157.1238926164797
55.94311599455237,-3.1918405858262298,E,55.94311599455237,-3.1915405858262296,864.0345052580974,1155.8738926164797
55.94311599455237,-3.1915405858262296,E,55.94311599455237,-3.1912405858262294,864.0345052580974,1154.6238926164797
55.94311599455237,-3.1912405858262294,E,55.94311599455237,-3.190940585826229,864.0345052580974,1153.3738926164797
55.94311599455237,-3.190940585826229,E,55.94311599455237,-3.190640585826229,864.0345052580974,1152.1238926164797
55.94311599455237,-3.190640585826229,E,55.94311599455237,-3.190340585826229,864.0345052580974,1150.8738926164797
55.94311599455237,-3.190340585826229,E,55.94311599455237,-3.1900405858262286,864.0345052580974,1149.6238926164797
55.94311599455237,-3.1900405858262286,E,55.94311599455237,-3.1897405858262284,864.0345052580974,1148.3738926164797
55.94311599455237,-3.1897405858262284,ESE,55.94300118952266,-3.189463421966475,864.0345052580974,1147.1238926164797
55.94300118952266,-3.189463421966475,SSW,55.942724025662905,-3.1895782269961845,864.0345052580974,1145.8738926164797
55.942724025662905,-3.1895782269961845,ENE,55.942838830692615,-3.189301063136431,891.9151506860511,1162.0927443576713
55.942838830692615,-3.189301063136431,E,55.942838830692615,-3.189001063136431,891.9151506860511,1160.8427443576713
55.942838830692615,-3.189001063136431,E,55.942838830692615,-3.1887010631364308,891.9151506860511,1159.5927443576713
55.942838830692615,-3.1887010631364308,E,55.942838830692615,-3.1884010631364306,891.9151506860511,1158.3427443576713
55.942838830692615,-3.1884010631364306,E,55.942838830692615,-3.1881010631364304,891.9151506860511,1157.0927443576713
55.942838830692615,-3.1881010631364304,ENE,55.942953635722326,-3.187823899276677,1016.6859149141854,1275.8172782038619
55.942953635722326,-3.187823899276677,NNE,55.94323079958208,-3.1877090942469675,1016.6859149141854,1274.5672782038619
55.94323079958208,-3.1877090942469675,NNE,55.94350796344184,-3.187594289217258,1016.6859149141854,1273.3172782038619
55.94350796344184,-3.187594289217258,NNE,55.943785127301595,-3.1874794841875485,1016.6859149141854,1272.0672782038619
55.943785127301595,-3.1874794841875485,N,55.9440851273016,-3.1874794841875485,1041.5911070766306,1334.2248845618683
55.9440851273016,-3.1874794841875485,NNW,55.944362291161355,-3.187594289217258,1089.342008273361,1366.6694984661287
55.944362291161355,-3.187594289217258,NE,55.94457442319571,-3.187382157182902,1152.0368855049364,1453.8324113010183
55.94457442319571,-3.187382157182902,NNW,55.94485158705547,-3.1874969622126117,1227.7201069663379,1531.6322246870466
55.94485158705547,-3.1874969622126117,NNE,55.945128750915224,-3.187382157182902,1306.703516454747,1543.37167491281
55.945128750915224,-3.187382157182902,NE,55.94534088294958,-3.1871700251485464,1365.5450069036146,1560.2552357255222
55.94534088294958,-3.1871700251485464,WNW,55.94545568797929,-3.1874471890083,1365.5450069036146,1559.0052357255222
55.94545568797929,-3.1874471890083,WNW,55.945570493009,-3.1877243528680532,1397.2652839083944,1576.9796342005768
55.945570493009,-3.1877243528680532,WNW,55.94568529803871,-3.1880015167278066,1397.2652839083944,1575.7296342005768
55.94568529803871,-3.1880015167278066,W,55.94568529803871,-3.188301516727807,1405.6750495701153,1612.8736599755132
55.94568529803871,-3.188301516727807,ESE,55.945570493009,-3.1880243528680534,1405.6750495701153,1611.6236599755132
55.945570493009,-3.1880243528680534,E,55.945570493009,-3.1877243528680532,1405.6750495701153,1610.3736599755132
55.945570493009,-3.1877243528680532,E,55.945570493009,-3.187424352868053,1405.6750495701153,1609.1236599755132
55.945570493009,-3.187424352868053,E,55.945570493009,-3.187124352868053,1405.6750495701153,1607.8736599755132
55.945570493009,-3.187124352868053,E,55.945570493009,-3.1868243528680527,1405.6750495701153,1606.6236599755132
55.945570493009,-3.1868243528680527,ENE,55.94568529803871,-3.1865471890082993,1405.6750495701153,1605.3736599755132
55.94568529803871,-3.1865471890082993,E,55.94568529803871,-3.186247189008299,1406.9466995075172,1611.2942646963736
55.94568529803871,-3.186247189008299,ESE,55.945570493009,-3.1859700251485457,1431.6865420613603,1667.3714917651505
55.945570493009,-3.1859700251485457,SE,55.945358360974645,-3.18575789311419,1488.9689165434386,1668.1061887145704
55.945358360974645,-3.18575789311419,N,55.94565836097465,-3.18575789311419,1529.5475501202022,1762.2174249232737
55.94565836097465,-3.18575789311419,SE,55.94544622894029,-3.185545761079834,1555.2881252065933,1770.4972174826507
55.94544622894029,-3.185545761079834,SE,55.945234096905935,-3.1853336290454783,1555.2881252065933,1769.2472174826507
55.945234096905935,-3.1853336290454783,SE,55.94502196487158,-3.1851214970111226,1604.2177648686438,1878.0009983012596
55.94502196487158,-3.1851214970111226,E,55.94502196487158,-3.1848214970111224,1704.0258096994314,1952.450782730478
55.94502196487158,-3.1848214970111224,S,55.944721964871576,-3.1848214970111224,1704.0258096994314,1951.200782730478
55.944721964871576,-3.1848214970111224,E,55.944721964871576,-3.184521497011122,1726.1787059785934,2066.6368330609334
55.944721964871576,-3.184521497011122,S,55.94442196487157,-3.184521497011122,1726.1787059785934,2065.3868330609334
55.94442196487157,-3.184521497011122,S,55.94412196487157,-3.184521497011122,1726.1787059785934,2064.1368330609334
55.94412196487157,-3.184521497011122,S,55.94382196487157,-3.184521497011122,1835.6581140212022,2145.648545064011
55.94382196487157,-3.184521497011122,WNW,55.94393676990128,-3.1847986608708756,1835.6581140212022,2144.398545064011
55.94393676990128,-3.1847986608708756,WNW,55.94405157493099,-3.185075824730629,1835.6581140212022,2143.148545064011
55.94405157493099,-3.185075824730629,WNW,55.9441663799607,-3.1853529885903824,1835.6581140212022,2141.898545064011
55.9441663799607,-3.1853529885903824,WNW,55.94428118499041,-3.185630152450136,1835.6581140212022,2140.648545064011
55.94428118499041,-3.185630152450136,W,55.94428118499041,-3.185930152450136,1897.5390090688022,2211.59964800943
55.94428118499041,-3.185930152450136,E,55.94428118499041,-3.185630152450136,1897.5390090688022,2210.34964800943
55.94428118499041,-3.185630152450136,W,55.94428118499041,-3.185930152450136,1897.5390090688022,2209.09964800943
55.94428118499041,-3.185930152450136,E,55.94428118499041,-3.185630152450136,1897.5390090688022,2207.84964800943
55.94428118499041,-3.185630152450136,W,55.94428118499041,-3.185930152450136,1897.5390090688022,2206.59964800943
55.94428118499041,-3.185930152450136,E,55.94428118499041,-3.185630152450136,1897.5390090688022,2205.34964800943
55.94428118499041,-3.185630152450136,W,55.94428118499041,-3.185930152450136,1897.5390090688022,2204.09964800943
55.94428118499041,-3.185930152450136,E,55.94428118499041,-3.185630152450136,1897.5390090688022,2202.84964800943
55.94428118499041,-3.185630152450136,W,55.94428118499041,-3.185930152450136,1897.5390090688022,2201.59964800943
55.94428118499041,-3.185930152450136,E,55.94428118499041,-3.185630152450136,1897.5390090688022,2200.34964800943
55.94428118499041,-3.185630152450136,W,55.94428118499041,-3.185930152450136,1897.5390090688022,2199.09964800943
55.94428118499041,-3.185930152450136,E,55.94428118499041,-3.185630152450136,1897.5390090688022,2197.84964800943
55.94428118499041,-3.185630152450136,W,55.94428118499041,-3.185930152450136,1897.5390090688022,2196.59964800943
55.94428118499041,-3.185930152450136,E,55.94428118499041,-3.185630152450136,1897.5390090688022,2195.34964800943
55.94428118499041,-3.185630152450136,W,55.94428118499041,-3.185930152450136,1897.5390090688022,2194.09964800943
55.94428118499041,-3.185930152450136,E,55.94428118499041,-3.185630152450136,1897.5390090688022,2192.84964800943
55.94428118499041,-3.185630152450136,W,55.94428118499041,-3.185930152450136,1897.5390090688022,2191.59964800943
55.94428118499041,-3.185930152450136,E,55.94428118499041,-3.185630152450136,1897.5390090688022,2190.34964800943
55.94428118499041,-3.185630152450136,W,55.94428118499041,-3.185930152450136,1897.5390090688022,2189.09964800943
55.94428118499041,-3.185930152450136,E,55.94428118499041,-3.185630152450136,1897.5390090688022,2187.84964800943
55.94428118499041,-3.185630152450136,W,55.94428118499041,-3.185930152450136,1897.5390090688022,2186.59964800943
55.94428118499041,-3.185930152450136,E,55.94428118499041,-3.185630152450136,1897.5390090688022,2185.34964800943
55.94428118499041,-3.185630152450136,W,55.94428118499041,-3.185930152450136,1897.5390090688022,2184.09964800943
55.94428118499041,-3.185930152450136,E,55.94428118499041,-3.185630152450136,1897.5390090688022,2182.84964800943
55.94428118499041,-3.185630152450136,W,55.94428118499041,-3.185930152450136,1897.5390090688022,2181.59964800943
55.94428118499041,-3.185930152450136,E,55.94428118499041,-3.185630152450136,1897.5390090688022,2180.34964800943
55.94428118499041,-3.185630152450136,W,55.94428118499041,-3.185930152450136,1897.5390090688022,2179.09964800943
55.94428118499041,-3.185930152450136,E,55.94428118499041,-3.185630152450136,1897.5390090688022,2177.84964800943
55.94428118499041,-3.185630152450136,W,55.94428118499041,-3.185930152450136,1897.5390090688022,2176.59964800943
55.94428118499041,-3.185930152450136,E,55.94428118499041,-3.185630152450136,1897.5390090688022,2175.34964800943
55.94428118499041,-3.185630152450136,W,55.94428118499041,-3.185930152450136,1897.5390090688022,2174.09964800943
55.94428118499041,-3.185930152450136,E,55.94428118499041,-3.185630152450136,1897.5390090688022,2172.84964800943
55.94428118499041,-3.185630152450136,W,55.94428118499041,-3.185930152450136,1897.5390090688022,2171.59964800943
55.94428118499041,-3.185930152450136,E,55.94428118499041,-3.185630152450136,1897.5390090688022,2170.34964800943
55.94428118499041,-3.185630152450136,W,55.94428118499041,-3.185930152450136,1897.5390090688022,2169.09964800943
55.94428118499041,-3.185930152450136,E,55.94428118499041,-3.185630152450136,1897.5390090688022,2167.84964800943
55.94428118499041,-3.185630152450136,W,55.94428118499041,-3.185930152450136,1897.5390090688022,2166.59964800943
55.94428118499041,-3.185930152450136,E,55.94428118499041,-3.185630152450136,1897.5390090688022,2165.34964800943
55.94428118499041,-3.185630152450136,W,55.94428118499041,-3.185930152450136,1897.5390090688022,2164.09964800943
55.94428118499041,-3.185930152450136,E,55.94428118499041,-3.185630152450136,1897.5390090688022,2162.84964800943
55.94428118499041,-3.185630152450136,W,55.94428118499041,-3.185930152450136,1897.5390090688022,2161.59964800943
55.94428118499041,-3.185930152450136,E,55.94428118499041,-3.185630152450136,1897.5390090688022,2160.34964800943
55.94428118499041,-3.185630152450136,W,55.94428118499041,-3.185930152450136,1897.5390090688022,2159.09964800943
55.94428118499041,-3.185930152450136,E,55.94428118499041,-3.185630152450136,1897.5390090688022,2157.84964800943
55.94428118499041,-3.185630152450136,W,55.94428118499041,-3.185930152450136,1897.5390090688022,2156.59964800943
55.94428118499041,-3.185930152450136,E,55.94428118499041,-3.185630152450136,1897.5390090688022,2155.34964800943
55.94428118499041,-3.185630152450136,W,55.94428118499041,-3.185930152450136,1897.5390090688022,2154.09964800943
55.94428118499041,-3.185930152450136,E,55.94428118499041,-3.185630152450136,1897.5390090688022,2152.84964800943
55.94428118499041,-3.185630152450136,W,55.94428118499041,-3.185930152450136,1897.5390090688022,2151.59964800943
55.94428118499041,-3.185930152450136,E,55.94428118499041,-3.185630152450136,1897.5390090688022,2150.34964800943
55.94428118499041,-3.185630152450136,W,55.94428118499041,-3.185930152450136,1897.5390090688022,2149.09964800943
55.94428118499041,-3.185930152450136,E,55.94428118499041,-3.185630152450136,1897.5390090688022,2147.84964800943
55.94428118499041,-3.185630152450136,W,55.94428118499041,-3.185930152450136,1897.5390090688022,2146.59964800943
55.94428118499041,-3.185930152450136,E,55.94428118499041,-3.185630152450136,1897.5390090688022,2145.34964800943
55.94428118499041,-3.185630152450136,W,55.94428118499041,-3.185930152450136,1897.5390090688022,2144.09964800943
55.94428118499041,-3.185930152450136,E,55.94428118499041,-3.185630152450136,1897.5390090688022,2142.84964800943
55.94428118499041,-3.185630152450136,W,55.94428118499041,-3.185930152450136,1897.5390090688022,2141.59964800943
55.94428118499041,-3.185930152450136,E,55.94428118499041,-3.185630152450136,1897.5390090688022,2140.34964800943
55.94428118499041,-3.185630152450136,W,55.94428118499041,-3.185930152450136,1897.5390090688022,2139.09964800943
55.94428118499041,-3.185930152450136,E,55.94428118499041,-3.185630152450136,1897.5390090688022,2137.84964800943
55.94428118499041,-3.185630152450136,W,55.94428118499041,-3.185930152450136,1897.5390090688022,2136.59964800943
55.94428118499041,-3.185930152450136,E,55.94428118499041,-3.185630152450136,1897.5390090688022,2135.34964800943
55.94428118499041,-3.185630152450136,W,55.94428118499041,-3.185930152450136,1897.5390090688022,2134.09964800943
55.94428118499041,-3.185930152450136,E,55.94428118499041,-3.185630152450136,1897.5390090688022,2132.84964800943
55.94428118499041,-3.185630152450136,W,55.94428118499041,-3.185930152450136,1897.5390090688022,2131.59964800943
55.94428118499041,-3.185930152450136,E,55.94428118499041,-3.185630152450136,1897.5390090688022,2130.34964800943
55.94428118499041,-3.185630152450136,W,55.94428118499041,-3.185930152450136,1897.5390090688022,2129.09964800943
55.94428118499041,-3.185930152450136,E,55.94428118499041,-3.185630152450136,1897.5390090688022,2127.84964800943
55.94428118499041,-3.185630152450136,W,55.94428118499041,-3.185930152450136,1897.5390090688022,2126.59964800943
55.94428118499041,-3.185930152450136,E,55.94428118499041,-3.185630152450136,1897.5390090688022,2125.34964800943
55.94428118499041,-3.185630152450136,W,55.94428118499041,-3.185930152450136,1897.5390090688022,2124.09964800943
55.94428118499041,-3.185930152450136,E,55.94428118499041,-3.185630152450136,1897.5390090688022,2122.84964800943
55.94428118499041,-3.185630152450136,W,55.94428118499041,-3.185930152450136,1897.5390090688022,2121.59964800943
55.94428118499041,-3.185930152450136,E,55.94428118499041,-3.185630152450136,1897.5390090688022,2120.34964800943
55.94428118499041,-3.185630152450136,W,55.94428118499041,-3.185930152450136,1897.5390090688022,2119.09964800943
55.94428118499041,-3.185930152450136,E,55.94428118499041,-3.185630152450136,1897.5390090688022,2117.84964800943
55.94428118499041,-3.185630152450136,W,55.94428118499041,-3.185930152450136,1897.5390090688022,2116.59964800943
55.94428118499041,-3.185930152450136,E,55.94428118499041,-3.185630152450136,1897.5390090688022,2115.34964800943
55.94428118499041,-3.185630152450136,W,55.94428118499041,-3.185930152450136,1897.5390090688022,2114.09964800943
55.94428118499041,-3.185930152450136,E,55.94428118499041,-3.185630152450136,1897.5390090688022,2112.84964800943
55.94428118499041,-3.185630152450136,W,55.94428118499041,-3.185930152450136,1897.5390090688022,2111.59964800943
55.94428118499041,-3.185930152450136,E,55.94428118499041,-3.185630152450136,1897.5390090688022,2110.34964800943
55.94428118499041,-3.185630152450136,W,55.94428118499041,-3.185930152450136,1897.5390090688022,2109.09964800943
55.94428118499041,-3.185930152450136,E,55.94428118499041,-3.185630152450136,1897.5390090688022,2107.84964800943
55.94428118499041,-3.185630152450136,W,55.94428118499041,-3.185930152450136,1897.5390090688022,2106.59964800943
55.94428118499041,-3.185930152450136,E,55.94428118499041,-3.185630152450136,1897.5390090688022,2105.34964800943
55.94428118499041,-3.185630152450136,W,55.94428118499041,-3.185930152450136,1897.5390090688022,2104.09964800943
55.94428118499041,-3.185930152450136,E,55.94428118499041,-3.185630152450136,1897.5390090688022,2102.84964800943
55.94428118499041,-3.185630152450136,W,55.94428118499041,-3.185930152450136,1897.5390090688022,2101.59964800943
55.94428118499041,-3.185930152450136,E,55.94428118499041,-3.185630152450136,1897.5390090688022,2100.34964800943
55.94428118499041,-3.185630152450136,W,55.94428118499041,-3.185930152450136,1897.5390090688022,2099.09964800943
55.94428118499041,-3.185930152450136,E,55.94428118499041,-3.185630152450136,1897.5390090688022,2097.84964800943
55.94428118499041,-3.185630152450136,W,55.94428118499041,-3.185930152450136,1897.5390090688022,2096.59964800943
55.94428118499041,-3.185930152450136,E,55.94428118499041,-3.185630152450136,1897.5390090688022,2095.34964800943
55.94428118499041,-3.185630152450136,W,55.94428118499041,-3.185930152450136,1897.5390090688022,2094.09964800943
55.94428118499041,-3.185930152450136,E,55.94428118499041,-3.185630152450136,1897.5390090688022,2092.84964800943
55.94428118499041,-3.185630152450136,W,55.94428118499041,-3.185930152450136,1897.5390090688022,2091.59964800943
55.94428118499041,-3.185930152450136,E,55.94428118499041,-3.185630152450136,1897.5390090688022,2090.34964800943
55.94428118499041,-3.185630152450136,W,55.94428118499041,-3.185930152450136,1897.5390090688022,2089.09964800943
55.94428118499041,-3.185930152450136,E,55.94428118499041,-3.185630152450136,1897.5390090688022,2087.84964800943
55.94428118499041,-3.185630152450136,W,55.94428118499041,-3.185930152450136,1897.5390090688022,2086.59964800943
55.94428118499041,-3.185930152450136,E,55.94428118499041,-3.185630152450136,1897.5390090688022,2085.34964800943
55.94428118499041,-3.185630152450136,W,55.94428118499041,-3.185930152450136,1897.5390090688022,2084.09964800943
55.94428118499041,-3.185930152450136,E,55.94428118499041,-3.185630152450136,1897.5390090688022,2082.84964800943
55.94428118499041,-3.185630152450136,W,55.94428118499041,-3.185930152450136,1897.5390090688022,2081.59964800943
55.94428118499041,-3.185930152450136,E,55.94428118499041,-3.185630152450136,1897.5390090688022,2080.34964800943
55.94428118499041,-3.185630152450136,W,55.94428118499041,-3.185930152450136,1897.5390090688022,2079.09964800943
55.94428118499041,-3.185930152450136,E,55.94428118499041,-3.185630152450136,1897.5390090688022,2077.84964800943
55.94428118499041,-3.185630152450136,W,55.94428118499041,-3.185930152450136,1897.5390090688022,2076.59964800943
55.94428118499041,-3.185930152450136,E,55.94428118499041,-3.185630152450136,1897.5390090688022,2075.34964800943
55.94428118499041,-3.185630152450136,W,55.94428118499041,-3.185930152450136,1897.5390090688022,2074.09964800943
55.94428118499041,-3.185930152450136,E,55.94428118499041,-3.185630152450136,1897.5390090688022,2072.84964800943
55.94428118499041,-3.185630152450136,W,55.94428118499041,-3.185930152450136,1897.5390090688022,2071.59964800943
55.94428118499041,-3.185930152450136,E,55.94428118499041,-3.185630152450136,1897.5390090688022,2070.34964800943
55.94428118499041,-3.185630152450136,W,55.94428118499041,-3.185930152450136,1897.5390090688022,2069.09964800943
55.94428118499041,-3.185930152450136,E,55.94428118499041,-3.185630152450136,1897.5390090688022,2067.84964800943
55.94428118499041,-3.185630152450136,W,55.94428118499041,-3.185930152450136,1897.5390090688022,2066.59964800943
55.94428118499041,-3.185930152450136,E,55.94428118499041,-3.185630152450136,1897.5390090688022,2065.34964800943
55.94428118499041,-3.185630152450136,W,55.94428118499041,-3.185930152450136,1897.5390090688022,2064.09964800943
55.94428118499041,-3.185930152450136,E,55.94428118499041,-3.185630152450136,1897.5390090688022,2062.84964800943
55.94428118499041,-3.185630152450136,W,55.94428118499041,-3.185930152450136,1897.5390090688022,2061.59964800943
55.94428118499041,-3.185930152450136,E,55.94428118499041,-3.185630152450136,1897.5390090688022,2060.34964800943
55.94428118499041,-3.185630152450136,W,55.94428118499041,-3.185930152450136,1897.5390090688022,2059.09964800943
55.94428118499041,-3.185930152450136,E,55.94428118499041,-3.185630152450136,1897.5390090688022,2057.84964800943
55.94428118499041,-3.185630152450136,W,55.94428118499041,-3.185930152450136,1897.5390090688022,2056.59964800943
55.94428118499041,-3.185930152450136,E,55.94428118499041,-3.185630152450136,1897.5390090688022,2055.34964800943
55.94428118499041,-3.185630152450136,W,55.94428118499041,-3.185930152450136,1897.5390090688022,2054.09964800943
55.94428118499041,-3.185930152450136,E,55.94428118499041,-3.185630152450136,1897.5390090688022,2052.84964800943
55.94428118499041,-3.185630152450136,W,55.94428118499041,-3.185930152450136,1897.5390090688022,2051.59964800943
55.94428118499041,-3.185930152450136,E,55.94428118499041,-3.185630152450136,1897.5390090688022,2050.34964800943
55.94428118499041,-3.185630152450136,W,55.94428118499041,-3.185930152450136,1897.5390090688022,2049.09964800943
55.94428118499041,-3.185930152450136,E,55.94428118499041,-3.185630152450136,1897.5390090688022,2047.84964800943
55.94428118499041,-3.185630152450136,W,55.94428118499041,-3.185930152450136,1897.5390090688022,2046.59964800943
55.94428118499041,-3.185930152450136,E,55.94428118499041,-3.185630152450136,1897.5390090688022,2045.34964800943
55.94428118499041,-3.185630152450136,W,55.94428118499041,-3.185930152450136,1897.5390090688022,2044.09964800943
55.94428118499041,-3.185930152450136,E,55.94428118499041,-3.185630152450136,1897.5390090688022,2042.84964800943
55.94428118499041,-3.185630152450136,W,55.94428118499041,-3.185930152450136,1897.5390090688022,2041.59964800943
55.94428118499041,-3.185930152450136,E,55.94428118499041,-3.185630152450136,1897.5390090688022,2040.34964800943
55.94428118499041,-3.185630152450136,W,55.94428118499041,-3.185930152450136,1897.5390090688022,2039.09964800943
55.94428118499041,-3.185930152450136,E,55.94428118499041,-3.185630152450136,1897.5390090688022,2037.84964800943
55.94428118499041,-3.185630152450136,W,55.94428118499041,-3.185930152450136,1897.5390090688022,2036.59964800943
55.94428118499041,-3.185930152450136,E,55.94428118499041,-3.185630152450136,1897.5390090688022,2035.34964800943
55.94428118499041,-3.185630152450136,W,55.94428118499041,-3.185930152450136,1897.5390090688022,2034.09964800943
55.94428118499041,-3.185930152450136,E,55.94428118499041,-3.185630152450136,1897.5390090688022,2032.84964800943
55.94428118499041,-3.185630152450136,W,55.94428118499041,-3.185930152450136,1897.5390090688022,2031.59964800943
55.94428118499041,-3.185930152450136,E,55.94428118499041,-3.185630152450136,1897.5390090688022,2030.34964800943
55.94428118499041,-3.185630152450136,W,55.94428118499041,-3.185930152450136,1897.5390090688022,2029.09964800943
55.94428118499041,-3.185930152450136,E,55.94428118499041,-3.185630152450136,1897.5390090688022,2027.84964800943
55.94428118499041,-3.185630152450136,W,55.94428118499041,-3.185930152450136,1897.5390090688022,2026.59964800943
55.94428118499041,-3.185930152450136,E,55.94428118499041,-3.185630152450136,1897.5390090688022,2025.34964800943
55.94428118499041,-3.185630152450136,W,55.94428118499041,-3.185930152450136,1897.5390090688022,2024.09964800943
55.94428118499041,-3.185930152450136,E,55.94428118499041,-3.185630152450136,1897.5390090688022,2022.84964800943
55.94428118499041,-3.185630152450136,W,55.94428118499041,-3.185930152450136,1897.5390090688022,2021.59964800943
55.94428118499041,-3.185930152450136,E,55.94428118499041,-3.185630152450136,1897.5390090688022,2020.34964800943
55.94428118499041,-3.185630152450136,W,55.94428118499041,-3.185930152450136,1897.5390090688022,2019.09964800943
55.94428118499041,-3.185930152450136,E,55.94428118499041,-3.185630152450136,1897.5390090688022,2017.84964800943
55.94428118499041,-3.185630152450136,W,55.94428118499041,-3.185930152450136,1897.5390090688022,2016.59964800943
55.94428118499041,-3.185930152450136,E,55.94428118499041,-3.185630152450136,1897.5390090688022,2015.34964800943
55.94428118499041,-3.185630152450136,W,55.94428118499041,-3.185930152450136,1897.5390090688022,2014.09964800943
55.94428118499041,-3.185930152450136,E,55.94428118499041,-3.185630152450136,1897.5390090688022,2012.84964800943
55.94428118499041,-3.185630152450136,W,55.94428118499041,-3.185930152450136,1897.5390090688022,2011.59964800943
55.94428118499041,-3.185930152450136,E,55.94428118499041,-3.185630152450136,1897.5390090688022,2010.34964800943
55.94428118499041,-3.185630152450136,W,55.94428118499041,-3.185930152450136,1897.5390090688022,2009.09964800943
55.94428118499041,-3.185930152450136,E,55.94428118499041,-3.185630152450136,1897.5390090688022,2007.84964800943
