55.944425,-3.188396,N,55.944725000000005,-3.188396,0.0,248.75
55.944725000000005,-3.188396,N,55.94502500000001,-3.188396,111.27702738844413,251.47641723222924
55.94502500000001,-3.188396,NW,55.945237132034364,-3.188608132034356,143.1403384844125,343.46232819895397
55.945237132034364,-3.188608132034356,NNE,55.94551429589412,-3.1884933270046463,170.28480317706223,397.19630344107964
55.94551429589412,-3.1884933270046463,NE,55.94572642792848,-3.1882811949702905,234.6969552349038,444.04461079131613
55.94572642792848,-3.1882811949702905,NNW,55.946003591788234,-3.188396,305.7275786895192,540.2668066296895
55.946003591788234,-3.188396,ESE,55.94588878675852,-3.1881188361402466,305.7275786895192,539.0168066296895
55.94588878675852,-3.1881188361402466,SE,55.94567665472417,-3.187906704105891,305.7275786895192,537.7668066296895
55.94567665472417,-3.187906704105891,S,55.945376654724164,-3.187906704105891,305.7275786895192,536.5168066296895
55.945376654724164,-3.187906704105891,ESE,55.945261849694454,-3.1876295402461374,305.7275786895192,535.2668066296895
55.945261849694454,-3.1876295402461374,ENE,55.945376654724164,-3.187352376386384,308.4838679634937,547.550647934646
55.945376654724164,-3.187352376386384,SSW,55.94509949086441,-3.1874671814160935,420.1349645764678,564.0432421703466
55.94509949086441,-3.1874671814160935,S,55.944799490864405,-3.1874671814160935,420.1349645764678,562.7932421703466
55.944799490864405,-3.1874671814160935,S,55.9444994908644,-3.1874671814160935,509.1504303379354,643.5166789827167
55.9444994908644,-3.1874671814160935,SSE,55.944222327004645,-3.187352376386384,509.1504303379354,642.2666789827167
55.944222327004645,-3.187352376386384,SSE,55.94394516314489,-3.1872375713566745,509.1504303379354,641.0166789827167
55.94394516314489,-3.1872375713566745,SSE,55.94366799928513,-3.187122766326965,523.3647519338365,692.4237850142425
55.94366799928513,-3.187122766326965,WSW,55.94355319425542,-3.1873999301867184,639.4676587230524,773.9293764110207
55.94355319425542,-3.1873999301867184,E,55.94355319425542,-3.187099930186718,639.4676587230524,772.6793764110207
55.94355319425542,-3.187099930186718,ESE,55.94343838922571,-3.186822766326965,639.4676587230524,771.4293764110207
55.94343838922571,-3.186822766326965,ESE,55.943323584196,-3.1865456024672114,669.2663859367198,783.0893499017983
55.943323584196,-3.1865456024672114,SE,55.943111452161645,-3.1863334704328556,750.9913561736985,877.7692917427091
55.943111452161645,-3.1863334704328556,SSW,55.94283428830189,-3.186448275462565,793.4269738793578,929.8350519797466
55.94283428830189,-3.186448275462565,N,55.94313428830189,-3.186448275462565,793.4269738793578,928.5850519797466
55.94313428830189,-3.186448275462565,SSE,55.942857124442135,-3.1863334704328556,793.4269738793578,927.3350519797466
55.942857124442135,-3.1863334704328556,NW,55.94306925647649,-3.1865456024672114,793.4269738793578,926.0850519797466
55.94306925647649,-3.1865456024672114,ESE,55.94295445144678,-3.186268438607458,840.6109364654767,931.463859370617
55.94295445144678,-3.186268438607458,NNE,55.94323161530654,-3.1861536335777485,840.6109364654767,930.213859370617
55.94323161530654,-3.1861536335777485,NNW,55.943508779166294,-3.186268438607458,921.3026605128043,948.8168406589681
55.943508779166294,-3.186268438607458,NNE,55.94378594302605,-3.1861536335777485,921.3026605128043,947.5668406589681
55.94378594302605,-3.1861536335777485,NNE,55.94406310688581,-3.186038828548039,983.4059377208966,1057.1338710339278
55.94406310688581,-3.186038828548039,NNW,55.94434027074556,-3.1861536335777485,1041.5202631598006,1095.42269249726
55.94434027074556,-3.1861536335777485,N,55.944640270745566,-3.1861536335777485,1045.0967249867674,1174.0293078667728
55.944640270745566,-3.1861536335777485,ENE,55.94475507577528,-3.185876469717995,1104.712390427237,1240.1132688186196
55.94475507577528,-3.185876469717995,W,55.94475507577528,-3.1861764697179953,1104.712390427237,1238.8632688186196
55.94475507577528,-3.1861764697179953,WNW,55.94486988080499,-3.1864536335777487,1218.5819370732115,1274.1246917921915
55.94486988080499,-3.1864536335777487,NNE,55.94514704466474,-3.186338828548039,1218.5819370732115,1272.8746917921915
55.94514704466474,-3.186338828548039,NNE,55.9454242085245,-3.1862240235183297,1218.5819370732115,1271.6246917921915
55.9454242085245,-3.1862240235183297,N,55.9457242085245,-3.1862240235183297,1334.216970319533,1300.974853319107
55.9457242085245,-3.1862240235183297,SW,55.94551207649015,-3.1864361555526854,1334.216970319533,1299.724853319107
55.94551207649015,-3.1864361555526854,WSW,55.945397271460436,-3.186713319412439,1334.216970319533,1298.474853319107
55.945397271460436,-3.186713319412439,WSW,55.945282466430726,-3.1869904832721923,1334.216970319533,1297.224853319107
55.945282466430726,-3.1869904832721923,WSW,55.945167661401015,-3.1872676471319457,1334.216970319533,1295.974853319107
55.945167661401015,-3.1872676471319457,SW,55.94495552936666,-3.1874797791663014,1334.216970319533,1294.724853319107
55.94495552936666,-3.1874797791663014,WSW,55.94484072433695,-3.187756943026055,1334.216970319533,1293.474853319107
55.94484072433695,-3.187756943026055,SW,55.94462859230259,-3.1879690750604106,1334.216970319533,1292.224853319107
55.94462859230259,-3.1879690750604106,WSW,55.94451378727288,-3.188246238920164,1334.216970319533,1290.974853319107
55.94451378727288,-3.188246238920164,SW,55.944301655238526,-3.18845837095452,1334.216970319533,1289.724853319107
55.944301655238526,-3.18845837095452,WSW,55.944186850208816,-3.188735534814273,1334.216970319533,1288.474853319107
55.944186850208816,-3.188735534814273,SW,55.94397471817446,-3.188947666848629,1344.8721477595025,1347.1036883164024
55.94397471817446,-3.188947666848629,SSE,55.9436975543147,-3.1888328618189195,1344.8721477595025,1345.8536883164024
55.9436975543147,-3.1888328618189195,SSE,55.943420390454946,-3.18871805678921,1344.8721477595025,1344.6036883164024
55.943420390454946,-3.18871805678921,SSE,55.94314322659519,-3.1886032517595004,1380.2174393889281,1396.305226557743
55.94314322659519,-3.1886032517595004,WNW,55.9432580316249,-3.188880415619254,1380.2174393889281,1395.055226557743
55.9432580316249,-3.188880415619254,W,55.9432580316249,-3.189180415619254,1380.2174393889281,1393.805226557743
55.9432580316249,-3.189180415619254,WNW,55.94337283665461,-3.1894575794790074,1380.2174393889281,1392.555226557743
55.94337283665461,-3.1894575794790074,W,55.94337283665461,-3.1897575794790076,1380.2174393889281,1391.305226557743
55.94337283665461,-3.1897575794790076,WNW,55.94348764168432,-3.190034743338761,1502.0197646450329,1407.5102236053888
55.94348764168432,-3.190034743338761,WNW,55.94360244671403,-3.1903119071985144,1608.4530415263257,1503.4342242628234
55.94360244671403,-3.1903119071985144,N,55.943902446714034,-3.1903119071985144,1608.4530415263257,1502.1842242628234
55.943902446714034,-3.1903119071985144,NNW,55.94417961057379,-3.190426712228224,1718.772405653228,1558.2011301166183
55.94417961057379,-3.190426712228224,NW,55.94439174260815,-3.1906388442625797,1811.8058016557543,1618.742564699833
55.94439174260815,-3.1906388442625797,N,55.94469174260815,-3.1906388442625797,1914.56695357016,1633.4994668775278
55.94469174260815,-3.1906388442625797,WNW,55.94480654763786,-3.190916008122333,1993.5117867246033,1703.1541145311999
55.94480654763786,-3.190916008122333,E,55.94480654763786,-3.190616008122333,1993.5117867246033,1701.9041145311999
55.94480654763786,-3.190616008122333,E,55.94480654763786,-3.1903160081223327,1993.5117867246033,1700.6541145311999
55.94480654763786,-3.1903160081223327,ENE,55.94492135266757,-3.1900388442625793,1993.5117867246033,1699.4041145311999
55.94492135266757,-3.1900388442625793,SE,55.944709220633214,-3.1898267122282236,2029.156813147414,1744.0157579013244
55.944709220633214,-3.1898267122282236,SW,55.94449708859886,-3.1900388442625793,2029.156813147414,1742.7657579013244
55.94449708859886,-3.1900388442625793,SW,55.9442849565645,-3.190250976296935,2029.156813147414,1741.5157579013244
55.9442849565645,-3.190250976296935,SSW,55.944007792704745,-3.1903657813266446,2029.156813147414,1740.2657579013244
55.944007792704745,-3.1903657813266446,SW,55.94379566067039,-3.1905779133610004,2029.156813147414,1739.0157579013244
55.94379566067039,-3.1905779133610004,SSW,55.94351849681063,-3.19069271839071,2029.156813147414,1737.7657579013244
55.94351849681063,-3.19069271839071,SW,55.94330636477628,-3.1909048504250657,2029.156813147414,1736.5157579013244
55.94330636477628,-3.1909048504250657,SSW,55.94302920091652,-3.191019655454775,2138.8406351299504,1800.5465724120247
55.94302920091652,-3.191019655454775,WNW,55.94314400594623,-3.1912968193145286,2138.8406351299504,1799.2965724120247
55.94314400594623,-3.1912968193145286,WNW,55.94325881097594,-3.191573983174282,2138.8406351299504,1798.0465724120247
55.94325881097594,-3.191573983174282,WNW,55.94337361600565,-3.1918511470340354,2183.3799372440044,1833.5070613449998
55.94337361600565,-3.1918511470340354,WSW,55.94325881097594,-3.192128310893789,2244.074236607495,1876.5453009774521
55.94325881097594,-3.192128310893789,NNW,55.9435359748357,-3.1922431159234983,2319.7044711246144,1991.8846131840287
55.9435359748357,-3.1922431159234983,N,55.9438359748357,-3.1922431159234983,2319.7044711246144,1990.6346131840287
55.9438359748357,-3.1922431159234983,N,55.9441359748357,-3.1922431159234983,2319.7044711246144,1989.3846131840287
55.9441359748357,-3.1922431159234983,NNE,55.94441313869546,-3.192128310893789,2319.7044711246144,1988.1346131840287
55.94441313869546,-3.192128310893789,N,55.94471313869546,-3.192128310893789,2319.7044711246144,1986.8846131840287
55.94471313869546,-3.192128310893789,NNE,55.94499030255522,-3.1920135058640793,2421.0710469307414,2095.3497073135145
55.94499030255522,-3.1920135058640793,NNW,55.945267466414975,-3.192128310893789,2442.0305545856977,2166.855610582674
55.945267466414975,-3.192128310893789,WNW,55.945382271444686,-3.192405474753542,2489.2736892518888,2223.127485500545
55.945382271444686,-3.192405474753542,N,55.94568227144469,-3.192405474753542,2489.2736892518888,2221.877485500545
55.94568227144469,-3.192405474753542,N,55.94598227144469,-3.192405474753542,2519.4088085039953,2275.030848416596
55.94598227144469,-3.192405474753542,S,55.94568227144469,-3.192405474753542,2519.4088085039953,2273.780848416596
55.94568227144469,-3.192405474753542,N,55.94598227144469,-3.192405474753542,2519.4088085039953,2272.530848416596
55.94598227144469,-3.192405474753542,S,55.94568227144469,-3.192405474753542,2519.4088085039953,2271.280848416596
55.94568227144469,-3.192405474753542,N,55.94598227144469,-3.192405474753542,2519.4088085039953,2270.030848416596
55.94598227144469,-3.192405474753542,S,55.94568227144469,-3.192405474753542,2519.4088085039953,2268.780848416596
55.94568227144469,-3.192405474753542,N,55.94598227144469,-3.192405474753542,2519.4088085039953,2267.530848416596
55.94598227144469,-3.192405474753542,S,55.94568227144469,-3.192405474753542,2519.4088085039953,2266.280848416596
55.94568227144469,-3.192405474753542,N,55.94598227144469,-3.192405474753542,2519.4088085039953,2265.030848416596
55.94598227144469,-3.192405474753542,S,55.94568227144469,-3.192405474753542,2519.4088085039953,2263.780848416596
55.94568227144469,-3.192405474753542,N,55.94598227144469,-3.192405474753542,2519.4088085039953,2262.530848416596
55.94598227144469,-3.192405474753542,S,55.94568227144469,-3.192405474753542,2519.4088085039953,2261.280848416596
55.94568227144469,-3.192405474753542,N,55.94598227144469,-3.192405474753542,2519.4088085039953,2260.030848416596
55.94598227144469,-3.192405474753542,S,55.94568227144469,-3.192405474753542,2519.4088085039953,2258.780848416596
55.94568227144469,-3.192405474753542,N,55.94598227144469,-3.192405474753542,2519.4088085039953,2257.530848416596
55.94598227144469,-3.192405474753542,S,55.94568227144469,-3.192405474753542,2519.4088085039953,2256.280848416596
55.94568227144469,-3.192405474753542,N,55.94598227144469,-3.192405474753542,2519.4088085039953,2255.030848416596
55.94598227144469,-3.192405474753542,S,55.94568227144469,-3.192405474753542,2519.4088085039953,2253.780848416596
55.94568227144469,-3.192405474753542,N,55.94598227144469,-3.192405474753542,2519.4088085039953,2252.530848416596
55.94598227144469,-3.192405474753542,S,55.94568227144469,-3.192405474753542,2519.4088085039953,2251.280848416596
55.94568227144469,-3.192405474753542,N,55.94598227144469,-3.192405474753542,2519.4088085039953,2250.030848416596
55.94598227144469,-3.192405474753542,S,55.94568227144469,-3.192405474753542,2519.4088085039953,2248.780848416596
55.94568227144469,-3.192405474753542,N,55.94598227144469,-3.192405474753542,2519.4088085039953,2247.530848416596
55.94598227144469,-3.192405474753542,S,55.94568227144469,-3.192405474753542,2519.4088085039953,2246.280848416596
55.94568227144469,-3.192405474753542,N,55.94598227144469,-3.192405474753542,2519.4088085039953,2245.030848416596
55.94598227144469,-3.192405474753542,S,55.94568227144469,-3.192405474753542,2519.4088085039953,2243.780848416596
55.94568227144469,-3.192405474753542,N,55.94598227144469,-3.192405474753542,2519.4088085039953,2242.530848416596
55.94598227144469,-3.192405474753542,S,55.94568227144469,-3.192405474753542,2519.4088085039953,2241.280848416596
55.94568227144469,-3.192405474753542,N,55.94598227144469,-3.192405474753542,2519.4088085039953,2240.030848416596
55.94598227144469,-3.192405474753542,S,55.94568227144469,-3.192405474753542,2519.4088085039953,2238.780848416596
55.94568227144469,-3.192405474753542,N,55.94598227144469,-3.192405474753542,2519.4088085039953,2237.530848416596
55.94598227144469,-3.192405474753542,S,55.94568227144469,-3.192405474753542,2519.4088085039953,2236.280848416596
55.94568227144469,-3.192405474753542,N,55.94598227144469,-3.192405474753542,2519.4088085039953,2235.030848416596
55.94598227144469,-3.192405474753542,S,55.94568227144469,-3.192405474753542,2519.4088085039953,2233.780848416596
55.94568227144469,-3.192405474753542,N,55.94598227144469,-3.192405474753542,2519.4088085039953,2232.530848416596
55.94598227144469,-3.192405474753542,S,55.94568227144469,-3.192405474753542,2519.4088085039953,2231.280848416596
55.94568227144469,-3.192405474753542,N,55.94598227144469,-3.192405474753542,2519.4088085039953,2230.030848416596
55.94598227144469,-3.192405474753542,S,55.94568227144469,-3.192405474753542,2519.4088085039953,2228.780848416596
55.94568227144469,-3.192405474753542,N,55.94598227144469,-3.192405474753542,2519.4088085039953,2227.530848416596
55.94598227144469,-3.192405474753542,S,55.94568227144469,-3.192405474753542,2519.4088085039953,2226.280848416596
55.94568227144469,-3.192405474753542,N,55.94598227144469,-3.192405474753542,2519.4088085039953,2225.030848416596
55.94598227144469,-3.192405474753542,S,55.94568227144469,-3.192405474753542,2519.4088085039953,2223.780848416596
55.94568227144469,-3.192405474753542,N,55.94598227144469,-3.192405474753542,2519.4088085039953,2222.530848416596
55.94598227144469,-3.192405474753542,S,55.94568227144469,-3.192405474753542,2519.4088085039953,2221.280848416596
55.94568227144469,-3.192405474753542,N,55.94598227144469,-3.192405474753542,2519.4088085039953,2220.030848416596
55.94598227144469,-3.192405474753542,S,55.94568227144469,-3.192405474753542,2519.4088085039953,2218.780848416596
55.94568227144469,-3.192405474753542,N,55.94598227144469,-3.192405474753542,2519.4088085039953,2217.530848416596
55.94598227144469,-3.192405474753542,S,55.94568227144469,-3.192405474753542,2519.4088085039953,2216.280848416596
55.94568227144469,-3.192405474753542,N,55.94598227144469,-3.192405474753542,2519.4088085039953,2215.030848416596
55.94598227144469,-3.192405474753542,S,55.94568227144469,-3.192405474753542,2519.4088085039953,2213.780848416596
55.94568227144469,-3.192405474753542,N,55.94598227144469,-3.192405474753542,2519.4088085039953,2212.530848416596
55.94598227144469,-3.192405474753542,S,55.94568227144469,-3.192405474753542,2519.4088085039953,2211.280848416596
55.94568227144469,-3.192405474753542,N,55.94598227144469,-3.192405474753542,2519.4088085039953,2210.030848416596
55.94598227144469,-3.192405474753542,S,55.94568227144469,-3.192405474753542,2519.4088085039953,2208.780848416596
55.94568227144469,-3.192405474753542,N,55.94598227144469,-3.192405474753542,2519.4088085039953,2207.530848416596
55.94598227144469,-3.192405474753542,S,55.94568227144469,-3.192405474753542,2519.4088085039953,2206.280848416596
55.94568227144469,-3.192405474753542,N,55.94598227144469,-3.192405474753542,2519.4088085039953,2205.030848416596
55.94598227144469,-3.192405474753542,S,55.94568227144469,-3.192405474753542,2519.4088085039953,2203.780848416596
55.94568227144469,-3.192405474753542,N,55.94598227144469,-3.192405474753542,2519.4088085039953,2202.530848416596
55.94598227144469,-3.192405474753542,S,55.94568227144469,-3.192405474753542,2519.4088085039953,2201.280848416596
55.94568227144469,-3.192405474753542,N,55.94598227144469,-3.192405474753542,2519.4088085039953,2200.030848416596
55.94598227144469,-3.192405474753542,S,55.94568227144469,-3.192405474753542,2519.4088085039953,2198.780848416596
55.94568227144469,-3.192405474753542,N,55.94598227144469,-3.192405474753542,2519.4088085039953,2197.530848416596
55.94598227144469,-3.192405474753542,S,55.94568227144469,-3.192405474753542,2519.4088085039953,2196.280848416596
55.94568227144469,-3.192405474753542,N,55.94598227144469,-3.192405474753542,2519.4088085039953,2195.030848416596
55.94598227144469,-3.192405474753542,S,55.94568227144469,-3.192405474753542,2519.4088085039953,2193.780848416596
55.94568227144469,-3.192405474753542,N,55.94598227144469,-3.192405474753542,2519.4088085039953,2192.530848416596
55.94598227144469,-3.192405474753542,S,55.94568227144469,-3.192405474753542,2519.4088085039953,2191.280848416596
55.94568227144469,-3.192405474753542,N,55.94598227144469,-3.192405474753542,2519.4088085039953,2190.030848416596
55.94598227144469,-3.192405474753542,S,55.94568227144469,-3.192405474753542,2519.4088085039953,2188.780848416596
55.94568227144469,-3.192405474753542,N,55.94598227144469,-3.192405474753542,2519.4088085039953,2187.530848416596
55.94598227144469,-3.192405474753542,S,55.94568227144469,-3.192405474753542,2519.4088085039953,2186.280848416596
55.94568227144469,-3.192405474753542,N,55.94598227144469,-3.192405474753542,2519.4088085039953,2185.030848416596
55.94598227144469,-3.192405474753542,S,55.94568227144469,-3.192405474753542,2519.4088085039953,2183.780848416596
55.94568227144469,-3.192405474753542,N,55.94598227144469,-3.192405474753542,2519.4088085039953,2182.530848416596
55.94598227144469,-3.192405474753542,S,55.94568227144469,-3.192405474753542,2519.4088085039953,2181.280848416596
55.94568227144469,-3.192405474753542,N,55.94598227144469,-3.192405474753542,2519.4088085039953,2180.030848416596
55.94598227144469,-3.192405474753542,S,55.94568227144469,-3.192405474753542,2519.4088085039953,2178.780848416596
55.94568227144469,-3.192405474753542,N,55.94598227144469,-3.192405474753542,2519.4088085039953,2177.530848416596
55.94598227144469,-3.192405474753542,S,55.94568227144469,-3.192405474753542,2519.4088085039953,2176.280848416596
55.94568227144469,-3.192405474753542,N,55.94598227144469,-3.192405474753542,2519.4088085039953,2175.030848416596
55.94598227144469,-3.192405474753542,S,55.94568227144469,-3.192405474753542,2519.4088085039953,2173.780848416596
55.94568227144469,-3.192405474753542,N,55.94598227144469,-3.192405474753542,2519.4088085039953,2172.530848416596
55.94598227144469,-3.192405474753542,S,55.94568227144469,-3.192405474753542,2519.4088085039953,2171.280848416596
55.94568227144469,-3.192405474753542,N,55.94598227144469,-3.192405474753542,2519.4088085039953,2170.030848416596
55.94598227144469,-3.192405474753542,S,55.94568227144469,-3.192405474753542,2519.4088085039953,2168.780848416596
55.94568227144469,-3.192405474753542,N,55.94598227144469,-3.192405474753542,2519.4088085039953,2167.530848416596
55.94598227144469,-3.192405474753542,S,55.94568227144469,-3.192405474753542,2519.4088085039953,2166.280848416596
55.94568227144469,-3.192405474753542,N,55.94598227144469,-3.192405474753542,2519.4088085039953,2165.030848416596
55.94598227144469,-3.192405474753542,S,55.94568227144469,-3.192405474753542,2519.4088085039953,2163.780848416596
55.94568227144469,-3.192405474753542,N,55.94598227144469,-3.192405474753542,2519.4088085039953,2162.530848416596
55.94598227144469,-3.192405474753542,S,55.94568227144469,-3.192405474753542,2519.4088085039953,2161.280848416596
55.94568227144469,-3.192405474753542,N,55.94598227144469,-3.192405474753542,2519.4088085039953,2160.030848416596
55.94598227144469,-3.192405474753542,S,55.94568227144469,-3.192405474753542,2519.4088085039953,2158.780848416596
55.94568227144469,-3.192405474753542,N,55.94598227144469,-3.192405474753542,2519.4088085039953,2157.530848416596
55.94598227144469,-3.192405474753542,S,55.94568227144469,-3.192405474753542,2519.4088085039953,2156.280848416596
55.94568227144469,-3.192405474753542,N,55.94598227144469,-3.192405474753542,2519.4088085039953,2155.030848416596
55.94598227144469,-3.192405474753542,S,55.94568227144469,-3.192405474753542,2519.4088085039953,2153.780848416596
55.94568227144469,-3.192405474753542,N,55.94598227144469,-3.192405474753542,2519.4088085039953,2152.530848416596
55.94598227144469,-3.192405474753542,S,55.94568227144469,-3.192405474753542,2519.4088085039953,2151.280848416596
55.94568227144469,-3.192405474753542,N,55.94598227144469,-3.192405474753542,2519.4088085039953,2150.030848416596
55.94598227144469,-3.192405474753542,S,55.94568227144469,-3.192405474753542,2519.4088085039953,2148.780848416596
55.94568227144469,-3.192405474753542,N,55.94598227144469,-3.192405474753542,2519.4088085039953,2147.530848416596
55.94598227144469,-3.192405474753542,S,55.94568227144469,-3.192405474753542,2519.4088085039953,2146.280848416596
55.94568227144469,-3.192405474753542,N,55.94598227144469,-3.192405474753542,2519.4088085039953,2145.030848416596
55.94598227144469,-3.192405474753542,S,55.94568227144469,-3.192405474753542,2519.4088085039953,2143.780848416596
55.94568227144469,-3.192405474753542,N,55.94598227144469,-3.192405474753542,2519.4088085039953,2142.530848416596
55.94598227144469,-3.192405474753542,S,55.94568227144469,-3.192405474753542,2519.4088085039953,2141.280848416596
55.94568227144469,-3.192405474753542,N,55.94598227144469,-3.192405474753542,2519.4088085039953,2140.030848416596
55.94598227144469,-3.192405474753542,S,55.94568227144469,-3.192405474753542,2519.4088085039953,2138.780848416596
55.94568227144469,-3.192405474753542,N,55.94598227144469,-3.192405474753542,2519.4088085039953,2137.530848416596
55.94598227144469,-3.192405474753542,S,55.94568227144469,-3.192405474753542,2519.4088085039953,2136.280848416596
55.94568227144469,-3.192405474753542,N,55.94598227144469,-3.192405474753542,2519.4088085039953,2135.030848416596
55.94598227144469,-3.192405474753542,S,55.94568227144469,-3.192405474753542,2519.4088085039953,2133.780848416596
55.94568227144469,-3.192405474753542,N,55.94598227144469,-3.192405474753542,2519.4088085039953,2132.530848416596
55.94598227144469,-3.192405474753542,S,55.94568227144469,-3.192405474753542,2519.4088085039953,2131.280848416596
55.94568227144469,-3.192405474753542,N,55.94598227144469,-3.192405474753542,2519.4088085039953,2130.030848416596
55.94598227144469,-3.192405474753542,S,55.94568227144469,-3.192405474753542,2519.4088085039953,2128.780848416596
55.94568227144469,-3.192405474753542,N,55.94598227144469,-3.192405474753542,2519.4088085039953,2127.530848416596
55.94598227144469,-3.192405474753542,S,55.94568227144469,-3.192405474753542,2519.4088085039953,2126.280848416596
55.94568227144469,-3.192405474753542,N,55.94598227144469,-3.192405474753542,2519.4088085039953,2125.030848416596
55.94598227144469,-3.192405474753542,S,55.94568227144469,-3.192405474753542,2519.4088085039953,2123.780848416596
55.94568227144469,-3.192405474753542,N,55.94598227144469,-3.192405474753542,2519.4088085039953,2122.530848416596
55.94598227144469,-3.192405474753542,S,55.94568227144469,-3.192405474753542,2519.4088085039953,2121.280848416596
55.94568227144469,-3.192405474753542,N,55.94598227144469,-3.192405474753542,2519.4088085039953,2120.030848416596
55.94598227144469,-3.192405474753542,S,55.94568227144469,-3.192405474753542,2519.4088085039953,2118.780848416596
55.94568227144469,-3.192405474753542,N,55.94598227144469,-3.192405474753542,2519.4088085039953,2117.530848416596
55.94598227144469,-3.192405474753542,S,55.94568227144469,-3.192405474753542,2519.4088085039953,2116.280848416596
55.94568227144469,-3.192405474753542,N,55.94598227144469,-3.192405474753542,2519.4088085039953,2115.030848416596
55.94598227144469,-3.192405474753542,S,55.94568227144469,-3.192405474753542,2519.4088085039953,2113.780848416596
55.94568227144469,-3.192405474753542,N,55.94598227144469,-3.192405474753542,2519.4088085039953,2112.530848416596
55.94598227144469,-3.192405474753542,S,55.94568227144469,-3.192405474753542,2519.4088085039953,2111.280848416596
55.94568227144469,-3.192405474753542,N,55.94598227144469,-3.192405474753542,2519.4088085039953,2110.030848416596
55.94598227144469,-3.192405474753542,S,55.94568227144469,-3.192405474753542,2519.4088085039953,2108.780848416596
55.94568227144469,-3.192405474753542,N,55.94598227144469,-3.192405474753542,2519.4088085039953,2107.530848416596
55.94598227144469,-3.192405474753542,S,55.94568227144469,-3.192405474753542,2519.4088085039953,2106.280848416596
55.94568227144469,-3.192405474753542,N,55.94598227144469,-3.192405474753542,2519.4088085039953,2105.030848416596
55.94598227144469,-3.192405474753542,S,55.94568227144469,-3.192405474753542,2519.4088085039953,2103.780848416596
55.94568227144469,-3.192405474753542,N,55.94598227144469,-3.192405474753542,2519.4088085039953,2102.530848416596
55.94598227144469,-3.192405474753542,S,55.94568227144469,-3.192405474753542,2519.4088085039953,2101.280848416596
55.94568227144469,-3.192405474753542,N,55.94598227144469,-3.192405474753542,2519.4088085039953,2100.030848416596
55.94598227144469,-3.192405474753542,S,55.94568227144469,-3.192405474753542,2519.4088085039953,2098.780848416596
55.94568227144469,-3.192405474753542,N,55.94598227144469,-3.192405474753542,2519.4088085039953,2097.530848416596
55.94598227144469,-3.192405474753542,S,55.94568227144469,-3.192405474753542,2519.4088085039953,2096.280848416596
55.94568227144469,-3.192405474753542,N,55.94598227144469,-3.192405474753542,2519.4088085039953,2095.030848416596
55.94598227144469,-3.192405474753542,S,55.94568227144469,-3.192405474753542,2519.4088085039953,2093.780848416596
55.94568227144469,-3.192405474753542,N,55.94598227144469,-3.192405474753542,2519.4088085039953,2092.530848416596
55.94598227144469,-3.192405474753542,S,55.94568227144469,-3.192405474753542,2519.4088085039953,2091.280848416596
55.94568227144469,-3.192405474753542,N,55.94598227144469,-3.192405474753542,2519.4088085039953,2090.030848416596
55.94598227144469,-3.192405474753542,S,55.94568227144469,-3.192405474753542,2519.4088085039953,2088.780848416596
55.94568227144469,-3.192405474753542,N,55.94598227144469,-3.192405474753542,2519.4088085039953,2087.530848416596
55.94598227144469,-3.192405474753542,S,55.94568227144469,-3.192405474753542,2519.4088085039953,2086.280848416596
55.94568227144469,-3.192405474753542,N,55.94598227144469,-3.192405474753542,2519.4088085039953,2085.030848416596
55.94598227144469,-3.192405474753542,S,55.94568227144469,-3.192405474753542,2519.4088085039953,2083.780848416596
55.94568227144469,-3.192405474753542,N,55.94598227144469,-3.192405474753542,2519.4088085039953,2082.530848416596
55.94598227144469,-3.192405474753542,S,55.94568227144469,-3.192405474753542,2519.4088085039953,2081.280848416596
55.94568227144469,-3.192405474753542,N,55.94598227144469,-3.192405474753542,2519.4088085039953,2080.030848416596
55.94598227144469,-3.192405474753542,S,55.94568227144469,-3.192405474753542,2519.4088085039953,2078.780848416596
55.94568227144469,-3.192405474753542,N,55.94598227144469,-3.192405474753542,2519.4088085039953,2077.530848416596
55.94598227144469,-3.192405474753542,S,55.94568227144469,-3.192405474753542,2519.4088085039953,2076.280848416596
55.94568227144469,-3.192405474753542,N,55.94598227144469,-3.192405474753542,2519.4088085039953,2075.030848416596
55.94598227144469,-3.192405474753542,S,55.94568227144469,-3.192405474753542,2519.4088085039953,2073.780848416596
