55.944425,-3.188396,SW,55.944212867965646,-3.188608132034356,0.0,248.75
55.944212867965646,-3.188608132034356,SW,55.94400073593129,-3.1888202640687116,51.590139635615316,325.73267597766255
55.94400073593129,-3.1888202640687116,SW,55.943788603896934,-3.1890323961030673,136.12349154803275,382.79551915400646
55.943788603896934,-3.1890323961030673,SSW,55.94351144003718,-3.189147201132777,136.12349154803275,381.54551915400646
55.94351144003718,-3.189147201132777,WSW,55.94339663500747,-3.1894243649925302,254.36590696338754,422.3536990175974
55.94339663500747,-3.1894243649925302,SE,55.94318450297311,-3.1892122329581745,254.36590696338754,421.1036990175974
55.94318450297311,-3.1892122329581745,SE,55.942972370938755,-3.1890001009238187,314.21583992600046,423.8719104108116
55.942972370938755,-3.1890001009238187,ESE,55.942857565909044,-3.1887229370640653,370.78547344828587,448.5217998523601
55.942857565909044,-3.1887229370640653,NE,55.9430696979434,-3.1885108050297095,370.78547344828587,447.2717998523601
55.9430696979434,-3.1885108050297095,NE,55.94328182997776,-3.1882986729953537,370.78547344828587,446.0217998523601
55.94328182997776,-3.1882986729953537,NE,55.94349396201211,-3.188086540960998,433.6498190323963,495.55653760255524
55.94349396201211,-3.188086540960998,SSE,55.943216798152356,-3.1879717359312885,433.6498190323963,494.30653760255524
55.943216798152356,-3.1879717359312885,SE,55.943004666118,-3.1877596038969327,433.6498190323963,493.05653760255524
55.943004666118,-3.1877596038969327,SSE,55.94272750225824,-3.187644798867223,552.5305126784576,548.6740581152966
55.94272750225824,-3.187644798867223,E,55.94272750225824,-3.187344798867223,652.600519598243,585.2623522520707
55.94272750225824,-3.187344798867223,NE,55.9429396342926,-3.1871326668328672,652.600519598243,584.0123522520707
55.9429396342926,-3.1871326668328672,NE,55.943151766326956,-3.1869205347985115,652.600519598243,582.7623522520707
55.943151766326956,-3.1869205347985115,NE,55.94336389836131,-3.1867084027641557,769.3415703095072,698.8241835988244
55.94336389836131,-3.1867084027641557,N,55.943663898361315,-3.1867084027641557,799.9380726657705,736.6984638605825
55.943663898361315,-3.1867084027641557,SSE,55.94338673450156,-3.186593597734446,799.9380726657705,735.4484638605825
55.94338673450156,-3.186593597734446,S,55.943086734501556,-3.186593597734446,799.9380726657705,734.1984638605825
55.943086734501556,-3.186593597734446,SE,55.9428746024672,-3.1863814657000904,909.3115058366329,772.30142861662
55.9428746024672,-3.1863814657000904,ESE,55.94275979743749,-3.186104301840337,909.3115058366329,771.05142861662
55.94275979743749,-3.186104301840337,ENE,55.9428746024672,-3.1858271379805836,909.3115058366329,769.80142861662
55.9428746024672,-3.1858271379805836,N,55.9431746024672,-3.1858271379805836,909.3115058366329,768.55142861662
55.9431746024672,-3.1858271379805836,NNE,55.94345176632696,-3.185712332950874,909.3115058366329,767.30142861662
55.94345176632696,-3.185712332950874,N,55.94375176632696,-3.185712332950874,1030.0188404846162,863.8818779739862
55.94375176632696,-3.185712332950874,NE,55.94396389836132,-3.1855002009165183,1030.0188404846162,862.6318779739862
55.94396389836132,-3.1855002009165183,NE,55.944176030395674,-3.1852880688821625,1053.1253202841053,906.4769032143457
55.944176030395674,-3.1852880688821625,NNE,55.94445319425543,-3.185173263852453,1053.1253202841053,905.2269032143457
55.94445319425543,-3.185173263852453,NE,55.94466532628979,-3.1849611318180973,1120.36901048868,967.6691388520414
55.94466532628979,-3.1849611318180973,NNE,55.94494249014954,-3.1848463267883877,1120.36901048868,966.4191388520414
55.94494249014954,-3.1848463267883877,N,55.945242490149546,-3.1848463267883877,1174.9275589013084,1062.2746102830836
55.945242490149546,-3.1848463267883877,WNW,55.94535729517926,-3.185123490648141,1174.9275589013084,1061.0246102830836
55.94535729517926,-3.185123490648141,WNW,55.94547210020897,-3.1854006545078946,1183.3618230116274,1061.4868201885092
55.94547210020897,-3.1854006545078946,SW,55.94525996817461,-3.1856127865422503,1306.9660393304641,1090.4286352651607
55.94525996817461,-3.1856127865422503,NW,55.94547210020897,-3.185824918576606,1306.9660393304641,1089.1786352651607
55.94547210020897,-3.185824918576606,NW,55.94568423224332,-3.186037050610962,1306.9660393304641,1087.9286352651607
55.94568423224332,-3.186037050610962,WSW,55.94556942721361,-3.1863142144707153,1306.9660393304641,1086.6786352651607
55.94556942721361,-3.1863142144707153,WNW,55.94568423224332,-3.1865913783304687,1306.9660393304641,1085.4286352651607
55.94568423224332,-3.1865913783304687,N,55.945984232243326,-3.1865913783304687,1370.4952485914353,1198.067282152533
55.945984232243326,-3.1865913783304687,W,55.945984232243326,-3.186891378330469,1370.4952485914353,1196.817282152533
55.945984232243326,-3.186891378330469,W,55.945984232243326,-3.187191378330469,1370.4952485914353,1195.567282152533
55.945984232243326,-3.187191378330469,WNW,55.94609903727304,-3.1874685421902225,1469.7098618945263,1213.1672992937717
55.94609903727304,-3.1874685421902225,WNW,55.94621384230275,-3.187745706049976,1500.2168416463896,1263.0869661586223
55.94621384230275,-3.187745706049976,SW,55.94600171026839,-3.1879578380843316,1500.2168416463896,1261.8369661586223
55.94600171026839,-3.1879578380843316,WSW,55.94588690523868,-3.188235001944085,1518.1569543760247,1364.3731839719221
55.94588690523868,-3.188235001944085,W,55.94588690523868,-3.1885350019440852,1591.7753444738337,1487.5231185341845
55.94588690523868,-3.1885350019440852,SW,55.945674773204324,-3.188747133978441,1591.7753444738337,1486.2731185341845
55.945674773204324,-3.188747133978441,WSW,55.945559968174614,-3.1890242978381944,1591.7753444738337,1485.0231185341845
55.945559968174614,-3.1890242978381944,SW,55.94534783614026,-3.18923642987255,1675.7329862218667,1505.545465164244
55.94534783614026,-3.18923642987255,WSW,55.94523303111055,-3.1895135937323036,1722.76832123565,1535.2249476966683
55.94523303111055,-3.1895135937323036,NNW,55.9455101949703,-3.189628398762013,1722.76832123565,1533.9749476966683
55.9455101949703,-3.189628398762013,N,55.945810194970306,-3.189628398762013,1776.032425148702,1542.2239006784682
55.945810194970306,-3.189628398762013,WSW,55.945695389940596,-3.1899055626217665,1776.032425148702,1540.9739006784682
55.945695389940596,-3.1899055626217665,W,55.945695389940596,-3.1902055626217667,1813.9435695249167,1559.5278311606642
55.945695389940596,-3.1902055626217667,NNW,55.94597255380035,-3.190320367651476,1857.3871439666711,1667.3455627852934
55.94597255380035,-3.190320367651476,W,55.94597255380035,-3.1906203676514764,1857.3871439666711,1666.0955627852934
55.94597255380035,-3.1906203676514764,W,55.94597255380035,-3.1909203676514766,1857.3871439666711,1664.8455627852934
55.94597255380035,-3.1909203676514766,W,55.94597255380035,-3.1912203676514768,1857.3871439666711,1663.5955627852934
55.94597255380035,-3.1912203676514768,W,55.94597255380035,-3.191520367651477,1930.5162862296384,1771.368991938816
55.94597255380035,-3.191520367651477,SW,55.945760421765996,-3.1917324996858327,1930.5162862296384,1770.118991938816
55.945760421765996,-3.1917324996858327,SSW,55.94548325790624,-3.1918473047155422,2042.6701899642117,1845.059048180775
55.94548325790624,-3.1918473047155422,SSE,55.94520609404648,-3.1917324996858327,2042.6701899642117,1843.809048180775
55.94520609404648,-3.1917324996858327,SSW,55.94492893018673,-3.1918473047155422,2042.6701899642117,1842.559048180775
55.94492893018673,-3.1918473047155422,NE,55.94514106222108,-3.1916351726811865,2042.6701899642117,1841.309048180775
55.94514106222108,-3.1916351726811865,E,55.94514106222108,-3.1913351726811863,2042.6701899642117,1840.059048180775
55.94514106222108,-3.1913351726811863,SSW,55.94486389836133,-3.191449977710896,2115.2336479016676,1938.0210402275811
55.94486389836133,-3.191449977710896,E,55.94486389836133,-3.1911499777108956,2181.8240493196195,1942.394375968822
55.94486389836133,-3.1911499777108956,WSW,55.944749093331616,-3.191427141570649,2181.8240493196195,1941.144375968822
55.944749093331616,-3.191427141570649,WSW,55.944634288301906,-3.1917043054304024,2298.563951549263,2023.1522665741018
55.944634288301906,-3.1917043054304024,SSW,55.94435712444215,-3.191819110460112,2298.563951549263,2021.9022665741018
55.94435712444215,-3.191819110460112,SSW,55.94407996058239,-3.1919339154898214,2298.563951549263,2020.6522665741018
55.94407996058239,-3.1919339154898214,SW,55.943867828548036,-3.192146047524177,2298.563951549263,2019.4022665741018
55.943867828548036,-3.192146047524177,SSW,55.94359066468828,-3.1922608525538867,2366.8942472692397,2034.6073077187255
55.94359066468828,-3.1922608525538867,SE,55.943378532653924,-3.192048720519531,2397.3250250341134,2035.8998212487945
55.943378532653924,-3.192048720519531,ESE,55.94326372762421,-3.1917715566597775,2397.3250250341134,2034.6498212487945
55.94326372762421,-3.1917715566597775,SE,55.94305159558986,-3.1915594246254217,2511.294253184943,2052.9181492651737
55.94305159558986,-3.1915594246254217,NE,55.94326372762421,-3.191347292591066,2511.294253184943,2051.6681492651737
55.94326372762421,-3.191347292591066,ENE,55.943378532653924,-3.1910701287313126,2511.294253184943,2050.4181492651737
55.943378532653924,-3.1910701287313126,NE,55.94359066468828,-3.190857996696957,2511.294253184943,2049.1681492651737
55.94359066468828,-3.190857996696957,ENE,55.94370546971799,-3.1905808328372034,2511.294253184943,2047.9181492651737
55.94370546971799,-3.1905808328372034,NE,55.94391760175235,-3.1903687008028476,2588.7242447205003,2125.249302639609
55.94391760175235,-3.1903687008028476,ESE,55.943802796722636,-3.190091536943094,2695.900780095736,2203.557105298042
55.943802796722636,-3.190091536943094,WNW,55.94391760175235,-3.1903687008028476,2695.900780095736,2202.307105298042
55.94391760175235,-3.1903687008028476,ESE,55.943802796722636,-3.190091536943094,2695.900780095736,2201.057105298042
55.943802796722636,-3.190091536943094,WNW,55.94391760175235,-3.1903687008028476,2695.900780095736,2199.807105298042
55.94391760175235,-3.1903687008028476,ESE,55.943802796722636,-3.190091536943094,2695.900780095736,2198.557105298042
55.943802796722636,-3.190091536943094,WNW,55.94391760175235,-3.1903687008028476,2695.900780095736,2197.307105298042
55.94391760175235,-3.1903687008028476,ESE,55.943802796722636,-3.190091536943094,2695.900780095736,2196.057105298042
55.943802796722636,-3.190091536943094,WNW,55.94391760175235,-3.1903687008028476,2695.900780095736,2194.807105298042
55.94391760175235,-3.1903687008028476,ESE,55.943802796722636,-3.190091536943094,2695.900780095736,2193.557105298042
55.943802796722636,-3.190091536943094,WNW,55.94391760175235,-3.1903687008028476,2695.900780095736,2192.307105298042
55.94391760175235,-3.1903687008028476,ESE,55.943802796722636,-3.190091536943094,2695.900780095736,2191.057105298042
55.943802796722636,-3.190091536943094,WNW,55.94391760175235,-3.1903687008028476,2695.900780095736,2189.807105298042
55.94391760175235,-3.1903687008028476,ESE,55.943802796722636,-3.190091536943094,2695.900780095736,2188.557105298042
55.943802796722636,-3.190091536943094,WNW,55.94391760175235,-3.1903687008028476,2695.900780095736,2187.307105298042
55.94391760175235,-3.1903687008028476,ESE,55.943802796722636,-3.190091536943094,2695.900780095736,2186.057105298042
55.943802796722636,-3.190091536943094,WNW,55.94391760175235,-3.1903687008028476,2695.900780095736,2184.807105298042
55.94391760175235,-3.1903687008028476,ESE,55.943802796722636,-3.190091536943094,2695.900780095736,2183.557105298042
55.943802796722636,-3.190091536943094,WNW,55.94391760175235,-3.1903687008028476,2695.900780095736,2182.307105298042
55.94391760175235,-3.1903687008028476,ESE,55.943802796722636,-3.190091536943094,2695.900780095736,2181.057105298042
55.943802796722636,-3.190091536943094,WNW,55.94391760175235,-3.1903687008028476,2695.900780095736,2179.807105298042
55.94391760175235,-3.1903687008028476,ESE,55.943802796722636,-3.190091536943094,2695.900780095736,2178.557105298042
55.943802796722636,-3.190091536943094,WNW,55.94391760175235,-3.1903687008028476,2695.900780095736,2177.307105298042
55.94391760175235,-3.1903687008028476,ESE,55.943802796722636,-3.190091536943094,2695.900780095736,2176.057105298042
55.943802796722636,-3.190091536943094,WNW,55.94391760175235,-3.1903687008028476,2695.900780095736,2174.807105298042
55.94391760175235,-3.1903687008028476,ESE,55.943802796722636,-3.190091536943094,2695.900780095736,2173.557105298042
55.943802796722636,-3.190091536943094,WNW,55.94391760175235,-3.1903687008028476,2695.900780095736,2172.307105298042
55.94391760175235,-3.1903687008028476,ESE,55.943802796722636,-3.190091536943094,2695.900780095736,2171.057105298042
55.943802796722636,-3.190091536943094,WNW,55.94391760175235,-3.1903687008028476,2695.900780095736,2169.807105298042
55.94391760175235,-3.1903687008028476,ESE,55.943802796722636,-3.190091536943094,2695.900780095736,2168.557105298042
55.943802796722636,-3.190091536943094,WNW,55.94391760175235,-3.1903687008028476,2695.900780095736,2167.307105298042
55.94391760175235,-3.1903687008028476,ESE,55.943802796722636,-3.190091536943094,2695.900780095736,2166.057105298042
55.943802796722636,-3.190091536943094,WNW,55.94391760175235,-3.1903687008028476,2695.900780095736,2164.807105298042
55.94391760175235,-3.1903687008028476,ESE,55.943802796722636,-3.190091536943094,2695.900780095736,2163.557105298042
55.943802796722636,-3.190091536943094,WNW,55.94391760175235,-3.1903687008028476,2695.900780095736,2162.307105298042
55.94391760175235,-3.1903687008028476,ESE,55.943802796722636,-3.190091536943094,2695.900780095736,2161.057105298042
55.943802796722636,-3.190091536943094,WNW,55.94391760175235,-3.1903687008028476,2695.900780095736,2159.807105298042
55.94391760175235,-3.1903687008028476,ESE,55.943802796722636,-3.190091536943094,2695.900780095736,2158.557105298042
55.943802796722636,-3.190091536943094,WNW,55.94391760175235,-3.1903687008028476,2695.900780095736,2157.307105298042
55.94391760175235,-3.1903687008028476,ESE,55.943802796722636,-3.190091536943094,2695.900780095736,2156.057105298042
55.943802796722636,-3.190091536943094,WNW,55.94391760175235,-3.1903687008028476,2695.900780095736,2154.807105298042
55.94391760175235,-3.1903687008028476,ESE,55.943802796722636,-3.190091536943094,2695.900780095736,2153.557105298042
55.943802796722636,-3.190091536943094,WNW,55.94391760175235,-3.1903687008028476,2695.900780095736,2152.307105298042
55.94391760175235,-3.1903687008028476,ESE,55.943802796722636,-3.190091536943094,2695.900780095736,2151.057105298042
55.943802796722636,-3.190091536943094,WNW,55.94391760175235,-3.1903687008028476,2695.900780095736,2149.807105298042
55.94391760175235,-3.1903687008028476,ESE,55.943802796722636,-3.190091536943094,2695.900780095736,2148.557105298042
55.943802796722636,-3.190091536943094,WNW,55.94391760175235,-3.1903687008028476,2695.900780095736,2147.307105298042
55.94391760175235,-3.1903687008028476,ESE,55.943802796722636,-3.190091536943094,2695.900780095736,2146.057105298042
55.943802796722636,-3.190091536943094,WNW,55.94391760175235,-3.1903687008028476,2695.900780095736,2144.807105298042
55.94391760175235,-3.1903687008028476,ESE,55.943802796722636,-3.190091536943094,2695.900780095736,2143.557105298042
55.943802796722636,-3.190091536943094,WNW,55.94391760175235,-3.1903687008028476,2695.900780095736,2142.307105298042
55.94391760175235,-3.1903687008028476,ESE,55.943802796722636,-3.190091536943094,2695.900780095736,2141.057105298042
55.943802796722636,-3.190091536943094,WNW,55.94391760175235,-3.1903687008028476,2695.900780095736,2139.807105298042
55.94391760175235,-3.1903687008028476,ESE,55.943802796722636,-3.190091536943094,2695.900780095736,2138.557105298042
55.943802796722636,-3.190091536943094,WNW,55.94391760175235,-3.1903687008028476,2695.900780095736,2137.307105298042
55.94391760175235,-3.1903687008028476,ESE,55.943802796722636,-3.190091536943094,2695.900780095736,2136.057105298042
55.943802796722636,-3.190091536943094,WNW,55.94391760175235,-3.1903687008028476,2695.900780095736,2134.807105298042
55.94391760175235,-3.1903687008028476,ESE,55.943802796722636,-3.190091536943094,2695.900780095736,2133.557105298042
55.943802796722636,-3.190091536943094,WNW,55.94391760175235,-3.1903687008028476,2695.900780095736,2132.307105298042
55.94391760175235,-3.1903687008028476,ESE,55.943802796722636,-3.190091536943094,2695.900780095736,2131.057105298042
55.943802796722636,-3.190091536943094,WNW,55.94391760175235,-3.1903687008028476,2695.900780095736,2129.807105298042
55.94391760175235,-3.1903687008028476,ESE,55.943802796722636,-3.190091536943094,2695.900780095736,2128.557105298042
55.943802796722636,-3.190091536943094,WNW,55.94391760175235,-3.1903687008028476,2695.900780095736,2127.307105298042
55.94391760175235,-3.1903687008028476,ESE,55.943802796722636,-3.190091536943094,2695.900780095736,2126.057105298042
55.943802796722636,-3.190091536943094,WNW,55.94391760175235,-3.1903687008028476,2695.900780095736,2124.807105298042
55.94391760175235,-3.1903687008028476,ESE,55.943802796722636,-3.190091536943094,2695.900780095736,2123.557105298042
55.943802796722636,-3.190091536943094,WNW,55.94391760175235,-3.1903687008028476,2695.900780095736,2122.307105298042
55.94391760175235,-3.1903687008028476,ESE,55.943802796722636,-3.190091536943094,2695.900780095736,2121.057105298042
55.943802796722636,-3.190091536943094,WNW,55.94391760175235,-3.1903687008028476,2695.900780095736,2119.807105298042
55.94391760175235,-3.1903687008028476,ESE,55.943802796722636,-3.190091536943094,2695.900780095736,2118.557105298042
55.943802796722636,-3.190091536943094,WNW,55.94391760175235,-3.1903687008028476,2695.900780095736,2117.307105298042
55.94391760175235,-3.1903687008028476,ESE,55.943802796722636,-3.190091536943094,2695.900780095736,2116.057105298042
55.943802796722636,-3.190091536943094,WNW,55.94391760175235,-3.1903687008028476,2695.900780095736,2114.807105298042
55.94391760175235,-3.1903687008028476,ESE,55.943802796722636,-3.190091536943094,2695.900780095736,2113.557105298042
55.943802796722636,-3.190091536943094,WNW,55.94391760175235,-3.1903687008028476,2695.900780095736,2112.307105298042
55.94391760175235,-3.1903687008028476,ESE,55.943802796722636,-3.190091536943094,2695.900780095736,2111.057105298042
55.943802796722636,-3.190091536943094,WNW,55.94391760175235,-3.1903687008028476,2695.900780095736,2109.807105298042
55.94391760175235,-3.1903687008028476,ESE,55.943802796722636,-3.190091536943094,2695.900780095736,2108.557105298042
55.943802796722636,-3.190091536943094,WNW,55.94391760175235,-3.1903687008028476,2695.900780095736,2107.307105298042
55.94391760175235,-3.1903687008028476,ESE,55.943802796722636,-3.190091536943094,2695.900780095736,2106.057105298042
55.943802796722636,-3.190091536943094,WNW,55.94391760175235,-3.1903687008028476,2695.900780095736,2104.807105298042
55.94391760175235,-3.1903687008028476,ESE,55.943802796722636,-3.190091536943094,2695.900780095736,2103.557105298042
55.943802796722636,-3.190091536943094,WNW,55.94391760175235,-3.1903687008028476,2695.900780095736,2102.307105298042
55.94391760175235,-3.1903687008028476,ESE,55.943802796722636,-3.190091536943094,2695.900780095736,2101.057105298042
55.943802796722636,-3.190091536943094,WNW,55.94391760175235,-3.1903687008028476,2695.900780095736,2099.807105298042
55.94391760175235,-3.1903687008028476,ESE,55.943802796722636,-3.190091536943094,2695.900780095736,2098.557105298042
55.943802796722636,-3.190091536943094,WNW,55.94391760175235,-3.1903687008028476,2695.900780095736,2097.307105298042
55.94391760175235,-3.1903687008028476,ESE,55.943802796722636,-3.190091536943094,2695.900780095736,2096.057105298042
55.943802796722636,-3.190091536943094,WNW,55.94391760175235,-3.1903687008028476,2695.900780095736,2094.807105298042
55.94391760175235,-3.1903687008028476,ESE,55.943802796722636,-3.190091536943094,2695.900780095736,2093.557105298042
55.943802796722636,-3.190091536943094,WNW,55.94391760175235,-3.1903687008028476,2695.900780095736,2092.307105298042
55.94391760175235,-3.1903687008028476,ESE,55.943802796722636,-3.190091536943094,2695.900780095736,2091.057105298042
55.943802796722636,-3.190091536943094,WNW,55.94391760175235,-3.1903687008028476,2695.900780095736,2089.807105298042
55.94391760175235,-3.1903687008028476,ESE,55.943802796722636,-3.190091536943094,2695.900780095736,2088.557105298042
55.943802796722636,-3.190091536943094,WNW,55.94391760175235,-3.1903687008028476,2695.900780095736,2087.307105298042
55.94391760175235,-3.1903687008028476,ESE,55.943802796722636,-3.190091536943094,2695.900780095736,2086.057105298042
55.943802796722636,-3.190091536943094,WNW,55.94391760175235,-3.1903687008028476,2695.900780095736,2084.807105298042
55.94391760175235,-3.1903687008028476,ESE,55.943802796722636,-3.190091536943094,2695.900780095736,2083.557105298042
55.943802796722636,-3.190091536943094,WNW,55.94391760175235,-3.1903687008028476,2695.900780095736,2082.307105298042
55.94391760175235,-3.1903687008028476,ESE,55.943802796722636,-3.190091536943094,2695.900780095736,2081.057105298042
55.943802796722636,-3.190091536943094,WNW,55.94391760175235,-3.1903687008028476,2695.900780095736,2079.807105298042
55.94391760175235,-3.1903687008028476,ESE,55.943802796722636,-3.190091536943094,2695.900780095736,2078.557105298042
55.943802796722636,-3.190091536943094,WNW,55.94391760175235,-3.1903687008028476,2695.900780095736,2077.307105298042
55.94391760175235,-3.1903687008028476,ESE,55.943802796722636,-3.190091536943094,2695.900780095736,2076.057105298042
55.943802796722636,-3.190091536943094,WNW,55.94391760175235,-3.1903687008028476,2695.900780095736,2074.807105298042
55.94391760175235,-3.1903687008028476,ESE,55.943802796722636,-3.190091536943094,2695.900780095736,2073.557105298042
55.943802796722636,-3.190091536943094,WNW,55.94391760175235,-3.1903687008028476,2695.900780095736,2072.307105298042
55.94391760175235,-3.1903687008028476,ESE,55.943802796722636,-3.190091536943094,2695.900780095736,2071.057105298042
55.943802796722636,-3.190091536943094,WNW,55.94391760175235,-3.1903687008028476,2695.900780095736,2069.807105298042
55.94391760175235,-3.1903687008028476,ESE,55.943802796722636,-3.190091536943094,2695.900780095736,2068.557105298042
55.943802796722636,-3.190091536943094,WNW,55.94391760175235,-3.1903687008028476,2695.900780095736,2067.307105298042
55.94391760175235,-3.1903687008028476,ESE,55.943802796722636,-3.190091536943094,2695.900780095736,2066.057105298042
55.943802796722636,-3.190091536943094,WNW,55.94391760175235,-3.1903687008028476,2695.900780095736,2064.807105298042
55.94391760175235,-3.1903687008028476,ESE,55.943802796722636,-3.190091536943094,2695.900780095736,2063.557105298042
55.943802796722636,-3.190091536943094,WNW,55.94391760175235,-3.1903687008028476,2695.900780095736,2062.307105298042
55.94391760175235,-3.1903687008028476,ESE,55.943802796722636,-3.190091536943094,2695.900780095736,2061.057105298042
55.943802796722636,-3.190091536943094,WNW,55.94391760175235,-3.1903687008028476,2695.900780095736,2059.807105298042
55.94391760175235,-3.1903687008028476,ESE,55.943802796722636,-3.190091536943094,2695.900780095736,2058.557105298042
55.943802796722636,-3.190091536943094,WNW,55.94391760175235,-3.1903687008028476,2695.900780095736,2057.307105298042
55.94391760175235,-3.1903687008028476,ESE,55.943802796722636,-3.190091536943094,2695.900780095736,2056.057105298042
55.943802796722636,-3.190091536943094,WNW,55.94391760175235,-3.1903687008028476,2695.900780095736,2054.807105298042
55.94391760175235,-3.1903687008028476,ESE,55.943802796722636,-3.190091536943094,2695.900780095736,2053.557105298042
55.943802796722636,-3.190091536943094,WNW,55.94391760175235,-3.1903687008028476,2695.900780095736,2052.307105298042
55.94391760175235,-3.1903687008028476,ESE,55.943802796722636,-3.190091536943094,2695.900780095736,2051.057105298042
55.943802796722636,-3.190091536943094,WNW,55.94391760175235,-3.1903687008028476,2695.900780095736,2049.807105298042
55.94391760175235,-3.1903687008028476,ESE,55.943802796722636,-3.190091536943094,2695.900780095736,2048.557105298042
55.943802796722636,-3.190091536943094,WNW,55.94391760175235,-3.1903687008028476,2695.900780095736,2047.3071052980422
55.94391760175235,-3.1903687008028476,ESE,55.943802796722636,-3.190091536943094,2695.900780095736,2046.0571052980422
55.943802796722636,-3.190091536943094,WNW,55.94391760175235,-3.1903687008028476,2695.900780095736,2044.8071052980422
55.94391760175235,-3.1903687008028476,ESE,55.943802796722636,-3.190091536943094,2695.900780095736,2043.5571052980422
55.943802796722636,-3.190091536943094,WNW,55.94391760175235,-3.1903687008028476,2695.900780095736,2042.3071052980422
55.94391760175235,-3.1903687008028476,ESE,55.943802796722636,-3.190091536943094,2695.900780095736,2041.0571052980422
55.943802796722636,-3.190091536943094,WNW,55.94391760175235,-3.1903687008028476,2695.900780095736,2039.8071052980422
55.94391760175235,-3.1903687008028476,ESE,55.943802796722636,-3.190091536943094,2695.900780095736,2038.5571052980422
55.943802796722636,-3.190091536943094,WNW,55.94391760175235,-3.1903687008028476,2695.900780095736,2037.3071052980422
55.94391760175235,-3.1903687008028476,ESE,55.943802796722636,-3.190091536943094,2695.900780095736,2036.0571052980422
55.943802796722636,-3.190091536943094,WNW,55.94391760175235,-3.1903687008028476,2695.900780095736,2034.8071052980422
55.94391760175235,-3.1903687008028476,ESE,55.943802796722636,-3.190091536943094,2695.900780095736,2033.5571052980422
55.943802796722636,-3.190091536943094,WNW,55.94391760175235,-3.1903687008028476,2695.900780095736,2032.3071052980422
55.94391760175235,-3.1903687008028476,ESE,55.943802796722636,-3.190091536943094,2695.900780095736,2031.0571052980422
55.943802796722636,-3.190091536943094,WNW,55.94391760175235,-3.1903687008028476,2695.900780095736,2029.8071052980422
55.94391760175235,-3.1903687008028476,ESE,55.943802796722636,-3.190091536943094,2695.900780095736,2028.5571052980422
55.943802796722636,-3.190091536943094,WNW,55.94391760175235,-3.1903687008028476,2695.900780095736,2027.3071052980422
55.94391760175235,-3.1903687008028476,ESE,55.943802796722636,-3.190091536943094,2695.900780095736,2026.0571052980422
55.943802796722636,-3.190091536943094,WNW,55.94391760175235,-3.1903687008028476,2695.900780095736,2024.8071052980422
55.94391760175235,-3.1903687008028476,ESE,55.943802796722636,-3.190091536943094,2695.900780095736,2023.5571052980422
55.943802796722636,-3.190091536943094,WNW,55.94391760175235,-3.1903687008028476,2695.900780095736,2022.3071052980422
55.94391760175235,-3.1903687008028476,ESE,55.943802796722636,-3.190091536943094,2695.900780095736,2021.0571052980422
55.943802796722636,-3.190091536943094,WNW,55.94391760175235,-3.1903687008028476,2695.900780095736,2019.8071052980422
55.94391760175235,-3.1903687008028476,ESE,55.943802796722636,-3.190091536943094,2695.900780095736,2018.5571052980422
55.943802796722636,-3.190091536943094,WNW,55.94391760175235,-3.1903687008028476,2695.900780095736,2017.3071052980422
55.94391760175235,-3.1903687008028476,ESE,55.943802796722636,-3.190091536943094,2695.900780095736,2016.0571052980422
55.943802796722636,-3.190091536943094,WNW,55.94391760175235,-3.1903687008028476,2695.900780095736,2014.8071052980422
55.94391760175235,-3.1903687008028476,ESE,55.943802796722636,-3.190091536943094,2695.900780095736,2013.5571052980422
55.943802796722636,-3.190091536943094,WNW,55.94391760175235,-3.1903687008028476,2695.900780095736,2012.3071052980422
55.94391760175235,-3.1903687008028476,ESE,55.943802796722636,-3.190091536943094,2695.900780095736,2011.0571052980422
55.943802796722636,-3.190091536943094,WNW,55.94391760175235,-3.1903687008028476,2695.900780095736,2009.8071052980422
55.94391760175235,-3.1903687008028476,ESE,55.943802796722636,-3.190091536943094,2695.900780095736,2008.5571052980422
55.943802796722636,-3.190091536943094,WNW,55.94391760175235,-3.1903687008028476,2695.900780095736,2007.3071052980422
55.94391760175235,-3.1903687008028476,ESE,55.943802796722636,-3.190091536943094,2695.900780095736,2006.0571052980422
55.943802796722636,-3.190091536943094,WNW,55.94391760175235,-3.1903687008028476,2695.900780095736,2004.8071052980422
55.94391760175235,-3.1903687008028476,ESE,55.943802796722636,-3.190091536943094,2695.900780095736,2003.5571052980422
55.943802796722636,-3.190091536943094,WNW,55.94391760175235,-3.1903687008028476,2695.900780095736,2002.3071052980422
55.94391760175235,-3.1903687008028476,ESE,55.943802796722636,-3.190091536943094,2695.900780095736,2001.0571052980422
55.943802796722636,-3.190091536943094,WNW,55.94391760175235,-3.1903687008028476,2695.900780095736,1999.8071052980422
55.94391760175235,-3.1903687008028476,ESE,55.943802796722636,-3.190091536943094,2695.900780095736,1998.5571052980422
55.943802796722636,-3.190091536943094,WNW,55.94391760175235,-3.1903687008028476,2695.900780095736,1997.3071052980422
55.94391760175235,-3.1903687008028476,ESE,55.943802796722636,-3.190091536943094,2695.900780095736,1996.0571052980422
