55.944425,-3.188396,SSE,55.944147836140246,-3.1882811949702905,108.69361705439181,274.394161288161
55.944147836140246,-3.1882811949702905,SSW,55.94387067228049,-3.188396,108.69361705439181,273.144161288161
55.94387067228049,-3.188396,SSW,55.94359350842073,-3.1885108050297095,138.99481316770581,274.4774083155809
55.94359350842073,-3.1885108050297095,WSW,55.94347870339102,-3.188787968889463,138.99481316770581,273.2274083155809
55.94347870339102,-3.188787968889463,SW,55.943266571356666,-3.1890001009238187,246.87306988122614,330.9950113516587
55.943266571356666,-3.1890001009238187,S,55.94296657135666,-3.1890001009238187,246.87306988122614,329.7450113516587
55.94296657135666,-3.1890001009238187,S,55.94266657135666,-3.1890001009238187,363.6250841976778,444.47550177922284
55.94266657135666,-3.1890001009238187,NNW,55.94294373521642,-3.189114905953528,363.6250841976778,443.22550177922284
55.94294373521642,-3.189114905953528,NNW,55.943220899076174,-3.1892297109832377,363.6250841976778,441.97550177922284
55.943220899076174,-3.1892297109832377,NE,55.94343303111053,-3.189017578948882,363.6250841976778,440.72550177922284
55.94343303111053,-3.189017578948882,NNW,55.943710194970286,-3.1891323839785914,363.6250841976778,439.47550177922284
55.943710194970286,-3.1891323839785914,NNW,55.94398735883004,-3.189247189008301,363.6250841976778,438.22550177922284
55.94398735883004,-3.189247189008301,NNW,55.9442645226898,-3.1893619940380105,416.85774988846066,474.8689687157562
55.9442645226898,-3.1893619940380105,WSW,55.94414971766009,-3.189639157897764,426.40667935664874,512.366245261443
55.94414971766009,-3.189639157897764,WSW,55.94403491263038,-3.1899163217575173,531.7896464281832,568.2658762415134
55.94403491263038,-3.1899163217575173,WNW,55.94414971766009,-3.1901934856172707,531.7896464281832,567.0158762415134
55.94414971766009,-3.1901934856172707,WNW,55.9442645226898,-3.190470649477024,650.546282196302,571.0963760412264
55.9442645226898,-3.190470649477024,SW,55.94405239065544,-3.19068278151138,697.780413646648,681.8231535327079
55.94405239065544,-3.19068278151138,NNW,55.9443295545152,-3.1907975865410894,697.780413646648,680.5731535327079
55.9443295545152,-3.1907975865410894,ENE,55.94444435954491,-3.190520422681336,697.780413646648,679.3231535327079
55.94444435954491,-3.190520422681336,N,55.94474435954491,-3.190520422681336,697.780413646648,678.0731535327079
55.94474435954491,-3.190520422681336,WNW,55.94485916457462,-3.1907975865410894,697.780413646648,676.8231535327079
55.94485916457462,-3.1907975865410894,NW,55.94507129660898,-3.191009718575445,816.9148613195263,765.0315968807648
55.94507129660898,-3.191009718575445,N,55.94537129660898,-3.191009718575445,816.9148613195263,763.7815968807648
55.94537129660898,-3.191009718575445,N,55.945671296608985,-3.191009718575445,816.9148613195263,762.5315968807648
55.945671296608985,-3.191009718575445,NNE,55.94594846046874,-3.1908949135457356,849.6314023750233,846.6881905109453
55.94594846046874,-3.1908949135457356,SW,55.945736328434386,-3.1911070455800914,849.6314023750233,845.4381905109453
55.945736328434386,-3.1911070455800914,S,55.94543632843438,-3.1911070455800914,849.6314023750233,844.1881905109453
55.94543632843438,-3.1911070455800914,SW,55.94522419640003,-3.191319177614447,849.6314023750233,842.9381905109453
55.94522419640003,-3.191319177614447,SW,55.94501206436567,-3.191531309648803,849.6314023750233,841.6881905109453
55.94501206436567,-3.191531309648803,WSW,55.94489725933596,-3.1918084735085563,849.6314023750233,840.4381905109453
55.94489725933596,-3.1918084735085563,SW,55.944685127301604,-3.192020605542912,870.3971600946443,949.7614730417399
55.944685127301604,-3.192020605542912,SSE,55.94440796344185,-3.1919058005132026,888.6164701607421,975.8533353263664
55.94440796344185,-3.1919058005132026,E,55.94440796344185,-3.1916058005132024,888.6164701607421,974.6033353263664
55.94440796344185,-3.1916058005132024,E,55.94440796344185,-3.1913058005132022,888.6164701607421,973.3533353263664
55.94440796344185,-3.1913058005132022,E,55.94440796344185,-3.191005800513202,888.6164701607421,972.1033353263664
55.94440796344185,-3.191005800513202,E,55.94440796344185,-3.190705800513202,888.6164701607421,970.8533353263664
55.94440796344185,-3.190705800513202,E,55.94440796344185,-3.1904058005132017,888.6164701607421,969.6033353263664
55.94440796344185,-3.1904058005132017,E,55.94440796344185,-3.1901058005132015,888.6164701607421,968.3533353263664
55.94440796344185,-3.1901058005132015,E,55.94440796344185,-3.1898058005132013,888.6164701607421,967.1033353263664
55.94440796344185,-3.1898058005132013,E,55.94440796344185,-3.189505800513201,888.6164701607421,965.8533353263664
55.94440796344185,-3.189505800513201,SW,55.94419583140749,-3.189717932547557,888.6164701607421,964.6033353263664
55.94419583140749,-3.189717932547557,ENE,55.9443106364372,-3.1894407686878035,888.6164701607421,963.3533353263664
55.9443106364372,-3.1894407686878035,ENE,55.94442544146691,-3.18916360482805,888.6164701607421,962.1033353263664
55.94442544146691,-3.18916360482805,E,55.94442544146691,-3.18886360482805,926.6227756775837,962.6667978267951
55.94442544146691,-3.18886360482805,N,55.944725441466915,-3.18886360482805,926.6227756775837,961.4167978267951
55.944725441466915,-3.18886360482805,N,55.94502544146692,-3.18886360482805,926.6227756775837,960.1667978267951
55.94502544146692,-3.18886360482805,NNE,55.945302605326674,-3.1887487997983404,926.6227756775837,958.9167978267951
55.945302605326674,-3.1887487997983404,N,55.94560260532668,-3.1887487997983404,935.3342494591666,984.4941786560074
55.94560260532668,-3.1887487997983404,SE,55.94539047329232,-3.1885366677639846,935.3342494591666,983.2441786560074
55.94539047329232,-3.1885366677639846,ENE,55.94550527832203,-3.188259503904231,935.3342494591666,981.9941786560074
55.94550527832203,-3.188259503904231,E,55.94550527832203,-3.187959503904231,1024.8672020134893,1048.4675722727889
55.94550527832203,-3.187959503904231,ESE,55.94539047329232,-3.1876823400444776,1024.8672020134893,1047.2175722727889
55.94539047329232,-3.1876823400444776,ESE,55.94527566826261,-3.187405176184724,1047.9463182073055,1089.7789771491284
55.94527566826261,-3.187405176184724,ENE,55.94539047329232,-3.187128012324971,1047.9463182073055,1088.5289771491284
55.94539047329232,-3.187128012324971,NE,55.94560260532668,-3.186915880290615,1143.8444446532471,1104.5255861613011
55.94560260532668,-3.186915880290615,NNE,55.94587976918643,-3.1868010752609055,1155.5168452086189,1223.9705292057945
55.94587976918643,-3.1868010752609055,S,55.94557976918643,-3.1868010752609055,1155.5168452086189,1222.7205292057945
55.94557976918643,-3.1868010752609055,SSW,55.945302605326674,-3.186915880290615,1155.5168452086189,1221.4705292057945
55.945302605326674,-3.186915880290615,S,55.94500260532667,-3.186915880290615,1155.5168452086189,1220.2205292057945
55.94500260532667,-3.186915880290615,SSW,55.944725441466915,-3.1870306853203245,1271.3221771285014,1249.391630583572
55.944725441466915,-3.1870306853203245,WSW,55.944610636437204,-3.187307849180078,1374.8002753330206,1269.5969739960062
55.944610636437204,-3.187307849180078,SSW,55.94433347257745,-3.1874226542097874,1374.8002753330206,1268.3469739960062
55.94433347257745,-3.1874226542097874,SSW,55.94405630871769,-3.187537459239497,1477.7273972470127,1360.4986181554116
55.94405630871769,-3.187537459239497,SE,55.943844176683335,-3.187325327205141,1546.600060464864,1368.9502539484072
55.943844176683335,-3.187325327205141,E,55.943844176683335,-3.187025327205141,1641.8756466047726,1417.5292905539866
55.943844176683335,-3.187025327205141,E,55.943844176683335,-3.186725327205141,1641.8756466047726,1416.2792905539866
55.943844176683335,-3.186725327205141,E,55.943844176683335,-3.1864253272051406,1654.7265033408528,1496.4851741489388
55.943844176683335,-3.1864253272051406,ENE,55.943958981713045,-3.186148163345387,1673.9207001385457,1536.5989597005732
55.943958981713045,-3.186148163345387,NE,55.9441711137474,-3.1859360313110314,1673.9207001385457,1535.3489597005732
55.9441711137474,-3.1859360313110314,NNW,55.94444827760716,-3.186050836340741,1673.9207001385457,1534.0989597005732
55.94444827760716,-3.186050836340741,NE,55.944660409641514,-3.185838704306385,1673.9207001385457,1532.8489597005732
55.944660409641514,-3.185838704306385,ESE,55.944545604611804,-3.1855615404466318,1717.3005865580756,1559.6853916654038
55.944545604611804,-3.1855615404466318,NNE,55.94482276847156,-3.1854467354169222,1717.3005865580756,1558.4353916654038
55.94482276847156,-3.1854467354169222,NNE,55.94509993233132,-3.1853319303872127,1717.3005865580756,1557.1853916654038
55.94509993233132,-3.1853319303872127,NNE,55.94537709619107,-3.1852171253575032,1774.0158774351778,1673.7573126853795
55.94537709619107,-3.1852171253575032,NNE,55.94565426005083,-3.1851023203277937,1786.0868059162913,1691.1223838187282
55.94565426005083,-3.1851023203277937,ENE,55.94576906508054,-3.1848251564680403,1847.009691291386,1753.31125803074
55.94576906508054,-3.1848251564680403,S,55.94546906508054,-3.1848251564680403,1847.009691291386,1752.06125803074
55.94546906508054,-3.1848251564680403,SSW,55.94519190122078,-3.18493996149775,1952.5878025487066,1816.9941407972617
55.94519190122078,-3.18493996149775,S,55.94489190122078,-3.18493996149775,1952.5878025487066,1815.7441407972617
55.94489190122078,-3.18493996149775,S,55.944591901220775,-3.18493996149775,1952.5878025487066,1814.4941407972617
55.944591901220775,-3.18493996149775,SSE,55.94431473736102,-3.1848251564680403,1952.5878025487066,1813.2441407972617
55.94431473736102,-3.1848251564680403,S,55.944014737361016,-3.1848251564680403,2030.7630922937212,1825.016650437375
55.944014737361016,-3.1848251564680403,SSW,55.94373757350126,-3.18493996149775,2030.7630922937212,1823.766650437375
55.94373757350126,-3.18493996149775,SSW,55.9434604096415,-3.1850547665274593,2093.007999856838,1851.3642026374926
55.9434604096415,-3.1850547665274593,WSW,55.94334560461179,-3.1853319303872127,2093.007999856838,1850.1142026374926
55.94334560461179,-3.1853319303872127,W,55.94334560461179,-3.185631930387213,2095.5788830642555,1969.494651097062
55.94334560461179,-3.185631930387213,ESE,55.94323079958208,-3.1853547665274595,2095.5788830642555,1968.244651097062
55.94323079958208,-3.1853547665274595,SSE,55.942953635722326,-3.18523996149775,2095.5788830642555,1966.994651097062
55.942953635722326,-3.18523996149775,SSE,55.94267647186257,-3.1851251564680405,2095.5788830642555,1965.744651097062
55.94267647186257,-3.1851251564680405,E,55.94267647186257,-3.1848251564680403,2095.5788830642555,1964.494651097062
55.94267647186257,-3.1848251564680403,ENE,55.94279127689228,-3.184547992608287,2218.5006383713917,2050.8652909645743
55.94279127689228,-3.184547992608287,WSW,55.94267647186257,-3.1848251564680403,2218.5006383713917,2049.6152909645743
55.94267647186257,-3.1848251564680403,ENE,55.94279127689228,-3.184547992608287,2218.5006383713917,2048.3652909645743
55.94279127689228,-3.184547992608287,WSW,55.94267647186257,-3.1848251564680403,2218.5006383713917,2047.1152909645743
55.94267647186257,-3.1848251564680403,ENE,55.94279127689228,-3.184547992608287,2218.5006383713917,2045.8652909645743
55.94279127689228,-3.184547992608287,WSW,55.94267647186257,-3.1848251564680403,2218.5006383713917,2044.6152909645743
55.94267647186257,-3.1848251564680403,ENE,55.94279127689228,-3.184547992608287,2218.5006383713917,2043.3652909645743
55.94279127689228,-3.184547992608287,WSW,55.94267647186257,-3.1848251564680403,2218.5006383713917,2042.1152909645743
55.94267647186257,-3.1848251564680403,ENE,55.94279127689228,-3.184547992608287,2218.5006383713917,2040.8652909645743
55.94279127689228,-3.184547992608287,WSW,55.94267647186257,-3.1848251564680403,2218.5006383713917,2039.6152909645743
55.94267647186257,-3.1848251564680403,ENE,55.94279127689228,-3.184547992608287,2218.5006383713917,2038.3652909645743
55.94279127689228,-3.184547992608287,WSW,55.94267647186257,-3.1848251564680403,2218.5006383713917,2037.1152909645743
55.94267647186257,-3.1848251564680403,ENE,55.94279127689228,-3.184547992608287,2218.5006383713917,2035.8652909645743
55.94279127689228,-3.184547992608287,WSW,55.94267647186257,-3.1848251564680403,2218.5006383713917,2034.6152909645743
55.94267647186257,-3.1848251564680403,ENE,55.94279127689228,-3.184547992608287,2218.5006383713917,2033.3652909645743
55.94279127689228,-3.184547992608287,WSW,55.94267647186257,-3.1848251564680403,2218.5006383713917,2032.1152909645743
55.94267647186257,-3.1848251564680403,ENE,55.94279127689228,-3.184547992608287,2218.5006383713917,2030.8652909645743
55.94279127689228,-3.184547992608287,WSW,55.94267647186257,-3.1848251564680403,2218.5006383713917,2029.6152909645743
55.94267647186257,-3.1848251564680403,ENE,55.94279127689228,-3.184547992608287,2218.5006383713917,2028.3652909645743
55.94279127689228,-3.184547992608287,WSW,55.94267647186257,-3.1848251564680403,2218.5006383713917,2027.1152909645743
55.94267647186257,-3.1848251564680403,ENE,55.94279127689228,-3.184547992608287,2218.5006383713917,2025.8652909645743
55.94279127689228,-3.184547992608287,WSW,55.94267647186257,-3.1848251564680403,2218.5006383713917,2024.6152909645743
55.94267647186257,-3.1848251564680403,ENE,55.94279127689228,-3.184547992608287,2218.5006383713917,2023.3652909645743
55.94279127689228,-3.184547992608287,WSW,55.94267647186257,-3.1848251564680403,2218.5006383713917,2022.1152909645743
55.94267647186257,-3.1848251564680403,ENE,55.94279127689228,-3.184547992608287,2218.5006383713917,2020.8652909645743
55.94279127689228,-3.184547992608287,WSW,55.94267647186257,-3.1848251564680403,2218.5006383713917,2019.6152909645743
55.94267647186257,-3.1848251564680403,ENE,55.94279127689228,-3.184547992608287,2218.5006383713917,2018.3652909645743
55.94279127689228,-3.184547992608287,WSW,55.94267647186257,-3.1848251564680403,2218.5006383713917,2017.1152909645743
55.94267647186257,-3.1848251564680403,ENE,55.94279127689228,-3.184547992608287,2218.5006383713917,2015.8652909645743
55.94279127689228,-3.184547992608287,WSW,55.94267647186257,-3.1848251564680403,2218.5006383713917,2014.6152909645743
55.94267647186257,-3.1848251564680403,ENE,55.94279127689228,-3.184547992608287,2218.5006383713917,2013.3652909645743
55.94279127689228,-3.184547992608287,WSW,55.94267647186257,-3.1848251564680403,2218.5006383713917,2012.1152909645743
55.94267647186257,-3.1848251564680403,ENE,55.94279127689228,-3.184547992608287,2218.5006383713917,2010.8652909645743
55.94279127689228,-3.184547992608287,WSW,55.94267647186257,-3.1848251564680403,2218.5006383713917,2009.6152909645743
55.94267647186257,-3.1848251564680403,ENE,55.94279127689228,-3.184547992608287,2218.5006383713917,2008.3652909645743
55.94279127689228,-3.184547992608287,WSW,55.94267647186257,-3.1848251564680403,2218.5006383713917,2007.1152909645743
55.94267647186257,-3.1848251564680403,ENE,55.94279127689228,-3.184547992608287,2218.5006383713917,2005.8652909645743
55.94279127689228,-3.184547992608287,WSW,55.94267647186257,-3.1848251564680403,2218.5006383713917,2004.6152909645743
55.94267647186257,-3.1848251564680403,ENE,55.94279127689228,-3.184547992608287,2218.5006383713917,2003.3652909645743
55.94279127689228,-3.184547992608287,WSW,55.94267647186257,-3.1848251564680403,2218.5006383713917,2002.1152909645743
55.94267647186257,-3.1848251564680403,ENE,55.94279127689228,-3.184547992608287,2218.5006383713917,2000.8652909645743
55.94279127689228,-3.184547992608287,WSW,55.94267647186257,-3.1848251564680403,2218.5006383713917,1999.6152909645743
55.94267647186257,-3.1848251564680403,ENE,55.94279127689228,-3.184547992608287,2218.5006383713917,1998.3652909645743
55.94279127689228,-3.184547992608287,WSW,55.94267647186257,-3.1848251564680403,2218.5006383713917,1997.1152909645743
55.94267647186257,-3.1848251564680403,ENE,55.94279127689228,-3.184547992608287,2218.5006383713917,1995.8652909645743
55.94279127689228,-3.184547992608287,WSW,55.94267647186257,-3.1848251564680403,2218.5006383713917,1994.6152909645743
55.94267647186257,-3.1848251564680403,ENE,55.94279127689228,-3.184547992608287,2218.5006383713917,1993.3652909645743
55.94279127689228,-3.184547992608287,WSW,55.94267647186257,-3.1848251564680403,2218.5006383713917,1992.1152909645743
55.94267647186257,-3.1848251564680403,ENE,55.94279127689228,-3.184547992608287,2218.5006383713917,1990.8652909645743
55.94279127689228,-3.184547992608287,WSW,55.94267647186257,-3.1848251564680403,2218.5006383713917,1989.6152909645743
55.94267647186257,-3.1848251564680403,ENE,55.94279127689228,-3.184547992608287,2218.5006383713917,1988.3652909645743
55.94279127689228,-3.184547992608287,WSW,55.94267647186257,-3.1848251564680403,2218.5006383713917,1987.1152909645743
55.94267647186257,-3.1848251564680403,ENE,55.94279127689228,-3.184547992608287,2218.5006383713917,1985.8652909645743
55.94279127689228,-3.184547992608287,WSW,55.94267647186257,-3.1848251564680403,2218.5006383713917,1984.6152909645743
55.94267647186257,-3.1848251564680403,ENE,55.94279127689228,-3.184547992608287,2218.5006383713917,1983.3652909645743
55.94279127689228,-3.184547992608287,WSW,55.94267647186257,-3.1848251564680403,2218.5006383713917,1982.1152909645743
55.94267647186257,-3.1848251564680403,ENE,55.94279127689228,-3.184547992608287,2218.5006383713917,1980.8652909645743
55.94279127689228,-3.184547992608287,WSW,55.94267647186257,-3.1848251564680403,2218.5006383713917,1979.6152909645743
55.94267647186257,-3.1848251564680403,ENE,55.94279127689228,-3.184547992608287,2218.5006383713917,1978.3652909645743
55.94279127689228,-3.184547992608287,WSW,55.94267647186257,-3.1848251564680403,2218.5006383713917,1977.1152909645743
55.94267647186257,-3.1848251564680403,ENE,55.94279127689228,-3.184547992608287,2218.5006383713917,1975.8652909645743
55.94279127689228,-3.184547992608287,WSW,55.94267647186257,-3.1848251564680403,2218.5006383713917,1974.6152909645743
55.94267647186257,-3.1848251564680403,ENE,55.94279127689228,-3.184547992608287,2218.5006383713917,1973.3652909645743
55.94279127689228,-3.184547992608287,WSW,55.94267647186257,-3.1848251564680403,2218.5006383713917,1972.1152909645743
55.94267647186257,-3.1848251564680403,ENE,55.94279127689228,-3.184547992608287,2218.5006383713917,1970.8652909645743
55.94279127689228,-3.184547992608287,WSW,55.94267647186257,-3.1848251564680403,2218.5006383713917,1969.6152909645743
55.94267647186257,-3.1848251564680403,ENE,55.94279127689228,-3.184547992608287,2218.5006383713917,1968.3652909645743
55.94279127689228,-3.184547992608287,WSW,55.94267647186257,-3.1848251564680403,2218.5006383713917,1967.1152909645743
55.94267647186257,-3.1848251564680403,ENE,55.94279127689228,-3.184547992608287,2218.5006383713917,1965.8652909645743
55.94279127689228,-3.184547992608287,WSW,55.94267647186257,-3.1848251564680403,2218.5006383713917,1964.6152909645743
55.94267647186257,-3.1848251564680403,ENE,55.94279127689228,-3.184547992608287,2218.5006383713917,1963.3652909645743
55.94279127689228,-3.184547992608287,WSW,55.94267647186257,-3.1848251564680403,2218.5006383713917,1962.1152909645743
55.94267647186257,-3.1848251564680403,ENE,55.94279127689228,-3.184547992608287,2218.5006383713917,1960.8652909645743
55.94279127689228,-3.184547992608287,WSW,55.94267647186257,-3.1848251564680403,2218.5006383713917,1959.6152909645743
55.94267647186257,-3.1848251564680403,ENE,55.94279127689228,-3.184547992608287,2218.5006383713917,1958.3652909645743
55.94279127689228,-3.184547992608287,WSW,55.94267647186257,-3.1848251564680403,2218.5006383713917,1957.1152909645743
55.94267647186257,-3.1848251564680403,ENE,55.94279127689228,-3.184547992608287,2218.5006383713917,1955.8652909645743
55.94279127689228,-3.184547992608287,WSW,55.94267647186257,-3.1848251564680403,2218.5006383713917,1954.6152909645743
55.94267647186257,-3.1848251564680403,ENE,55.94279127689228,-3.184547992608287,2218.5006383713917,1953.3652909645743
55.94279127689228,-3.184547992608287,WSW,55.94267647186257,-3.1848251564680403,2218.5006383713917,1952.1152909645743
55.94267647186257,-3.1848251564680403,ENE,55.94279127689228,-3.184547992608287,2218.5006383713917,1950.8652909645743
55.94279127689228,-3.184547992608287,WSW,55.94267647186257,-3.1848251564680403,2218.5006383713917,1949.6152909645743
55.94267647186257,-3.1848251564680403,ENE,55.94279127689228,-3.184547992608287,2218.5006383713917,1948.3652909645743
55.94279127689228,-3.184547992608287,WSW,55.94267647186257,-3.1848251564680403,2218.5006383713917,1947.1152909645743
55.94267647186257,-3.1848251564680403,ENE,55.94279127689228,-3.184547992608287,2218.5006383713917,1945.8652909645743
55.94279127689228,-3.184547992608287,WSW,55.94267647186257,-3.1848251564680403,2218.5006383713917,1944.6152909645743
55.94267647186257,-3.1848251564680403,ENE,55.94279127689228,-3.184547992608287,2218.5006383713917,1943.3652909645743
55.94279127689228,-3.184547992608287,WSW,55.94267647186257,-3.1848251564680403,2218.5006383713917,1942.1152909645743
55.94267647186257,-3.1848251564680403,ENE,55.94279127689228,-3.184547992608287,2218.5006383713917,1940.8652909645743
55.94279127689228,-3.184547992608287,WSW,55.94267647186257,-3.1848251564680403,2218.5006383713917,1939.6152909645743
55.94267647186257,-3.1848251564680403,ENE,55.94279127689228,-3.184547992608287,2218.5006383713917,1938.3652909645743
55.94279127689228,-3.184547992608287,WSW,55.94267647186257,-3.1848251564680403,2218.5006383713917,1937.1152909645743
55.94267647186257,-3.1848251564680403,ENE,55.94279127689228,-3.184547992608287,2218.5006383713917,1935.8652909645743
55.94279127689228,-3.184547992608287,WSW,55.94267647186257,-3.1848251564680403,2218.5006383713917,1934.6152909645743
55.94267647186257,-3.1848251564680403,ENE,55.94279127689228,-3.184547992608287,2218.5006383713917,1933.3652909645743
55.94279127689228,-3.184547992608287,WSW,55.94267647186257,-3.1848251564680403,2218.5006383713917,1932.1152909645743
55.94267647186257,-3.1848251564680403,ENE,55.94279127689228,-3.184547992608287,2218.5006383713917,1930.8652909645743
55.94279127689228,-3.184547992608287,WSW,55.94267647186257,-3.1848251564680403,2218.5006383713917,1929.6152909645743
55.94267647186257,-3.1848251564680403,ENE,55.94279127689228,-3.184547992608287,2218.5006383713917,1928.3652909645743
55.94279127689228,-3.184547992608287,WSW,55.94267647186257,-3.1848251564680403,2218.5006383713917,1927.1152909645743
55.94267647186257,-3.1848251564680403,ENE,55.94279127689228,-3.184547992608287,2218.5006383713917,1925.8652909645743
55.94279127689228,-3.184547992608287,WSW,55.94267647186257,-3.1848251564680403,2218.5006383713917,1924.6152909645743
55.94267647186257,-3.1848251564680403,ENE,55.94279127689228,-3.184547992608287,2218.5006383713917,1923.3652909645743
55.94279127689228,-3.184547992608287,WSW,55.94267647186257,-3.1848251564680403,2218.5006383713917,1922.1152909645743
55.94267647186257,-3.1848251564680403,ENE,55.94279127689228,-3.184547992608287,2218.5006383713917,1920.8652909645743
55.94279127689228,-3.184547992608287,WSW,55.94267647186257,-3.1848251564680403,2218.5006383713917,1919.6152909645743
55.94267647186257,-3.1848251564680403,ENE,55.94279127689228,-3.184547992608287,2218.5006383713917,1918.3652909645743
55.94279127689228,-3.184547992608287,WSW,55.94267647186257,-3.1848251564680403,2218.5006383713917,1917.1152909645743
55.94267647186257,-3.1848251564680403,ENE,55.94279127689228,-3.184547992608287,2218.5006383713917,1915.8652909645743
55.94279127689228,-3.184547992608287,WSW,55.94267647186257,-3.1848251564680403,2218.5006383713917,1914.6152909645743
55.94267647186257,-3.1848251564680403,ENE,55.94279127689228,-3.184547992608287,2218.5006383713917,1913.3652909645743
55.94279127689228,-3.184547992608287,WSW,55.94267647186257,-3.1848251564680403,2218.5006383713917,1912.1152909645743
55.94267647186257,-3.1848251564680403,ENE,55.94279127689228,-3.184547992608287,2218.5006383713917,1910.8652909645743
55.94279127689228,-3.184547992608287,WSW,55.94267647186257,-3.1848251564680403,2218.5006383713917,1909.6152909645743
55.94267647186257,-3.1848251564680403,ENE,55.94279127689228,-3.184547992608287,2218.5006383713917,1908.3652909645743
55.94279127689228,-3.184547992608287,WSW,55.94267647186257,-3.1848251564680403,2218.5006383713917,1907.1152909645743
55.94267647186257,-3.1848251564680403,ENE,55.94279127689228,-3.184547992608287,2218.5006383713917,1905.8652909645743
55.94279127689228,-3.184547992608287,WSW,55.94267647186257,-3.1848251564680403,2218.5006383713917,1904.6152909645743
55.94267647186257,-3.1848251564680403,ENE,55.94279127689228,-3.184547992608287,2218.5006383713917,1903.3652909645743
55.94279127689228,-3.184547992608287,WSW,55.94267647186257,-3.1848251564680403,2218.5006383713917,1902.1152909645743
55.94267647186257,-3.1848251564680403,ENE,55.94279127689228,-3.184547992608287,2218.5006383713917,1900.8652909645743
55.94279127689228,-3.184547992608287,WSW,55.94267647186257,-3.1848251564680403,2218.5006383713917,1899.6152909645743
55.94267647186257,-3.1848251564680403,ENE,55.94279127689228,-3.184547992608287,2218.5006383713917,1898.3652909645743
55.94279127689228,-3.184547992608287,WSW,55.94267647186257,-3.1848251564680403,2218.5006383713917,1897.1152909645743
55.94267647186257,-3.1848251564680403,ENE,55.94279127689228,-3.184547992608287,2218.5006383713917,1895.8652909645743
55.94279127689228,-3.184547992608287,WSW,55.94267647186257,-3.1848251564680403,2218.5006383713917,1894.6152909645743
55.94267647186257,-3.1848251564680403,ENE,55.94279127689228,-3.184547992608287,2218.5006383713917,1893.3652909645743
55.94279127689228,-3.184547992608287,WSW,55.94267647186257,-3.1848251564680403,2218.5006383713917,1892.1152909645743
55.94267647186257,-3.1848251564680403,ENE,55.94279127689228,-3.184547992608287,2218.5006383713917,1890.8652909645743
55.94279127689228,-3.184547992608287,WSW,55.94267647186257,-3.1848251564680403,2218.5006383713917,1889.6152909645743
55.94267647186257,-3.1848251564680403,ENE,55.94279127689228,-3.184547992608287,2218.5006383713917,1888.3652909645743
55.94279127689228,-3.184547992608287,WSW,55.94267647186257,-3.1848251564680403,2218.5006383713917,1887.1152909645743
55.94267647186257,-3.1848251564680403,ENE,55.94279127689228,-3.184547992608287,2218.5006383713917,1885.8652909645743
55.94279127689228,-3.184547992608287,WSW,55.94267647186257,-3.1848251564680403,2218.5006383713917,1884.6152909645743
55.94267647186257,-3.1848251564680403,ENE,55.94279127689228,-3.184547992608287,2218.5006383713917,1883.3652909645743
55.94279127689228,-3.184547992608287,WSW,55.94267647186257,-3.1848251564680403,2218.5006383713917,1882.1152909645743
55.94267647186257,-3.1848251564680403,ENE,55.94279127689228,-3.184547992608287,2218.5006383713917,1880.8652909645743
55.94279127689228,-3.184547992608287,WSW,55.94267647186257,-3.1848251564680403,2218.5006383713917,1879.6152909645743
55.94267647186257,-3.1848251564680403,ENE,55.94279127689228,-3.184547992608287,2218.5006383713917,1878.3652909645743
55.94279127689228,-3.184547992608287,WSW,55.94267647186257,-3.1848251564680403,2218.5006383713917,1877.1152909645743
55.94267647186257,-3.1848251564680403,ENE,55.94279127689228,-3.184547992608287,2218.5006383713917,1875.8652909645743
55.94279127689228,-3.184547992608287,WSW,55.94267647186257,-3.1848251564680403,2218.5006383713917,1874.6152909645743
55.94267647186257,-3.1848251564680403,ENE,55.94279127689228,-3.184547992608287,2218.5006383713917,1873.3652909645743
55.94279127689228,-3.184547992608287,WSW,55.94267647186257,-3.1848251564680403,2218.5006383713917,1872.1152909645743
55.94267647186257,-3.1848251564680403,ENE,55.94279127689228,-3.184547992608287,2218.5006383713917,1870.8652909645743
55.94279127689228,-3.184547992608287,WSW,55.94267647186257,-3.1848251564680403,2218.5006383713917,1869.6152909645743
55.94267647186257,-3.1848251564680403,ENE,55.94279127689228,-3.184547992608287,2218.5006383713917,1868.3652909645743
55.94279127689228,-3.184547992608287,WSW,55.94267647186257,-3.1848251564680403,2218.5006383713917,1867.1152909645743
55.94267647186257,-3.1848251564680403,ENE,55.94279127689228,-3.184547992608287,2218.5006383713917,1865.8652909645743
55.94279127689228,-3.184547992608287,WSW,55.94267647186257,-3.1848251564680403,2218.5006383713917,1864.6152909645743
55.94267647186257,-3.1848251564680403,ENE,55.94279127689228,-3.184547992608287,2218.5006383713917,1863.3652909645743
55.94279127689228,-3.184547992608287,WSW,55.94267647186257,-3.1848251564680403,2218.5006383713917,1862.1152909645743
55.94267647186257,-3.1848251564680403,ENE,55.94279127689228,-3.184547992608287,2218.5006383713917,1860.8652909645743
55.94279127689228,-3.184547992608287,WSW,55.94267647186257,-3.1848251564680403,2218.5006383713917,1859.6152909645743
55.94267647186257,-3.1848251564680403,ENE,55.94279127689228,-3.184547992608287,2218.5006383713917,1858.3652909645743
55.94279127689228,-3.184547992608287,WSW,55.94267647186257,-3.1848251564680403,2218.5006383713917,1857.1152909645743
55.94267647186257,-3.1848251564680403,ENE,55.94279127689228,-3.184547992608287,2218.5006383713917,1855.8652909645743
55.94279127689228,-3.184547992608287,WSW,55.94267647186257,-3.1848251564680403,2218.5006383713917,1854.6152909645743
