55.944425,-3.188396,WNW,55.94453980502971,-3.1886731638597534,0.0,248.75
55.94453980502971,-3.1886731638597534,WNW,55.94465461005942,-3.188950327719507,30.592527874411953,332.0663570637372
55.94465461005942,-3.188950327719507,ENE,55.944769415089134,-3.1886731638597534,30.592527874411953,330.8163570637372
55.944769415089134,-3.1886731638597534,NNE,55.94504657894889,-3.188558358830044,30.592527874411953,329.5663570637372
55.94504657894889,-3.188558358830044,ESE,55.94493177391918,-3.1882811949702905,137.39199955211407,401.69025365882703
55.94493177391918,-3.1882811949702905,NW,55.945143905953536,-3.1884933270046463,137.39199955211407,400.44025365882703
55.945143905953536,-3.1884933270046463,NW,55.94535603798789,-3.188705459039002,137.39199955211407,399.19025365882703
55.94535603798789,-3.188705459039002,NW,55.94556817002225,-3.188917591073358,170.71291347218647,422.5137459859495
55.94556817002225,-3.188917591073358,NNW,55.945845333882005,-3.1890323961030673,216.26667280999996,422.1682119902565
55.945845333882005,-3.1890323961030673,WSW,55.945730528852295,-3.1893095599628207,257.7762819816285,459.10691585837094
55.945730528852295,-3.1893095599628207,W,55.945730528852295,-3.189609559962821,257.7762819816285,457.85691585837094
55.945730528852295,-3.189609559962821,WNW,55.945845333882005,-3.1898867238225743,257.7762819816285,456.60691585837094
55.945845333882005,-3.1898867238225743,W,55.945845333882005,-3.1901867238225745,259.6146036213011,484.9312635074749
55.945845333882005,-3.1901867238225745,SW,55.94563320184765,-3.1903988558569303,259.6146036213011,483.6812635074749
55.94563320184765,-3.1903988558569303,SW,55.94542106981329,-3.190610987891286,326.98583864169115,566.9923316157176
55.94542106981329,-3.190610987891286,NW,55.94563320184765,-3.190823119925642,360.4561399232144,646.3154057197609
55.94563320184765,-3.190823119925642,NW,55.945845333882005,-3.1910352519599976,360.4561399232144,645.0654057197609
55.945845333882005,-3.1910352519599976,NW,55.94605746591636,-3.1912473839943534,410.7496841304337,768.5449983382193
55.94605746591636,-3.1912473839943534,WSW,55.94594266088665,-3.1915245478541068,410.7496841304337,767.2949983382193
55.94594266088665,-3.1915245478541068,WSW,55.94582785585694,-3.19180171171386,410.7496841304337,766.0449983382193
55.94582785585694,-3.19180171171386,WSW,55.94571305082723,-3.1920788755736136,448.33604973502935,791.7391883486381
55.94571305082723,-3.1920788755736136,SSW,55.94543588696747,-3.192193680603323,448.33604973502935,790.4891883486381
55.94543588696747,-3.192193680603323,WSW,55.94532108193776,-3.1924708444630765,448.33604973502935,789.2391883486381
55.94532108193776,-3.1924708444630765,SSE,55.94504391807801,-3.192356039433367,506.270729313052,894.293704643525
55.94504391807801,-3.192356039433367,S,55.944743918078004,-3.192356039433367,506.270729313052,893.043704643525
55.944743918078004,-3.192356039433367,E,55.944743918078004,-3.192056039433367,506.270729313052,891.793704643525
55.944743918078004,-3.192056039433367,WNW,55.944858723107714,-3.19233320329312,506.270729313052,890.543704643525
55.944858723107714,-3.19233320329312,E,55.944858723107714,-3.19203320329312,506.270729313052,889.293704643525
55.944858723107714,-3.19203320329312,WSW,55.944743918078004,-3.1923103671528734,506.270729313052,888.043704643525
55.944743918078004,-3.1923103671528734,E,55.944743918078004,-3.1920103671528732,506.270729313052,886.793704643525
55.944743918078004,-3.1920103671528732,WNW,55.944858723107714,-3.1922875310126266,506.270729313052,885.543704643525
55.944858723107714,-3.1922875310126266,E,55.944858723107714,-3.1919875310126264,506.270729313052,884.293704643525
55.944858723107714,-3.1919875310126264,WSW,55.944743918078004,-3.19226469487238,506.270729313052,883.043704643525
55.944743918078004,-3.19226469487238,E,55.944743918078004,-3.1919646948723797,506.270729313052,881.793704643525
55.944743918078004,-3.1919646948723797,WNW,55.944858723107714,-3.192241858732133,506.270729313052,880.543704643525
55.944858723107714,-3.192241858732133,NW,55.94507085514207,-3.192453990766489,506.270729313052,879.293704643525
55.94507085514207,-3.192453990766489,S,55.94477085514207,-3.192453990766489,506.270729313052,878.043704643525
55.94477085514207,-3.192453990766489,ESE,55.94465605011236,-3.1921768269067354,506.270729313052,876.793704643525
55.94465605011236,-3.1921768269067354,NW,55.94486818214671,-3.192388958941091,506.270729313052,875.543704643525
55.94486818214671,-3.192388958941091,ESE,55.944753377117,-3.192111795081338,506.270729313052,874.293704643525
55.944753377117,-3.192111795081338,E,55.944753377117,-3.1918117950813376,506.270729313052,873.043704643525
55.944753377117,-3.1918117950813376,WNW,55.94486818214671,-3.192088958941091,506.270729313052,871.793704643525
55.94486818214671,-3.192088958941091,WSW,55.944753377117,-3.1923661228008444,506.270729313052,870.543704643525
55.944753377117,-3.1923661228008444,E,55.944753377117,-3.1920661228008442,506.270729313052,869.293704643525
55.944753377117,-3.1920661228008442,WNW,55.94486818214671,-3.1923432866605976,506.270729313052,868.043704643525
55.94486818214671,-3.1923432866605976,E,55.94486818214671,-3.1920432866605974,506.270729313052,866.793704643525
55.94486818214671,-3.1920432866605974,WSW,55.944753377117,-3.192320450520351,506.270729313052,865.543704643525
55.944753377117,-3.192320450520351,E,55.944753377117,-3.1920204505203507,506.270729313052,864.293704643525
55.944753377117,-3.1920204505203507,N,55.945053377117006,-3.1920204505203507,506.270729313052,863.043704643525
55.945053377117006,-3.1920204505203507,SSW,55.94477621325725,-3.19213525555006,506.270729313052,861.793704643525
55.94477621325725,-3.19213525555006,W,55.94477621325725,-3.1924352555500604,506.270729313052,860.543704643525
55.94477621325725,-3.1924352555500604,ESE,55.94466140822754,-3.192158091690307,506.270729313052,859.293704643525
55.94466140822754,-3.192158091690307,NW,55.944873540261895,-3.1923702237246627,506.270729313052,858.043704643525
55.944873540261895,-3.1923702237246627,ESE,55.944758735232185,-3.1920930598649093,506.270729313052,856.793704643525
55.944758735232185,-3.1920930598649093,W,55.944758735232185,-3.1923930598649095,506.270729313052,855.543704643525
55.944758735232185,-3.1923930598649095,ENE,55.944873540261895,-3.192115896005156,506.270729313052,854.293704643525
55.944873540261895,-3.192115896005156,ENE,55.944988345291605,-3.1918387321454027,506.270729313052,853.043704643525
55.944988345291605,-3.1918387321454027,SW,55.94477621325725,-3.1920508641797585,506.270729313052,851.793704643525
55.94477621325725,-3.1920508641797585,W,55.94477621325725,-3.1923508641797587,506.270729313052,850.543704643525
55.94477621325725,-3.1923508641797587,ENE,55.94489101828696,-3.1920737003200053,506.270729313052,849.293704643525
55.94489101828696,-3.1920737003200053,W,55.94489101828696,-3.1923737003200054,506.270729313052,848.043704643525
55.94489101828696,-3.1923737003200054,SE,55.9446788862526,-3.1921615682856497,506.270729313052,846.793704643525
55.9446788862526,-3.1921615682856497,WNW,55.944793691282314,-3.192438732145403,506.270729313052,845.543704643525
55.944793691282314,-3.192438732145403,E,55.944793691282314,-3.192138732145403,506.270729313052,844.293704643525
55.944793691282314,-3.192138732145403,E,55.944793691282314,-3.1918387321454027,506.270729313052,843.043704643525
55.944793691282314,-3.1918387321454027,WSW,55.9446788862526,-3.192115896005156,506.270729313052,841.793704643525
55.9446788862526,-3.192115896005156,WNW,55.944793691282314,-3.1923930598649095,506.270729313052,840.543704643525
55.944793691282314,-3.1923930598649095,E,55.944793691282314,-3.1920930598649093,506.270729313052,839.293704643525
55.944793691282314,-3.1920930598649093,WNW,55.944908496312024,-3.1923702237246627,506.270729313052,838.043704643525
55.944908496312024,-3.1923702237246627,SE,55.94469636427767,-3.192158091690307,506.270729313052,836.793704643525
55.94469636427767,-3.192158091690307,WNW,55.94481116930738,-3.1924352555500604,506.270729313052,835.543704643525
55.94481116930738,-3.1924352555500604,E,55.94481116930738,-3.19213525555006,506.270729313052,834.293704643525
55.94481116930738,-3.19213525555006,WNW,55.94492597433709,-3.1924124194098136,506.270729313052,833.043704643525
55.94492597433709,-3.1924124194098136,SE,55.94471384230273,-3.192200287375458,506.270729313052,831.793704643525
55.94471384230273,-3.192200287375458,NNW,55.94499100616249,-3.1923150924051673,506.270729313052,830.543704643525
55.94499100616249,-3.1923150924051673,SSW,55.94471384230273,-3.192429897434877,506.270729313052,829.293704643525
55.94471384230273,-3.192429897434877,E,55.94471384230273,-3.1921298974348766,506.270729313052,828.043704643525
55.94471384230273,-3.1921298974348766,WNW,55.94482864733244,-3.19240706129463,506.270729313052,826.793704643525
55.94482864733244,-3.19240706129463,E,55.94482864733244,-3.19210706129463,506.270729313052,825.543704643525
55.94482864733244,-3.19210706129463,WNW,55.94494345236215,-3.1923842251543832,506.270729313052,824.293704643525
55.94494345236215,-3.1923842251543832,E,55.94494345236215,-3.192084225154383,506.270729313052,823.043704643525
55.94494345236215,-3.192084225154383,SW,55.9447313203278,-3.192296357188739,506.270729313052,821.793704643525
55.9447313203278,-3.192296357188739,ENE,55.94484612535751,-3.1920191933289854,506.270729313052,820.543704643525
55.94484612535751,-3.1920191933289854,W,55.94484612535751,-3.1923191933289856,506.270729313052,819.293704643525
55.94484612535751,-3.1923191933289856,ESE,55.9447313203278,-3.192042029469232,506.270729313052,818.043704643525
55.9447313203278,-3.192042029469232,W,55.9447313203278,-3.1923420294692324,506.270729313052,816.793704643525
55.9447313203278,-3.1923420294692324,ENE,55.94484612535751,-3.192064865609479,506.270729313052,815.543704643525
55.94484612535751,-3.192064865609479,W,55.94484612535751,-3.192364865609479,506.270729313052,814.293704643525
55.94484612535751,-3.192364865609479,ENE,55.94496093038722,-3.192087701749726,506.270729313052,813.043704643525
55.94496093038722,-3.192087701749726,SSW,55.94468376652746,-3.1922025067794353,506.270729313052,811.793704643525
55.94468376652746,-3.1922025067794353,NW,55.94489589856182,-3.192414638813791,506.270729313052,810.543704643525
55.94489589856182,-3.192414638813791,ESE,55.94478109353211,-3.1921374749540377,506.270729313052,809.293704643525
55.94478109353211,-3.1921374749540377,W,55.94478109353211,-3.192437474954038,506.270729313052,808.043704643525
55.94478109353211,-3.192437474954038,ESE,55.9446662885024,-3.1921603110942844,506.270729313052,806.793704643525
55.9446662885024,-3.1921603110942844,NW,55.94487842053675,-3.19237244312864,506.270729313052,805.543704643525
55.94487842053675,-3.19237244312864,ESE,55.94476361550704,-3.192095279268887,506.270729313052,804.293704643525
55.94476361550704,-3.192095279268887,NNE,55.9450407793668,-3.1919804742391773,506.270729313052,803.043704643525
55.9450407793668,-3.1919804742391773,SW,55.94482864733244,-3.192192606273533,506.270729313052,801.793704643525
55.94482864733244,-3.192192606273533,WSW,55.94471384230273,-3.1924697701332865,506.270729313052,800.543704643525
55.94471384230273,-3.1924697701332865,E,55.94471384230273,-3.1921697701332863,506.270729313052,799.293704643525
55.94471384230273,-3.1921697701332863,WNW,55.94482864733244,-3.1924469339930397,506.270729313052,798.043704643525
55.94482864733244,-3.1924469339930397,E,55.94482864733244,-3.1921469339930395,506.270729313052,796.793704643525
55.94482864733244,-3.1921469339930395,WNW,55.94494345236215,-3.192424097852793,506.270729313052,795.543704643525
55.94494345236215,-3.192424097852793,SE,55.9447313203278,-3.192211965818437,506.270729313052,794.293704643525
55.9447313203278,-3.192211965818437,NNW,55.945008484187554,-3.1923267708481466,506.270729313052,793.043704643525
55.945008484187554,-3.1923267708481466,SSW,55.9447313203278,-3.192441575877856,506.270729313052,791.793704643525
55.9447313203278,-3.192441575877856,E,55.9447313203278,-3.192141575877856,506.270729313052,790.543704643525
55.9447313203278,-3.192141575877856,WNW,55.94484612535751,-3.1924187397376094,506.270729313052,789.293704643525
55.94484612535751,-3.1924187397376094,E,55.94484612535751,-3.192118739737609,506.270729313052,788.043704643525
55.94484612535751,-3.192118739737609,WSW,55.9447313203278,-3.1923959035973626,506.270729313052,786.793704643525
55.9447313203278,-3.1923959035973626,E,55.9447313203278,-3.1920959035973624,506.270729313052,785.543704643525
55.9447313203278,-3.1920959035973624,WNW,55.94484612535751,-3.192373067457116,506.270729313052,784.293704643525
55.94484612535751,-3.192373067457116,SE,55.94463399332315,-3.19216093542276,506.270729313052,783.043704643525
55.94463399332315,-3.19216093542276,WNW,55.94474879835286,-3.1924380992825134,506.270729313052,781.793704643525
55.94474879835286,-3.1924380992825134,E,55.94474879835286,-3.1921380992825132,506.270729313052,780.543704643525
55.94474879835286,-3.1921380992825132,WNW,55.94486360338257,-3.1924152631422666,506.270729313052,779.293704643525
55.94486360338257,-3.1924152631422666,E,55.94486360338257,-3.1921152631422665,506.270729313052,778.043704643525
55.94486360338257,-3.1921152631422665,WSW,55.94474879835286,-3.19239242700202,506.270729313052,776.793704643525
55.94474879835286,-3.19239242700202,E,55.94474879835286,-3.1920924270020197,506.270729313052,775.543704643525
55.94474879835286,-3.1920924270020197,WNW,55.94486360338257,-3.192369590861773,506.270729313052,774.293704643525
55.94486360338257,-3.192369590861773,SE,55.944651471348216,-3.1921574588274173,506.270729313052,773.043704643525
55.944651471348216,-3.1921574588274173,WNW,55.944766276377926,-3.1924346226871707,506.270729313052,771.793704643525
55.944766276377926,-3.1924346226871707,E,55.944766276377926,-3.1921346226871705,506.270729313052,770.543704643525
55.944766276377926,-3.1921346226871705,WNW,55.94488108140764,-3.192411786546924,506.270729313052,769.293704643525
55.94488108140764,-3.192411786546924,E,55.94488108140764,-3.1921117865469237,506.270729313052,768.043704643525
55.94488108140764,-3.1921117865469237,WSW,55.944766276377926,-3.192388950406677,506.270729313052,766.793704643525
55.944766276377926,-3.192388950406677,E,55.944766276377926,-3.192088950406677,506.270729313052,765.543704643525
55.944766276377926,-3.192088950406677,WNW,55.94488108140764,-3.1923661142664304,506.270729313052,764.293704643525
55.94488108140764,-3.1923661142664304,SE,55.94466894937328,-3.1921539822320746,506.270729313052,763.043704643525
55.94466894937328,-3.1921539822320746,WNW,55.94478375440299,-3.192431146091828,506.270729313052,761.793704643525
55.94478375440299,-3.192431146091828,E,55.94478375440299,-3.192131146091828,506.270729313052,760.543704643525
55.94478375440299,-3.192131146091828,WNW,55.9448985594327,-3.192408309951581,506.270729313052,759.293704643525
55.9448985594327,-3.192408309951581,SE,55.944686427398345,-3.1921961779172254,506.270729313052,758.043704643525
55.944686427398345,-3.1921961779172254,NNW,55.9449635912581,-3.192310982946935,506.270729313052,756.793704643525
55.9449635912581,-3.192310982946935,SE,55.944751459223745,-3.192098850912579,506.270729313052,755.543704643525
55.944751459223745,-3.192098850912579,W,55.944751459223745,-3.1923988509125794,506.270729313052,754.293704643525
55.944751459223745,-3.1923988509125794,ENE,55.944866264253456,-3.192121687052826,506.270729313052,753.043704643525
55.944866264253456,-3.192121687052826,W,55.944866264253456,-3.192421687052826,506.270729313052,751.793704643525
55.944866264253456,-3.192421687052826,ESE,55.944751459223745,-3.1921445231930727,506.270729313052,750.543704643525
55.944751459223745,-3.1921445231930727,W,55.944751459223745,-3.192444523193073,506.270729313052,749.293704643525
55.944751459223745,-3.192444523193073,N,55.94505145922375,-3.192444523193073,506.270729313052,748.043704643525
55.94505145922375,-3.192444523193073,SSE,55.94477429536399,-3.1923297181633634,506.270729313052,746.793704643525
55.94477429536399,-3.1923297181633634,E,55.94477429536399,-3.1920297181633632,506.270729313052,745.543704643525
55.94477429536399,-3.1920297181633632,WNW,55.9448891003937,-3.1923068820231166,506.270729313052,744.293704643525
55.9448891003937,-3.1923068820231166,E,55.9448891003937,-3.1920068820231164,506.270729313052,743.043704643525
55.9448891003937,-3.1920068820231164,WSW,55.94477429536399,-3.19228404588287,506.270729313052,741.793704643525
55.94477429536399,-3.19228404588287,E,55.94477429536399,-3.1919840458828697,506.270729313052,740.543704643525
55.94477429536399,-3.1919840458828697,WNW,55.9448891003937,-3.192261209742623,506.270729313052,739.293704643525
55.9448891003937,-3.192261209742623,E,55.9448891003937,-3.191961209742623,506.270729313052,738.043704643525
55.9448891003937,-3.191961209742623,SW,55.944676968359346,-3.1921733417769786,506.270729313052,736.793704643525
55.944676968359346,-3.1921733417769786,WNW,55.944791773389056,-3.192450505636732,506.270729313052,735.543704643525
55.944791773389056,-3.192450505636732,E,55.944791773389056,-3.192150505636732,506.270729313052,734.293704643525
55.944791773389056,-3.192150505636732,E,55.944791773389056,-3.1918505056367317,506.270729313052,733.043704643525
55.944791773389056,-3.1918505056367317,WSW,55.944676968359346,-3.192127669496485,506.270729313052,731.793704643525
55.944676968359346,-3.192127669496485,WNW,55.944791773389056,-3.1924048333562385,506.270729313052,730.543704643525
55.944791773389056,-3.1924048333562385,E,55.944791773389056,-3.1921048333562383,506.270729313052,729.293704643525
55.944791773389056,-3.1921048333562383,WNW,55.94490657841877,-3.1923819972159917,506.270729313052,728.043704643525
55.94490657841877,-3.1923819972159917,SE,55.94469444638441,-3.192169865181636,506.270729313052,726.793704643525
55.94469444638441,-3.192169865181636,WNW,55.94480925141412,-3.1924470290413893,506.270729313052,725.543704643525
55.94480925141412,-3.1924470290413893,E,55.94480925141412,-3.192147029041389,506.270729313052,724.293704643525
55.94480925141412,-3.192147029041389,E,55.94480925141412,-3.191847029041389,506.270729313052,723.043704643525
55.94480925141412,-3.191847029041389,WSW,55.94469444638441,-3.1921241929011424,506.270729313052,721.793704643525
55.94469444638441,-3.1921241929011424,WNW,55.94480925141412,-3.1924013567608958,506.270729313052,720.543704643525
55.94480925141412,-3.1924013567608958,E,55.94480925141412,-3.1921013567608956,506.270729313052,719.293704643525
55.94480925141412,-3.1921013567608956,WNW,55.94492405644383,-3.192378520620649,506.270729313052,718.043704643525
55.94492405644383,-3.192378520620649,SE,55.944711924409475,-3.192166388586293,506.270729313052,716.793704643525
55.944711924409475,-3.192166388586293,W,55.944711924409475,-3.1924663885862934,506.270729313052,715.543704643525
55.944711924409475,-3.1924663885862934,ENE,55.944826729439185,-3.19218922472654,506.270729313052,714.293704643525
55.944826729439185,-3.19218922472654,NE,55.94503886147354,-3.191977092692184,506.270729313052,713.043704643525
55.94503886147354,-3.191977092692184,SSW,55.944761697613785,-3.1920918977218937,506.270729313052,711.793704643525
55.944761697613785,-3.1920918977218937,W,55.944761697613785,-3.192391897721894,506.270729313052,710.543704643525
55.944761697613785,-3.192391897721894,ENE,55.944876502643496,-3.1921147338621405,506.270729313052,709.293704643525
55.944876502643496,-3.1921147338621405,W,55.944876502643496,-3.1924147338621407,506.270729313052,708.043704643525
55.944876502643496,-3.1924147338621407,ESE,55.944761697613785,-3.1921375700023873,506.270729313052,706.793704643525
55.944761697613785,-3.1921375700023873,W,55.944761697613785,-3.1924375700023875,506.270729313052,705.543704643525
55.944761697613785,-3.1924375700023875,ESE,55.944646892584075,-3.192160406142634,506.270729313052,704.293704643525
55.944646892584075,-3.192160406142634,ENE,55.944761697613785,-3.1918832422828807,506.270729313052,703.043704643525
55.944761697613785,-3.1918832422828807,W,55.944761697613785,-3.192183242282881,506.270729313052,701.793704643525
55.944761697613785,-3.192183242282881,WNW,55.944876502643496,-3.1924604061426343,506.270729313052,700.543704643525
55.944876502643496,-3.1924604061426343,N,55.9451765026435,-3.1924604061426343,506.270729313052,699.293704643525
55.9451765026435,-3.1924604061426343,SSE,55.94489933878374,-3.1923456011129248,506.270729313052,698.043704643525
55.94489933878374,-3.1923456011129248,SE,55.944687206749386,-3.192133469078569,506.270729313052,696.793704643525
55.944687206749386,-3.192133469078569,WNW,55.944802011779096,-3.1924106329383224,506.270729313052,695.543704643525
55.944802011779096,-3.1924106329383224,E,55.944802011779096,-3.192110632938322,506.270729313052,694.293704643525
55.944802011779096,-3.192110632938322,E,55.944802011779096,-3.191810632938322,506.270729313052,693.043704643525
55.944802011779096,-3.191810632938322,WNW,55.94491681680881,-3.1920877967980754,506.270729313052,691.793704643525
55.94491681680881,-3.1920877967980754,WSW,55.944802011779096,-3.192364960657829,506.270729313052,690.543704643525
55.944802011779096,-3.192364960657829,E,55.944802011779096,-3.1920649606578286,506.270729313052,689.293704643525
55.944802011779096,-3.1920649606578286,WNW,55.94491681680881,-3.192342124517582,506.270729313052,688.043704643525
55.94491681680881,-3.192342124517582,SE,55.94470468477445,-3.1921299924832263,506.270729313052,686.793704643525
55.94470468477445,-3.1921299924832263,WNW,55.94481948980416,-3.1924071563429797,506.270729313052,685.543704643525
55.94481948980416,-3.1924071563429797,E,55.94481948980416,-3.1921071563429795,506.270729313052,684.293704643525
55.94481948980416,-3.1921071563429795,NNE,55.94509665366392,-3.19199235131327,506.270729313052,683.043704643525
55.94509665366392,-3.19199235131327,S,55.944796653663914,-3.19199235131327,506.270729313052,681.793704643525
55.944796653663914,-3.19199235131327,W,55.944796653663914,-3.19229235131327,506.270729313052,680.543704643525
55.944796653663914,-3.19229235131327,ENE,55.944911458693625,-3.1920151874535168,506.270729313052,679.293704643525
55.944911458693625,-3.1920151874535168,SW,55.94469932665927,-3.1922273194878725,506.270729313052,678.043704643525
55.94469932665927,-3.1922273194878725,NW,55.944911458693625,-3.1924394515222283,506.270729313052,676.793704643525
55.944911458693625,-3.1924394515222283,ESE,55.944796653663914,-3.192162287662475,506.270729313052,675.543704643525
55.944796653663914,-3.192162287662475,W,55.944796653663914,-3.192462287662475,506.270729313052,674.293704643525
55.944796653663914,-3.192462287662475,ESE,55.944681848634204,-3.1921851238027217,506.270729313052,673.043704643525
55.944681848634204,-3.1921851238027217,NW,55.94489398066856,-3.1923972558370775,506.270729313052,671.793704643525
55.94489398066856,-3.1923972558370775,ESE,55.94477917563885,-3.192120091977324,506.270729313052,670.543704643525
55.94477917563885,-3.192120091977324,W,55.94477917563885,-3.1924200919773242,506.270729313052,669.293704643525
55.94477917563885,-3.1924200919773242,ESE,55.94466437060914,-3.192142928117571,506.270729313052,668.043704643525
55.94466437060914,-3.192142928117571,NW,55.944876502643496,-3.1923550601519266,506.270729313052,666.793704643525
55.944876502643496,-3.1923550601519266,ESE,55.944761697613785,-3.192077896292173,506.270729313052,665.543704643525
55.944761697613785,-3.192077896292173,W,55.944761697613785,-3.1923778962921734,506.270729313052,664.293704643525
55.944761697613785,-3.1923778962921734,ENE,55.944876502643496,-3.19210073243242,506.270729313052,663.043704643525
55.944876502643496,-3.19210073243242,W,55.944876502643496,-3.19240073243242,506.270729313052,661.793704643525
55.944876502643496,-3.19240073243242,SE,55.94466437060914,-3.1921886003980644,506.270729313052,660.543704643525
55.94466437060914,-3.1921886003980644,WNW,55.94477917563885,-3.192465764257818,506.270729313052,659.293704643525
55.94477917563885,-3.192465764257818,E,55.94477917563885,-3.1921657642578176,506.270729313052,658.043704643525
55.94477917563885,-3.1921657642578176,WNW,55.94489398066856,-3.192442928117571,506.270729313052,656.793704643525
55.94489398066856,-3.192442928117571,N,55.94519398066856,-3.192442928117571,506.270729313052,655.543704643525
55.94519398066856,-3.192442928117571,SSE,55.94491681680881,-3.1923281230878615,506.270729313052,654.293704643525
55.94491681680881,-3.1923281230878615,ESE,55.944802011779096,-3.192050959228108,506.270729313052,653.043704643525
55.944802011779096,-3.192050959228108,W,55.944802011779096,-3.1923509592281083,506.270729313052,651.793704643525
55.944802011779096,-3.1923509592281083,ENE,55.94491681680881,-3.192073795368355,506.270729313052,650.543704643525
55.94491681680881,-3.192073795368355,W,55.94491681680881,-3.192373795368355,506.270729313052,649.293704643525
55.94491681680881,-3.192373795368355,SE,55.94470468477445,-3.1921616633339993,506.270729313052,648.043704643525
55.94470468477445,-3.1921616633339993,W,55.94470468477445,-3.1924616633339995,506.270729313052,646.793704643525
55.94470468477445,-3.1924616633339995,ENE,55.94481948980416,-3.192184499474246,506.270729313052,645.543704643525
55.94481948980416,-3.192184499474246,WNW,55.94493429483387,-3.1924616633339995,506.270729313052,644.293704643525
55.94493429483387,-3.1924616633339995,SE,55.944722162799515,-3.1922495312996437,506.270729313052,643.043704643525
55.944722162799515,-3.1922495312996437,NNW,55.94499932665927,-3.1923643363293532,506.270729313052,641.793704643525
55.94499932665927,-3.1923643363293532,SE,55.944787194624915,-3.1921522042949975,506.270729313052,640.543704643525
55.944787194624915,-3.1921522042949975,W,55.944787194624915,-3.1924522042949977,506.270729313052,639.293704643525
55.944787194624915,-3.1924522042949977,ESE,55.944672389595205,-3.1921750404352442,506.270729313052,638.043704643525
55.944672389595205,-3.1921750404352442,NW,55.94488452162956,-3.1923871724696,506.270729313052,636.793704643525
55.94488452162956,-3.1923871724696,ESE,55.94476971659985,-3.1921100086098466,506.270729313052,635.543704643525
55.94476971659985,-3.1921100086098466,W,55.94476971659985,-3.192410008609847,506.270729313052,634.293704643525
55.94476971659985,-3.192410008609847,ENE,55.94488452162956,-3.1921328447500934,506.270729313052,633.043704643525
55.94488452162956,-3.1921328447500934,W,55.94488452162956,-3.1924328447500936,506.270729313052,631.793704643525
55.94488452162956,-3.1924328447500936,ESE,55.94476971659985,-3.19215568089034,506.270729313052,630.543704643525
55.94476971659985,-3.19215568089034,W,55.94476971659985,-3.1924556808903404,506.270729313052,629.293704643525
55.94476971659985,-3.1924556808903404,ESE,55.94465491157014,-3.192178517030587,506.270729313052,628.043704643525
55.94465491157014,-3.192178517030587,NW,55.944867043604496,-3.1923906490649427,506.270729313052,626.793704643525
55.944867043604496,-3.1923906490649427,ESE,55.944752238574786,-3.1921134852051893,506.270729313052,625.543704643525
55.944752238574786,-3.1921134852051893,W,55.944752238574786,-3.1924134852051895,506.270729313052,624.293704643525
55.944752238574786,-3.1924134852051895,ENE,55.944867043604496,-3.192136321345436,506.270729313052,623.043704643525
55.944867043604496,-3.192136321345436,W,55.944867043604496,-3.1924363213454363,506.270729313052,621.793704643525
55.944867043604496,-3.1924363213454363,ESE,55.944752238574786,-3.192159157485683,506.270729313052,620.543704643525
55.944752238574786,-3.192159157485683,W,55.944752238574786,-3.192459157485683,506.270729313052,619.293704643525
55.944752238574786,-3.192459157485683,NNE,55.94502940243454,-3.1923443524559736,506.270729313052,618.043704643525
55.94502940243454,-3.1923443524559736,S,55.94472940243454,-3.1923443524559736,506.270729313052,616.793704643525
55.94472940243454,-3.1923443524559736,E,55.94472940243454,-3.1920443524559734,506.270729313052,615.543704643525
55.94472940243454,-3.1920443524559734,WNW,55.94484420746425,-3.192321516315727,506.270729313052,614.293704643525
55.94484420746425,-3.192321516315727,E,55.94484420746425,-3.1920215163157266,506.270729313052,613.043704643525
55.94484420746425,-3.1920215163157266,WSW,55.94472940243454,-3.19229868017548,506.270729313052,611.793704643525
55.944425,-3.188396,WNW,55.94453980502971,-3.1886731638597534,0.0,248.75
55.94453980502971,-3.1886731638597534,WNW,55.94465461005942,-3.188950327719507,30.592527874411953,332.0663570637372
55.94465461005942,-3.188950327719507,ENE,55.944769415089134,-3.1886731638597534,30.592527874411953,330.8163570637372
55.944769415089134,-3.1886731638597534,SE,55.94455728305478,-3.1884610318253976,30.592527874411953,329.5663570637372
55.94455728305478,-3.1884610318253976,E,55.94455728305478,-3.1881610318253975,30.592527874411953,328.3163570637372
55.94455728305478,-3.1881610318253975,N,55.94485728305478,-3.1881610318253975,137.39199955211407,400.44025365882703
55.94485728305478,-3.1881610318253975,ENE,55.94497208808449,-3.187883867965644,137.39199955211407,399.19025365882703
55.94497208808449,-3.187883867965644,ENE,55.9450868931142,-3.1876067041058906,157.15469337907476,462.16431966346255
55.9450868931142,-3.1876067041058906,S,55.9447868931142,-3.1876067041058906,157.15469337907476,460.91431966346255
55.9447868931142,-3.1876067041058906,S,55.944486893114195,-3.1876067041058906,157.15469337907476,459.66431966346255
55.944486893114195,-3.1876067041058906,SSE,55.94420972925444,-3.187491899076181,184.1479700912402,502.0456224954659
55.94420972925444,-3.187491899076181,E,55.94420972925444,-3.187191899076181,184.1479700912402,500.7956224954659
55.94420972925444,-3.187191899076181,ESE,55.94409492422473,-3.1869147352164275,184.1479700912402,499.5456224954659
55.94409492422473,-3.1869147352164275,E,55.94409492422473,-3.1866147352164274,280.1385847077731,621.1661747661894
55.94409492422473,-3.1866147352164274,SSE,55.94381776036497,-3.186499930186718,334.66343656676787,728.0710324511367
55.94381776036497,-3.186499930186718,ENE,55.94393256539468,-3.1862227663269644,334.66343656676787,726.8210324511367
55.94393256539468,-3.1862227663269644,ENE,55.94404737042439,-3.185945602467211,431.7129141413681,845.141756509876
55.94404737042439,-3.185945602467211,NNE,55.94432453428415,-3.1858307974375015,467.6559631323562,902.435616867252
55.94432453428415,-3.1858307974375015,N,55.94462453428415,-3.1858307974375015,551.6811122193101,934.9677373475644
55.94462453428415,-3.1858307974375015,SSW,55.944347370424396,-3.185945602467211,551.6811122193101,933.7177373475644
55.944347370424396,-3.185945602467211,SSE,55.94407020656464,-3.1858307974375015,551.6811122193101,932.4677373475644
55.94407020656464,-3.1858307974375015,S,55.943770206564636,-3.1858307974375015,551.6811122193101,931.2177373475644
55.943770206564636,-3.1858307974375015,SSE,55.94349304270488,-3.185715992407792,564.2597026592407,1038.2533981514214
55.94349304270488,-3.185715992407792,NE,55.943705174739236,-3.1855038603734362,564.2597026592407,1037.0033981514214
55.943705174739236,-3.1855038603734362,NE,55.94391730677359,-3.1852917283390805,564.2597026592407,1035.7533981514214
55.94391730677359,-3.1852917283390805,NE,55.94412943880795,-3.1850795963047247,564.2597026592407,1034.5033981514214
55.94412943880795,-3.1850795963047247,ENE,55.94424424383766,-3.1848024324449713,671.0243323673928,1103.4092349607422
55.94424424383766,-3.1848024324449713,NE,55.944456375872015,-3.1845903004106155,671.0243323673928,1102.1592349607422
55.944456375872015,-3.1845903004106155,W,55.944456375872015,-3.1848903004106157,671.0243323673928,1100.9092349607422
55.944456375872015,-3.1848903004106157,NNW,55.94473353973177,-3.1850051054403252,671.0243323673928,1099.6592349607422
55.94473353973177,-3.1850051054403252,NNW,55.94501070359153,-3.1851199104700347,671.0243323673928,1098.4092349607422
55.94501070359153,-3.1851199104700347,NNW,55.945287867451285,-3.1852347154997442,671.0243323673928,1097.1592349607422
55.945287867451285,-3.1852347154997442,NW,55.94549999948564,-3.1854468475341,671.0243323673928,1095.9092349607422
55.94549999948564,-3.1854468475341,NNW,55.9457771633454,-3.1855616525638095,778.5195979636385,1191.734164830433
55.9457771633454,-3.1855616525638095,W,55.9457771633454,-3.1858616525638097,778.5195979636385,1190.484164830433
55.9457771633454,-3.1858616525638097,W,55.9457771633454,-3.18616165256381,778.5195979636385,1189.234164830433
55.9457771633454,-3.18616165256381,WSW,55.94566235831569,-3.1864388164235633,832.9118379013572,1273.7909206417494
55.94566235831569,-3.1864388164235633,NW,55.94587449035004,-3.186650948457919,832.9118379013572,1272.5409206417494
55.94587449035004,-3.186650948457919,NNW,55.9461516542098,-3.1867657534876286,875.6585733604245,1342.9382202865725
55.9461516542098,-3.1867657534876286,WSW,55.94603684918009,-3.187042917347382,875.6585733604245,1341.6882202865725
55.94603684918009,-3.187042917347382,WSW,55.94592204415038,-3.1873200812071354,875.6585733604245,1340.4382202865725
55.94592204415038,-3.1873200812071354,WSW,55.94580723912067,-3.187597245066889,875.6585733604245,1339.1882202865725
55.94580723912067,-3.187597245066889,W,55.94580723912067,-3.187897245066889,875.6585733604245,1337.9382202865725
55.94580723912067,-3.187897245066889,WSW,55.94569243409096,-3.1881744089266424,875.6585733604245,1336.6882202865725
55.94569243409096,-3.1881744089266424,W,55.94569243409096,-3.1884744089266426,875.6585733604245,1335.4382202865725
55.94569243409096,-3.1884744089266426,WSW,55.94557762906125,-3.188751572786396,908.9794872804969,1358.761712613695
55.94557762906125,-3.188751572786396,NW,55.945789761095604,-3.1889637048207518,954.5332466183104,1358.4161786180018
55.945789761095604,-3.1889637048207518,W,55.945789761095604,-3.189263704820752,996.0428557899389,1395.3548824861164
55.945789761095604,-3.189263704820752,W,55.945789761095604,-3.189563704820752,996.0428557899389,1394.1048824861164
55.945789761095604,-3.189563704820752,WNW,55.945904566125314,-3.1898408686805055,996.0428557899389,1392.8548824861164
55.945904566125314,-3.1898408686805055,WSW,55.945789761095604,-3.190118032540259,997.8811774296116,1421.1792301352202
55.945789761095604,-3.190118032540259,SW,55.94557762906125,-3.1903301645746147,997.8811774296116,1419.9292301352202
55.94557762906125,-3.1903301645746147,WSW,55.94546282403154,-3.190607328434368,1065.2524124500017,1503.240298243463
55.94546282403154,-3.190607328434368,NW,55.94567495606589,-3.190819460468724,1098.722713731525,1582.5633723475062
55.94567495606589,-3.190819460468724,NW,55.94588708810025,-3.1910315925030797,1149.0162579387443,1706.0429649659645
55.94588708810025,-3.1910315925030797,W,55.94588708810025,-3.19133159250308,1149.0162579387443,1704.7929649659645
55.94588708810025,-3.19133159250308,WSW,55.94577228307054,-3.1916087563628333,1149.0162579387443,1703.5429649659645
55.94577228307054,-3.1916087563628333,WSW,55.94565747804083,-3.1918859202225867,1149.0162579387443,1702.2929649659645
55.94565747804083,-3.1918859202225867,W,55.94565747804083,-3.192185920222587,1186.6026235433399,1727.9871549763832
55.94565747804083,-3.192185920222587,SSW,55.94538031418107,-3.1923007252522964,1186.6026235433399,1726.7371549763832
55.94538031418107,-3.1923007252522964,SSW,55.945103150321316,-3.192415530282006,1244.5373031213626,1831.7916712712702
55.945103150321316,-3.192415530282006,S,55.94480315032131,-3.192415530282006,1244.5373031213626,1830.5416712712702
55.94480315032131,-3.192415530282006,ESE,55.9446883452916,-3.1921383664222525,1244.5373031213626,1829.2916712712702
55.9446883452916,-3.1921383664222525,NW,55.94490047732596,-3.1923504984566082,1244.5373031213626,1828.0416712712702
55.94490047732596,-3.1923504984566082,ESE,55.94478567229625,-3.192073334596855,1244.5373031213626,1826.7916712712702
55.94478567229625,-3.192073334596855,W,55.94478567229625,-3.192373334596855,1244.5373031213626,1825.5416712712702
55.94478567229625,-3.192373334596855,ENE,55.94490047732596,-3.1920961707371016,1244.5373031213626,1824.2916712712702
55.94490047732596,-3.1920961707371016,W,55.94490047732596,-3.192396170737102,1244.5373031213626,1823.0416712712702
55.94490047732596,-3.192396170737102,SE,55.9446883452916,-3.192184038702746,1244.5373031213626,1821.7916712712702
55.9446883452916,-3.192184038702746,WNW,55.94480315032131,-3.1924612025624994,1244.5373031213626,1820.5416712712702
55.94480315032131,-3.1924612025624994,E,55.94480315032131,-3.1921612025624992,1244.5373031213626,1819.2916712712702
55.94480315032131,-3.1921612025624992,WNW,55.94491795535102,-3.1924383664222526,1244.5373031213626,1818.0416712712702
55.94491795535102,-3.1924383664222526,SE,55.94470582331667,-3.192226234387897,1244.5373031213626,1816.7916712712702
55.94470582331667,-3.192226234387897,NNW,55.944982987176424,-3.1923410394176064,1244.5373031213626,1815.5416712712702
55.944982987176424,-3.1923410394176064,SSW,55.94470582331667,-3.192455844447316,1244.5373031213626,1814.2916712712702
55.94470582331667,-3.192455844447316,E,55.94470582331667,-3.1921558444473157,1244.5373031213626,1813.0416712712702
55.94470582331667,-3.1921558444473157,WNW,55.94482062834638,-3.192433008307069,1244.5373031213626,1811.7916712712702
55.94482062834638,-3.192433008307069,E,55.94482062834638,-3.192133008307069,1244.5373031213626,1810.5416712712702
55.94482062834638,-3.192133008307069,WNW,55.94493543337609,-3.1924101721668223,1244.5373031213626,1809.2916712712702
55.94493543337609,-3.1924101721668223,SE,55.94472330134173,-3.1921980401324666,1244.5373031213626,1808.0416712712702
55.94472330134173,-3.1921980401324666,ENE,55.94483810637144,-3.191920876272713,1244.5373031213626,1806.7916712712702
55.94483810637144,-3.191920876272713,W,55.94483810637144,-3.1922208762727133,1244.5373031213626,1805.5416712712702
55.94483810637144,-3.1922208762727133,NW,55.9450502384058,-3.192433008307069,1244.5373031213626,1804.2916712712702
55.9450502384058,-3.192433008307069,S,55.944750238405796,-3.192433008307069,1244.5373031213626,1803.0416712712702
55.944750238405796,-3.192433008307069,ESE,55.944635433376085,-3.1921558444473157,1244.5373031213626,1801.7916712712702
55.944635433376085,-3.1921558444473157,NNE,55.94491259723584,-3.192041039417606,1244.5373031213626,1800.5416712712702
55.94491259723584,-3.192041039417606,WSW,55.94479779220613,-3.1923182032773596,1244.5373031213626,1799.2916712712702
55.94479779220613,-3.1923182032773596,E,55.94479779220613,-3.1920182032773594,1244.5373031213626,1798.0416712712702
55.94479779220613,-3.1920182032773594,WNW,55.94491259723584,-3.192295367137113,1244.5373031213626,1796.7916712712702
55.94491259723584,-3.192295367137113,SE,55.944700465201485,-3.192083235102757,1244.5373031213626,1795.5416712712702
55.944700465201485,-3.192083235102757,WNW,55.944815270231196,-3.1923603989625104,1244.5373031213626,1794.2916712712702
55.944815270231196,-3.1923603989625104,E,55.944815270231196,-3.1920603989625103,1244.5373031213626,1793.0416712712702
55.944815270231196,-3.1920603989625103,WNW,55.944930075260906,-3.1923375628222637,1244.5373031213626,1791.7916712712702
55.944930075260906,-3.1923375628222637,ENE,55.94504488029062,-3.1920603989625103,1244.5373031213626,1790.5416712712702
55.94504488029062,-3.1920603989625103,SSW,55.94476771643086,-3.1921752039922198,1244.5373031213626,1789.2916712712702
55.94476771643086,-3.1921752039922198,WNW,55.94488252146057,-3.192452367851973,1244.5373031213626,1788.0416712712702
55.94488252146057,-3.192452367851973,N,55.94518252146057,-3.192452367851973,1244.5373031213626,1786.7916712712702
55.94518252146057,-3.192452367851973,SSE,55.94490535760082,-3.1923375628222637,1244.5373031213626,1785.5416712712702
55.94490535760082,-3.1923375628222637,SE,55.94469322556646,-3.192125430787908,1244.5373031213626,1784.2916712712702
55.94469322556646,-3.192125430787908,WNW,55.94480803059617,-3.1924025946476613,1244.5373031213626,1783.0416712712702
55.94480803059617,-3.1924025946476613,E,55.94480803059617,-3.192102594647661,1244.5373031213626,1781.7916712712702
55.94480803059617,-3.192102594647661,WNW,55.94492283562588,-3.1923797585074145,1244.5373031213626,1780.5416712712702
55.94492283562588,-3.1923797585074145,SE,55.944710703591525,-3.1921676264730587,1244.5373031213626,1779.2916712712702
55.944710703591525,-3.1921676264730587,W,55.944710703591525,-3.192467626473059,1244.5373031213626,1778.0416712712702
55.944710703591525,-3.192467626473059,ENE,55.944825508621236,-3.1921904626133055,1244.5373031213626,1776.7916712712702
55.944825508621236,-3.1921904626133055,WNW,55.944940313650946,-3.192467626473059,1244.5373031213626,1775.5416712712702
55.944940313650946,-3.192467626473059,SE,55.94472818161659,-3.192255494438703,1244.5373031213626,1774.2916712712702
55.94472818161659,-3.192255494438703,NNW,55.945005345476346,-3.1923702994684127,1244.5373031213626,1773.0416712712702
55.945005345476346,-3.1923702994684127,SE,55.94479321344199,-3.192158167434057,1244.5373031213626,1771.7916712712702
55.94479321344199,-3.192158167434057,W,55.94479321344199,-3.192458167434057,1244.5373031213626,1770.5416712712702
55.94479321344199,-3.192458167434057,ESE,55.94467840841228,-3.1921810035743037,1244.5373031213626,1769.2916712712702
55.94467840841228,-3.1921810035743037,NW,55.944890540446636,-3.1923931356086594,1244.5373031213626,1768.0416712712702
55.944890540446636,-3.1923931356086594,ESE,55.944775735416925,-3.192115971748906,1244.5373031213626,1766.7916712712702
55.944775735416925,-3.192115971748906,W,55.944775735416925,-3.1924159717489062,1244.5373031213626,1765.5416712712702
55.944775735416925,-3.1924159717489062,ESE,55.944660930387215,-3.192138807889153,1244.5373031213626,1764.2916712712702
55.944660930387215,-3.192138807889153,NW,55.94487306242157,-3.1923509399235086,1244.5373031213626,1763.0416712712702
55.94487306242157,-3.1923509399235086,ESE,55.94475825739186,-3.192073776063755,1244.5373031213626,1761.7916712712702
55.94475825739186,-3.192073776063755,E,55.94475825739186,-3.191773776063755,1244.5373031213626,1760.5416712712702
55.94475825739186,-3.191773776063755,WNW,55.94487306242157,-3.1920509399235084,1244.5373031213626,1759.2916712712702
55.94487306242157,-3.1920509399235084,WSW,55.94475825739186,-3.192328103783262,1244.5373031213626,1758.0416712712702
55.94475825739186,-3.192328103783262,E,55.94475825739186,-3.1920281037832616,1244.5373031213626,1756.7916712712702
55.94475825739186,-3.1920281037832616,WNW,55.94487306242157,-3.192305267643015,1244.5373031213626,1755.5416712712702
55.94487306242157,-3.192305267643015,E,55.94487306242157,-3.192005267643015,1244.5373031213626,1754.2916712712702
55.94487306242157,-3.192005267643015,WSW,55.94475825739186,-3.1922824315027682,1244.5373031213626,1753.0416712712702
55.94475825739186,-3.1922824315027682,E,55.94475825739186,-3.191982431502768,1244.5373031213626,1751.7916712712702
55.94475825739186,-3.191982431502768,N,55.945058257391864,-3.191982431502768,1244.5373031213626,1750.5416712712702
55.945058257391864,-3.191982431502768,SSW,55.94478109353211,-3.1920972365324776,1244.5373031213626,1749.2916712712702
55.94478109353211,-3.1920972365324776,W,55.94478109353211,-3.1923972365324778,1244.5373031213626,1748.0416712712702
55.94478109353211,-3.1923972365324778,ENE,55.94489589856182,-3.1921200726727244,1244.5373031213626,1746.7916712712702
55.94489589856182,-3.1921200726727244,W,55.94489589856182,-3.1924200726727245,1244.5373031213626,1745.5416712712702
55.94489589856182,-3.1924200726727245,SE,55.94468376652746,-3.1922079406383688,1244.5373031213626,1744.2916712712702
55.94468376652746,-3.1922079406383688,NNW,55.94496093038722,-3.1923227456680783,1244.5373031213626,1743.0416712712702
55.94496093038722,-3.1923227456680783,SE,55.94474879835286,-3.1921106136337225,1244.5373031213626,1741.7916712712702
55.94474879835286,-3.1921106136337225,NNE,55.94502596221262,-3.191995808604013,1244.5373031213626,1740.5416712712702
55.94502596221262,-3.191995808604013,SW,55.94481383017826,-3.1922079406383688,1244.5373031213626,1739.2916712712702
55.94481383017826,-3.1922079406383688,NW,55.94502596221262,-3.1924200726727245,1244.5373031213626,1738.0416712712702
55.94502596221262,-3.1924200726727245,S,55.944725962212615,-3.1924200726727245,1244.5373031213626,1736.7916712712702
55.944725962212615,-3.1924200726727245,E,55.944725962212615,-3.1921200726727244,1244.5373031213626,1735.5416712712702
55.944725962212615,-3.1921200726727244,WNW,55.944840767242326,-3.1923972365324778,1244.5373031213626,1734.2916712712702
55.944840767242326,-3.1923972365324778,E,55.944840767242326,-3.1920972365324776,1244.5373031213626,1733.0416712712702
55.944840767242326,-3.1920972365324776,WSW,55.944725962212615,-3.192374400392231,1244.5373031213626,1731.7916712712702
55.944725962212615,-3.192374400392231,N,55.94502596221262,-3.192374400392231,1244.5373031213626,1730.5416712712702
55.94502596221262,-3.192374400392231,SSE,55.94474879835286,-3.1922595953625215,1244.5373031213626,1729.2916712712702
55.94474879835286,-3.1922595953625215,NW,55.94496093038722,-3.1924717273968772,1244.5373031213626,1728.0416712712702
55.94496093038722,-3.1924717273968772,ESE,55.94484612535751,-3.192194563537124,1244.5373031213626,1726.7916712712702
55.94484612535751,-3.192194563537124,WSW,55.9447313203278,-3.1924717273968772,1244.5373031213626,1725.5416712712702
55.9447313203278,-3.1924717273968772,E,55.9447313203278,-3.192171727396877,1244.5373031213626,1724.2916712712702
55.9447313203278,-3.192171727396877,WNW,55.94484612535751,-3.1924488912566304,1244.5373031213626,1723.0416712712702
55.94484612535751,-3.1924488912566304,E,55.94484612535751,-3.1921488912566303,1244.5373031213626,1721.7916712712702
55.94484612535751,-3.1921488912566303,E,55.94484612535751,-3.19184889125663,1244.5373031213626,1720.5416712712702
55.94484612535751,-3.19184889125663,WSW,55.9447313203278,-3.1921260551163835,1244.5373031213626,1719.2916712712702
55.9447313203278,-3.1921260551163835,W,55.9447313203278,-3.1924260551163837,1244.5373031213626,1718.0416712712702
55.9447313203278,-3.1924260551163837,ENE,55.94484612535751,-3.1921488912566303,1244.5373031213626,1716.7916712712702
55.94484612535751,-3.1921488912566303,W,55.94484612535751,-3.1924488912566304,1244.5373031213626,1715.5416712712702
55.94484612535751,-3.1924488912566304,ESE,55.9447313203278,-3.192171727396877,1244.5373031213626,1714.2916712712702
55.9447313203278,-3.192171727396877,W,55.9447313203278,-3.1924717273968772,1244.5373031213626,1713.0416712712702
55.9447313203278,-3.1924717273968772,ENE,55.94484612535751,-3.192194563537124,1244.5373031213626,1711.7916712712702
55.94484612535751,-3.192194563537124,E,55.94484612535751,-3.1918945635371236,1244.5373031213626,1710.5416712712702
55.94484612535751,-3.1918945635371236,WSW,55.9447313203278,-3.192171727396877,1244.5373031213626,1709.2916712712702
55.9447313203278,-3.192171727396877,W,55.9447313203278,-3.1924717273968772,1244.5373031213626,1708.0416712712702
55.9447313203278,-3.1924717273968772,ENE,55.94484612535751,-3.192194563537124,1244.5373031213626,1706.7916712712702
55.94484612535751,-3.192194563537124,WNW,55.94496093038722,-3.1924717273968772,1244.5373031213626,1705.5416712712702
55.94496093038722,-3.1924717273968772,SE,55.94474879835286,-3.1922595953625215,1244.5373031213626,1704.2916712712702
55.94474879835286,-3.1922595953625215,NNW,55.94502596221262,-3.192374400392231,1244.5373031213626,1703.0416712712702
55.94502596221262,-3.192374400392231,S,55.944725962212615,-3.192374400392231,1244.5373031213626,1701.7916712712702
55.944725962212615,-3.192374400392231,E,55.944725962212615,-3.192074400392231,1244.5373031213626,1700.5416712712702
55.944725962212615,-3.192074400392231,WNW,55.944840767242326,-3.192351564251984,1244.5373031213626,1699.2916712712702
55.944840767242326,-3.192351564251984,E,55.944840767242326,-3.192051564251984,1244.5373031213626,1698.0416712712702
55.944840767242326,-3.192051564251984,WSW,55.944725962212615,-3.1923287281117374,1244.5373031213626,1696.7916712712702
55.944725962212615,-3.1923287281117374,NNW,55.94500312607237,-3.192443533141447,1244.5373031213626,1695.5416712712702
55.94500312607237,-3.192443533141447,SE,55.944790994038016,-3.192231401107091,1244.5373031213626,1694.2916712712702
55.944790994038016,-3.192231401107091,E,55.944790994038016,-3.191931401107091,1244.5373031213626,1693.0416712712702
55.944790994038016,-3.191931401107091,NNW,55.94506815789777,-3.1920462061368005,1244.5373031213626,1691.7916712712702
55.94506815789777,-3.1920462061368005,SE,55.944856025863416,-3.1918340741024447,1244.5373031213626,1690.5416712712702
55.944856025863416,-3.1918340741024447,WSW,55.944741220833706,-3.192111237962198,1244.5373031213626,1689.2916712712702
55.944741220833706,-3.192111237962198,W,55.944741220833706,-3.1924112379621983,1244.5373031213626,1688.0416712712702
55.944741220833706,-3.1924112379621983,ENE,55.944856025863416,-3.192134074102445,1244.5373031213626,1686.7916712712702
55.944856025863416,-3.192134074102445,W,55.944856025863416,-3.192434074102445,1244.5373031213626,1685.5416712712702
55.944856025863416,-3.192434074102445,ESE,55.944741220833706,-3.1921569102426917,1244.5373031213626,1684.2916712712702
55.944741220833706,-3.1921569102426917,W,55.944741220833706,-3.192456910242692,1244.5373031213626,1683.0416712712702
55.944741220833706,-3.192456910242692,ENE,55.944856025863416,-3.1921797463829384,1244.5373031213626,1681.7916712712702
55.944856025863416,-3.1921797463829384,ESE,55.944741220833706,-3.191902582523185,1244.5373031213626,1680.5416712712702
55.944741220833706,-3.191902582523185,W,55.944741220833706,-3.1922025825231852,1244.5373031213626,1679.2916712712702
55.944741220833706,-3.1922025825231852,NW,55.94495335286806,-3.192414714557541,1244.5373031213626,1678.0416712712702
55.94495335286806,-3.192414714557541,ESE,55.94483854783835,-3.1921375506977876,1244.5373031213626,1676.7916712712702
55.94483854783835,-3.1921375506977876,WSW,55.94472374280864,-3.192414714557541,1244.5373031213626,1675.5416712712702
55.94472374280864,-3.192414714557541,E,55.94472374280864,-3.192114714557541,1244.5373031213626,1674.2916712712702
55.94472374280864,-3.192114714557541,WNW,55.94483854783835,-3.192391878417294,1244.5373031213626,1673.0416712712702
55.94483854783835,-3.192391878417294,E,55.94483854783835,-3.192091878417294,1244.5373031213626,1671.7916712712702
55.94483854783835,-3.192091878417294,ESE,55.94472374280864,-3.1918147145575406,1244.5373031213626,1670.5416712712702
55.94472374280864,-3.1918147145575406,W,55.94472374280864,-3.192114714557541,1244.5373031213626,1669.2916712712702
55.94472374280864,-3.192114714557541,W,55.94472374280864,-3.192414714557541,1244.5373031213626,1668.0416712712702
55.94472374280864,-3.192414714557541,ENE,55.94483854783835,-3.1921375506977876,1244.5373031213626,1666.7916712712702
55.94483854783835,-3.1921375506977876,W,55.94483854783835,-3.192437550697788,1244.5373031213626,1665.5416712712702
55.94483854783835,-3.192437550697788,ESE,55.94472374280864,-3.1921603868380344,1244.5373031213626,1664.2916712712702
55.94472374280864,-3.1921603868380344,W,55.94472374280864,-3.1924603868380346,1244.5373031213626,1663.0416712712702
55.94472374280864,-3.1924603868380346,ENE,55.94483854783835,-3.192183222978281,1244.5373031213626,1661.7916712712702
55.94483854783835,-3.192183222978281,E,55.94483854783835,-3.191883222978281,1244.5373031213626,1660.5416712712702
55.94483854783835,-3.191883222978281,WSW,55.94472374280864,-3.1921603868380344,1244.5373031213626,1659.2916712712702
55.94472374280864,-3.1921603868380344,W,55.94472374280864,-3.1924603868380346,1244.5373031213626,1658.0416712712702
55.94472374280864,-3.1924603868380346,ENE,55.94483854783835,-3.192183222978281,1244.5373031213626,1656.7916712712702
55.94483854783835,-3.192183222978281,WNW,55.94495335286806,-3.1924603868380346,1244.5373031213626,1655.5416712712702
55.94495335286806,-3.1924603868380346,SE,55.944741220833706,-3.192248254803679,1244.5373031213626,1654.2916712712702
55.944741220833706,-3.192248254803679,NNW,55.94501838469346,-3.1923630598333883,1244.5373031213626,1653.0416712712702
55.94501838469346,-3.1923630598333883,SE,55.944806252659106,-3.1921509277990325,1244.5373031213626,1651.7916712712702
55.944806252659106,-3.1921509277990325,NNE,55.94508341651886,-3.192036122769323,1244.5373031213626,1650.5416712712702
55.94508341651886,-3.192036122769323,SW,55.944871284484506,-3.192248254803679,1244.5373031213626,1649.2916712712702
55.944871284484506,-3.192248254803679,NW,55.94508341651886,-3.1924603868380346,1244.5373031213626,1648.0416712712702
55.94508341651886,-3.1924603868380346,S,55.94478341651886,-3.1924603868380346,1244.5373031213626,1646.7916712712702
55.94478341651886,-3.1924603868380346,ESE,55.94466861148915,-3.192183222978281,1244.5373031213626,1645.5416712712702
55.94466861148915,-3.192183222978281,NW,55.944880743523505,-3.192395355012637,1244.5373031213626,1644.2916712712702
55.944880743523505,-3.192395355012637,ESE,55.944765938493795,-3.1921181911528835,1244.5373031213626,1643.0416712712702
55.944765938493795,-3.1921181911528835,W,55.944765938493795,-3.1924181911528837,1244.5373031213626,1641.7916712712702
55.944765938493795,-3.1924181911528837,ESE,55.944651133464085,-3.1921410272931303,1244.5373031213626,1640.5416712712702
55.944651133464085,-3.1921410272931303,NW,55.94486326549844,-3.192353159327486,1244.5373031213626,1639.2916712712702
55.94486326549844,-3.192353159327486,ESE,55.94474846046873,-3.1920759954677327,1244.5373031213626,1638.0416712712702
55.94474846046873,-3.1920759954677327,W,55.94474846046873,-3.192375995467733,1244.5373031213626,1636.7916712712702
55.94474846046873,-3.192375995467733,ENE,55.94486326549844,-3.1920988316079795,1244.5373031213626,1635.5416712712702
55.94486326549844,-3.1920988316079795,W,55.94486326549844,-3.1923988316079797,1244.5373031213626,1634.2916712712702
55.94486326549844,-3.1923988316079797,ESE,55.94474846046873,-3.1921216677482263,1244.5373031213626,1633.0416712712702
55.94474846046873,-3.1921216677482263,W,55.94474846046873,-3.1924216677482264,1244.5373031213626,1631.7916712712702
55.94474846046873,-3.1924216677482264,ENE,55.94486326549844,-3.192144503888473,1244.5373031213626,1630.5416712712702
55.94486326549844,-3.192144503888473,W,55.94486326549844,-3.1924445038884732,1244.5373031213626,1629.2916712712702
55.94486326549844,-3.1924445038884732,ESE,55.94474846046873,-3.19216734002872,1244.5373031213626,1628.0416712712702
55.94474846046873,-3.19216734002872,W,55.94474846046873,-3.19246734002872,1244.5373031213626,1626.7916712712702
55.94474846046873,-3.19246734002872,N,55.94504846046873,-3.19246734002872,1244.5373031213626,1625.5416712712702
55.94504846046873,-3.19246734002872,SSE,55.94477129660898,-3.1923525349990105,1244.5373031213626,1624.2916712712702
55.94477129660898,-3.1923525349990105,E,55.94477129660898,-3.1920525349990103,1244.5373031213626,1623.0416712712702
55.94477129660898,-3.1920525349990103,WNW,55.94488610163869,-3.1923296988587637,1244.5373031213626,1621.7916712712702
55.94488610163869,-3.1923296988587637,ENE,55.9450009066684,-3.1920525349990103,1244.5373031213626,1620.5416712712702
55.9450009066684,-3.1920525349990103,SSW,55.94472374280864,-3.19216734002872,1244.5373031213626,1619.2916712712702
55.94472374280864,-3.19216734002872,W,55.94472374280864,-3.19246734002872,1244.5373031213626,1618.0416712712702
55.94472374280864,-3.19246734002872,ENE,55.94483854783835,-3.1921901761689666,1244.5373031213626,1616.7916712712702
55.94483854783835,-3.1921901761689666,WNW,55.94495335286806,-3.19246734002872,1244.5373031213626,1615.5416712712702
55.94495335286806,-3.19246734002872,SE,55.944741220833706,-3.1922552079943642,1244.5373031213626,1614.2916712712702
55.944741220833706,-3.1922552079943642,NNW,55.94501838469346,-3.1923700130240737,1244.5373031213626,1613.0416712712702
55.94501838469346,-3.1923700130240737,SE,55.944806252659106,-3.192157880989718,1244.5373031213626,1611.7916712712702
55.944806252659106,-3.192157880989718,E,55.944806252659106,-3.191857880989718,1244.5373031213626,1610.5416712712702
55.944806252659106,-3.191857880989718,WSW,55.944691447629395,-3.192135044849471,1244.5373031213626,1609.2916712712702
55.944691447629395,-3.192135044849471,WNW,55.944806252659106,-3.1924122087092246,1244.5373031213626,1608.0416712712702
55.944806252659106,-3.1924122087092246,E,55.944806252659106,-3.1921122087092244,1244.5373031213626,1606.7916712712702
55.944806252659106,-3.1921122087092244,WNW,55.944921057688816,-3.192389372568978,1244.5373031213626,1605.5416712712702
55.944921057688816,-3.192389372568978,SE,55.94470892565446,-3.192177240534622,1244.5373031213626,1604.2916712712702
55.94470892565446,-3.192177240534622,WNW,55.94482373068417,-3.1924544043943754,1244.5373031213626,1603.0416712712702
55.94482373068417,-3.1924544043943754,E,55.94482373068417,-3.1921544043943753,1244.5373031213626,1601.7916712712702
55.94482373068417,-3.1921544043943753,E,55.94482373068417,-3.191854404394375,1244.5373031213626,1600.5416712712702
55.94482373068417,-3.191854404394375,WSW,55.94470892565446,-3.1921315682541285,1244.5373031213626,1599.2916712712702
55.94470892565446,-3.1921315682541285,WNW,55.94482373068417,-3.192408732113882,1244.5373031213626,1598.0416712712702
55.94482373068417,-3.192408732113882,E,55.94482373068417,-3.1921087321138817,1244.5373031213626,1596.7916712712702
55.94482373068417,-3.1921087321138817,WNW,55.94493853571388,-3.192385895973635,1244.5373031213626,1595.5416712712702
