55.944425,-3.188396,N,55.944725000000005,-3.188396,68.65530261674546,332.6757758792565
55.944725000000005,-3.188396,NNW,55.94500216385976,-3.1885108050297095,68.65530261674546,331.4257758792565
55.94500216385976,-3.1885108050297095,WNW,55.94511696888947,-3.188787968889463,150.82163145528978,373.11094020944665
55.94511696888947,-3.188787968889463,W,55.94511696888947,-3.189087968889463,150.82163145528978,371.86094020944665
55.94511696888947,-3.189087968889463,SE,55.944904836855116,-3.1888758368551073,150.82163145528978,370.61094020944665
55.944904836855116,-3.1888758368551073,W,55.944904836855116,-3.1891758368551075,150.82163145528978,369.36094020944665
55.944904836855116,-3.1891758368551075,ESE,55.944790031825406,-3.188898672995354,150.82163145528978,368.11094020944665
55.944790031825406,-3.188898672995354,SSW,55.94451286796565,-3.1890134780250636,150.82163145528978,366.86094020944665
55.94451286796565,-3.1890134780250636,NE,55.944725000000005,-3.188801345990708,150.82163145528978,365.61094020944665
55.944725000000005,-3.188801345990708,S,55.944425,-3.188801345990708,150.82163145528978,364.36094020944665
55.944425,-3.188801345990708,S,55.944125,-3.188801345990708,150.82163145528978,363.11094020944665
55.944125,-3.188801345990708,N,55.944425,-3.188801345990708,150.82163145528978,361.86094020944665
55.944425,-3.188801345990708,ESE,55.94431019497029,-3.1885241821309545,150.82163145528978,360.61094020944665
55.94431019497029,-3.1885241821309545,W,55.94431019497029,-3.1888241821309546,150.82163145528978,359.36094020944665
55.94431019497029,-3.1888241821309546,SSW,55.944033031110536,-3.188938987160664,150.82163145528978,358.11094020944665
55.944033031110536,-3.188938987160664,ENE,55.944147836140246,-3.1886618233009107,150.82163145528978,356.86094020944665
55.944147836140246,-3.1886618233009107,E,55.944147836140246,-3.1883618233009106,150.82163145528978,355.61094020944665
55.944147836140246,-3.1883618233009106,NNW,55.944425,-3.18847662833062,150.82163145528978,354.36094020944665
55.944425,-3.18847662833062,SSE,55.944147836140246,-3.1883618233009106,150.82163145528978,353.11094020944665
55.944147836140246,-3.1883618233009106,SW,55.94393570410589,-3.1885739553352663,150.82163145528978,351.86094020944665
55.94393570410589,-3.1885739553352663,N,55.94423570410589,-3.1885739553352663,150.82163145528978,350.61094020944665
55.94423570410589,-3.1885739553352663,WSW,55.94412089907618,-3.1888511191950197,150.82163145528978,349.36094020944665
55.94412089907618,-3.1888511191950197,SE,55.943908767041826,-3.188638987160664,150.82163145528978,348.11094020944665
55.943908767041826,-3.188638987160664,S,55.94360876704182,-3.188638987160664,150.82163145528978,346.86094020944665
55.94360876704182,-3.188638987160664,WNW,55.943723572071534,-3.1889161510204174,150.82163145528978,345.61094020944665
55.943723572071534,-3.1889161510204174,SW,55.94351144003718,-3.189128283054773,150.82163145528978,344.36094020944665
55.94351144003718,-3.189128283054773,SE,55.94329930800282,-3.1889161510204174,150.82163145528978,343.11094020944665
55.94329930800282,-3.1889161510204174,SSW,55.943022144143065,-3.189030956050127,158.23973494317417,463.83240995254664
55.943022144143065,-3.189030956050127,NE,55.94323427617742,-3.188818824015771,158.23973494317417,462.58240995254664
55.94323427617742,-3.188818824015771,N,55.943534276177424,-3.188818824015771,158.23973494317417,461.33240995254664
55.943534276177424,-3.188818824015771,N,55.94383427617743,-3.188818824015771,158.23973494317417,460.08240995254664
55.94383427617743,-3.188818824015771,ENE,55.94394908120714,-3.1885416601560177,158.23973494317417,458.83240995254664
55.94394908120714,-3.1885416601560177,NNW,55.94422624506689,-3.188656465185727,158.23973494317417,457.58240995254664
55.94422624506689,-3.188656465185727,NE,55.94443837710125,-3.1884443331513714,158.23973494317417,456.33240995254664
55.94443837710125,-3.1884443331513714,W,55.94443837710125,-3.1887443331513716,158.23973494317417,455.08240995254664
55.94443837710125,-3.1887443331513716,SSE,55.94416121324149,-3.188629528121662,158.23973494317417,453.83240995254664
55.94416121324149,-3.188629528121662,SE,55.94394908120714,-3.1884173960873063,158.23973494317417,452.58240995254664
55.94394908120714,-3.1884173960873063,ESE,55.94383427617743,-3.188140232227553,264.7302603625393,486.29114940354094
55.94383427617743,-3.188140232227553,N,55.94413427617743,-3.188140232227553,264.7302603625393,485.04114940354094
55.94413427617743,-3.188140232227553,WNW,55.94424908120714,-3.1884173960873063,264.7302603625393,483.79114940354094
55.94424908120714,-3.1884173960873063,ESE,55.94413427617743,-3.188140232227553,264.7302603625393,482.54114940354094
55.94413427617743,-3.188140232227553,S,55.94383427617743,-3.188140232227553,264.7302603625393,481.29114940354094
55.94383427617743,-3.188140232227553,NNE,55.94411144003718,-3.1880254271978434,264.7302603625393,480.04114940354094
55.94411144003718,-3.1880254271978434,NNW,55.94438860389694,-3.188140232227553,264.7302603625393,478.79114940354094
55.94438860389694,-3.188140232227553,WSW,55.94427379886723,-3.1884173960873063,264.7302603625393,477.54114940354094
55.94427379886723,-3.1884173960873063,N,55.94457379886723,-3.1884173960873063,264.7302603625393,476.29114940354094
55.94457379886723,-3.1884173960873063,WSW,55.94445899383752,-3.1886945599470597,264.7302603625393,475.04114940354094
55.94445899383752,-3.1886945599470597,ESE,55.94434418880781,-3.1884173960873063,264.7302603625393,473.79114940354094
55.94434418880781,-3.1884173960873063,W,55.94434418880781,-3.1887173960873065,264.7302603625393,472.54114940354094
55.94434418880781,-3.1887173960873065,N,55.944644188807814,-3.1887173960873065,264.7302603625393,471.29114940354094
55.944644188807814,-3.1887173960873065,SE,55.94443205677346,-3.1885052640529508,264.7302603625393,470.04114940354094
55.94443205677346,-3.1885052640529508,NNW,55.944709220633214,-3.1886200690826603,264.7302603625393,468.79114940354094
55.944709220633214,-3.1886200690826603,ENE,55.944824025662925,-3.188342905222907,264.7302603625393,467.54114940354094
55.944824025662925,-3.188342905222907,SSE,55.94454686180317,-3.1882281001931974,264.7302603625393,466.29114940354094
55.94454686180317,-3.1882281001931974,SE,55.94433472976881,-3.1880159681588416,264.7302603625393,465.04114940354094
55.94433472976881,-3.1880159681588416,NNW,55.94461189362857,-3.188130773188551,264.7302603625393,463.79114940354094
55.94461189362857,-3.188130773188551,SSE,55.94433472976881,-3.1880159681588416,264.7302603625393,462.54114940354094
55.94433472976881,-3.1880159681588416,SW,55.944122597734456,-3.1882281001931974,264.7302603625393,461.29114940354094
55.944122597734456,-3.1882281001931974,NE,55.94433472976881,-3.1880159681588416,264.7302603625393,460.04114940354094
55.94433472976881,-3.1880159681588416,SE,55.944122597734456,-3.187803836124486,264.7302603625393,458.79114940354094
55.944122597734456,-3.187803836124486,NNE,55.94439976159421,-3.1876890310947763,264.7302603625393,457.54114940354094
55.94439976159421,-3.1876890310947763,E,55.94439976159421,-3.187389031094776,264.7302603625393,456.29114940354094
55.94439976159421,-3.187389031094776,E,55.94439976159421,-3.187089031094776,383.7172781815691,491.67930951866964
55.94439976159421,-3.187089031094776,NNE,55.94467692545397,-3.1869742260650664,383.7172781815691,490.42930951866964
55.94467692545397,-3.1869742260650664,ENE,55.94479173048368,-3.186697062205313,383.7172781815691,489.17930951866964
55.94479173048368,-3.186697062205313,ENE,55.94490653551339,-3.1864198983455596,383.7172781815691,487.92930951866964
55.94490653551339,-3.1864198983455596,S,55.94460653551339,-3.1864198983455596,383.7172781815691,486.67930951866964
55.94460653551339,-3.1864198983455596,SE,55.94439440347903,-3.186207766311204,383.7172781815691,485.42930951866964
55.94439440347903,-3.186207766311204,E,55.94439440347903,-3.1859077663112036,393.78140435251885,566.645627482024
55.94439440347903,-3.1859077663112036,SE,55.944182271444674,-3.185695634276848,429.50041985530646,619.6909612078227
55.944182271444674,-3.185695634276848,W,55.944182271444674,-3.185995634276848,429.50041985530646,618.4409612078227
55.944182271444674,-3.185995634276848,NNE,55.94445943530443,-3.1858808292471386,429.50041985530646,617.1909612078227
55.94445943530443,-3.1858808292471386,WSW,55.94434463027472,-3.186157993106892,429.50041985530646,615.9409612078227
55.94434463027472,-3.186157993106892,NNE,55.94462179413448,-3.1860431880771825,429.50041985530646,614.6909612078227
55.94462179413448,-3.1860431880771825,NE,55.94483392616883,-3.1858310560428267,429.50041985530646,613.4409612078227
55.94483392616883,-3.1858310560428267,N,55.945133926168836,-3.1858310560428267,512.8018403620543,733.3196942706807
55.945133926168836,-3.1858310560428267,WNW,55.94524873119855,-3.18610821990258,512.8018403620543,732.0696942706807
55.94524873119855,-3.18610821990258,SSE,55.94497156733879,-3.1859934148728706,512.8018403620543,730.8196942706807
55.94497156733879,-3.1859934148728706,SSE,55.94469440347903,-3.185878609843161,512.8018403620543,729.5696942706807
55.94469440347903,-3.185878609843161,S,55.94439440347903,-3.185878609843161,512.8018403620543,728.3196942706807
55.94439440347903,-3.185878609843161,NNW,55.94467156733879,-3.1859934148728706,512.8018403620543,727.0696942706807
55.94467156733879,-3.1859934148728706,NNW,55.944948731198544,-3.18610821990258,512.8018403620543,725.8196942706807
55.944948731198544,-3.18610821990258,SSW,55.94467156733879,-3.1862230249322896,512.8018403620543,724.5696942706807
55.94467156733879,-3.1862230249322896,NNW,55.944948731198544,-3.186337829961999,512.8018403620543,723.3196942706807
55.944948731198544,-3.186337829961999,NNW,55.9452258950583,-3.1864526349917086,512.8018403620543,722.0696942706807
55.9452258950583,-3.1864526349917086,W,55.9452258950583,-3.186752634991709,622.2193089456147,817.4374004863981
55.9452258950583,-3.186752634991709,NNE,55.94550305891806,-3.1866378299619993,622.2193089456147,816.1874004863981
55.94550305891806,-3.1866378299619993,WNW,55.94561786394777,-3.1869149938217527,677.4595774427052,879.3702438620791
55.94561786394777,-3.1869149938217527,N,55.94591786394777,-3.1869149938217527,794.1202315911285,909.43168895473
55.94591786394777,-3.1869149938217527,SE,55.945705731913414,-3.186702861787397,794.1202315911285,908.18168895473
55.945705731913414,-3.186702861787397,N,55.94600573191342,-3.186702861787397,794.1202315911285,906.93168895473
55.94600573191342,-3.186702861787397,NE,55.94621786394777,-3.186490729753041,794.1202315911285,905.68168895473
55.94621786394777,-3.186490729753041,WSW,55.94610305891806,-3.1867678936127946,794.1202315911285,904.43168895473
55.94610305891806,-3.1867678936127946,S,55.94580305891806,-3.1867678936127946,794.1202315911285,903.18168895473
55.94580305891806,-3.1867678936127946,S,55.94550305891806,-3.1867678936127946,794.1202315911285,901.93168895473
55.94550305891806,-3.1867678936127946,WNW,55.94561786394777,-3.187045057472548,794.1202315911285,900.68168895473
55.94561786394777,-3.187045057472548,NE,55.94582999598212,-3.186832925438192,794.1202315911285,899.43168895473
55.94582999598212,-3.186832925438192,SE,55.94561786394777,-3.1866207934038364,794.1202315911285,898.18168895473
55.94561786394777,-3.1866207934038364,NNW,55.94589502780752,-3.186735598433546,794.1202315911285,896.93168895473
55.94589502780752,-3.186735598433546,SSW,55.94561786394777,-3.1868504034632554,794.1202315911285,895.68168895473
55.94561786394777,-3.1868504034632554,NNE,55.94589502780752,-3.186735598433546,794.1202315911285,894.43168895473
55.94589502780752,-3.186735598433546,SW,55.94568289577317,-3.1869477304679017,794.1202315911285,893.18168895473
55.94568289577317,-3.1869477304679017,SE,55.94547076373881,-3.186735598433546,794.1202315911285,891.93168895473
55.94547076373881,-3.186735598433546,NNE,55.94574792759857,-3.1866207934038364,794.1202315911285,890.68168895473
55.94574792759857,-3.1866207934038364,SSE,55.94547076373881,-3.186505988374127,794.1202315911285,889.43168895473
55.94547076373881,-3.186505988374127,SE,55.945258631704455,-3.186293856339771,794.1202315911285,888.18168895473
55.945258631704455,-3.186293856339771,SW,55.9450464996701,-3.186505988374127,794.1202315911285,886.93168895473
55.9450464996701,-3.186505988374127,ENE,55.94516130469981,-3.1862288245143735,794.1202315911285,885.68168895473
55.94516130469981,-3.1862288245143735,NE,55.945373436734165,-3.1860166924800177,794.1202315911285,884.43168895473
55.945373436734165,-3.1860166924800177,NNE,55.94565060059392,-3.1859018874503082,849.9072991251572,955.2591608037727
55.94565060059392,-3.1859018874503082,N,55.945950600593925,-3.1859018874503082,894.041594823787,1032.523631014867
55.945950600593925,-3.1859018874503082,ESE,55.945835795564214,-3.185624723590555,894.041594823787,1031.273631014867
55.945835795564214,-3.185624723590555,NNE,55.94611295942397,-3.1855099185608453,894.041594823787,1030.023631014867
55.94611295942397,-3.1855099185608453,ENE,55.94622776445368,-3.185232754701092,894.041594823787,1028.773631014867
55.94622776445368,-3.185232754701092,WSW,55.94611295942397,-3.1855099185608453,894.041594823787,1027.523631014867
55.94611295942397,-3.1855099185608453,ESE,55.94599815439426,-3.185232754701092,894.041594823787,1026.273631014867
55.94599815439426,-3.185232754701092,ENE,55.94611295942397,-3.1849555908413385,894.041594823787,1025.023631014867
55.94611295942397,-3.1849555908413385,ENE,55.94622776445368,-3.184678426981585,894.041594823787,1023.7736310148671
55.94622776445368,-3.184678426981585,SE,55.946015632419325,-3.1844662949472293,894.041594823787,1022.5236310148671
55.946015632419325,-3.1844662949472293,NW,55.94622776445368,-3.184678426981585,894.041594823787,1021.2736310148671
55.94622776445368,-3.184678426981585,SE,55.946015632419325,-3.1844662949472293,894.041594823787,1020.0236310148671
55.946015632419325,-3.1844662949472293,WNW,55.946130437449035,-3.1847434588069827,894.041594823787,1018.7736310148671
55.946130437449035,-3.1847434588069827,WSW,55.946015632419325,-3.185020622666736,894.041594823787,1017.5236310148671
55.946015632419325,-3.185020622666736,NW,55.94622776445368,-3.185232754701092,894.041594823787,1016.2736310148671
55.94622776445368,-3.185232754701092,S,55.94592776445368,-3.185232754701092,894.041594823787,1015.0236310148671
55.94592776445368,-3.185232754701092,SSW,55.94565060059392,-3.1853475597308014,894.041594823787,1013.7736310148671
55.94565060059392,-3.1853475597308014,SSW,55.945373436734165,-3.185462364760511,894.041594823787,1012.5236310148671
55.945373436734165,-3.185462364760511,E,55.945373436734165,-3.1851623647605107,894.041594823787,1011.2736310148671
55.945373436734165,-3.1851623647605107,NE,55.94558556876852,-3.184950232726155,894.041594823787,1010.0236310148671
55.94558556876852,-3.184950232726155,SSE,55.945308404908765,-3.1848354276964455,894.041594823787,1008.7736310148671
55.945308404908765,-3.1848354276964455,S,55.94500840490876,-3.1848354276964455,932.1634541960623,1046.0410427231586
55.94500840490876,-3.1848354276964455,ESE,55.94489359987905,-3.184558263836692,957.112066095474,1089.346919853956
55.94489359987905,-3.184558263836692,W,55.94489359987905,-3.1848582638366922,957.112066095474,1088.096919853956
55.94489359987905,-3.1848582638366922,ESE,55.94477879484934,-3.184581099976939,957.112066095474,1086.846919853956
55.94477879484934,-3.184581099976939,NNW,55.9450559587091,-3.1846959050066483,957.112066095474,1085.596919853956
55.9450559587091,-3.1846959050066483,NE,55.945268090743454,-3.1844837729722926,957.112066095474,1084.346919853956
55.945268090743454,-3.1844837729722926,SW,55.9450559587091,-3.1846959050066483,957.112066095474,1083.096919853956
55.9450559587091,-3.1846959050066483,NNW,55.945333122568854,-3.184810710036358,957.112066095474,1081.846919853956
55.945333122568854,-3.184810710036358,SE,55.9451209905345,-3.184598578002002,957.112066095474,1080.596919853956
55.9451209905345,-3.184598578002002,ESE,55.94500618550479,-3.1843214141422487,957.112066095474,1079.346919853956
55.94500618550479,-3.1843214141422487,NNW,55.945283349364544,-3.184436219171958,957.112066095474,1078.096919853956
55.945283349364544,-3.184436219171958,W,55.945283349364544,-3.1847362191719584,957.112066095474,1076.846919853956
55.945283349364544,-3.1847362191719584,S,55.94498334936454,-3.1847362191719584,957.112066095474,1075.596919853956
55.94498334936454,-3.1847362191719584,NE,55.9451954813989,-3.1845240871376026,957.112066095474,1074.346919853956
55.9451954813989,-3.1845240871376026,WSW,55.94508067636919,-3.184801250997356,957.112066095474,1073.096919853956
55.94508067636919,-3.184801250997356,NNE,55.945357840228944,-3.1846864459676465,957.112066095474,1071.846919853956
55.945357840228944,-3.1846864459676465,ESE,55.94524303519923,-3.184409282107893,957.112066095474,1070.596919853956
55.94524303519923,-3.184409282107893,S,55.94494303519923,-3.184409282107893,957.112066095474,1069.346919853956
55.94494303519923,-3.184409282107893,WSW,55.94482823016952,-3.1846864459676465,957.112066095474,1068.096919853956
55.94482823016952,-3.1846864459676465,NW,55.945040362203876,-3.1848985780020023,957.112066095474,1066.846919853956
55.945040362203876,-3.1848985780020023,NNE,55.94531752606363,-3.1847837729722928,957.112066095474,1065.596919853956
55.94531752606363,-3.1847837729722928,S,55.94501752606363,-3.1847837729722928,957.112066095474,1064.346919853956
55.94501752606363,-3.1847837729722928,SW,55.944805394029274,-3.1849959050066485,957.112066095474,1063.096919853956
55.944805394029274,-3.1849959050066485,ENE,55.944920199058984,-3.184718741146895,957.112066095474,1061.846919853956
55.944920199058984,-3.184718741146895,ENE,55.945035004088695,-3.1844415772871417,957.112066095474,1060.596919853956
55.945035004088695,-3.1844415772871417,WSW,55.944920199058984,-3.184718741146895,957.112066095474,1059.346919853956
55.944920199058984,-3.184718741146895,ENE,55.945035004088695,-3.1844415772871417,957.112066095474,1058.096919853956
55.945035004088695,-3.1844415772871417,NNE,55.94531216794845,-3.184326772257432,957.112066095474,1056.846919853956
55.94531216794845,-3.184326772257432,WNW,55.94542697297816,-3.1846039361171856,957.112066095474,1055.596919853956
55.94542697297816,-3.1846039361171856,WNW,55.94554177800787,-3.184881099976939,957.112066095474,1054.346919853956
55.94554177800787,-3.184881099976939,ESE,55.94542697297816,-3.1846039361171856,957.112066095474,1053.096919853956
55.94542697297816,-3.1846039361171856,SSE,55.945149809118405,-3.184489131087476,957.112066095474,1051.846919853956
55.945149809118405,-3.184489131087476,WSW,55.945035004088695,-3.1847662949472295,957.112066095474,1050.596919853956
55.945035004088695,-3.1847662949472295,WSW,55.944920199058984,-3.185043458806983,957.112066095474,1049.346919853956
55.944920199058984,-3.185043458806983,W,55.944920199058984,-3.185343458806983,957.112066095474,1048.096919853956
55.944920199058984,-3.185343458806983,NW,55.94513233109334,-3.185555590841339,957.112066095474,1046.846919853956
55.94513233109334,-3.185555590841339,SSW,55.944855167233584,-3.1856703958710484,957.112066095474,1045.596919853956
55.944855167233584,-3.1856703958710484,S,55.94455516723358,-3.1856703958710484,957.112066095474,1044.346919853956
55.94455516723358,-3.1856703958710484,SE,55.944343035199225,-3.1854582638366926,957.112066095474,1043.096919853956
55.944343035199225,-3.1854582638366926,NE,55.94455516723358,-3.185246131802337,957.112066095474,1041.846919853956
55.94455516723358,-3.185246131802337,SE,55.944343035199225,-3.185033999767981,957.112066095474,1040.596919853956
55.944343035199225,-3.185033999767981,NE,55.94455516723358,-3.1848218677336253,957.112066095474,1039.346919853956
55.94455516723358,-3.1848218677336253,S,55.94425516723358,-3.1848218677336253,957.112066095474,1038.096919853956
55.94425516723358,-3.1848218677336253,ESE,55.94414036220387,-3.184544703873872,957.112066095474,1036.846919853956
55.94414036220387,-3.184544703873872,S,55.943840362203865,-3.184544703873872,957.112066095474,1035.596919853956
55.943840362203865,-3.184544703873872,NNW,55.94411752606362,-3.1846595089035814,957.112066095474,1034.346919853956
55.94411752606362,-3.1846595089035814,SSE,55.943840362203865,-3.184544703873872,957.112066095474,1033.096919853956
55.943840362203865,-3.184544703873872,SSW,55.94356319834411,-3.1846595089035814,957.112066095474,1031.846919853956
55.94356319834411,-3.1846595089035814,ESE,55.9434483933144,-3.184382345043828,957.112066095474,1030.596919853956
55.9434483933144,-3.184382345043828,SW,55.94323626128004,-3.1845944770781838,957.112066095474,1029.346919853956
55.94323626128004,-3.1845944770781838,S,55.94293626128004,-3.1845944770781838,957.112066095474,1028.096919853956
55.94293626128004,-3.1845944770781838,SSE,55.94265909742028,-3.1844796720484743,957.112066095474,1026.846919853956
55.94265909742028,-3.1844796720484743,NW,55.94287122945464,-3.18469180408283,957.112066095474,1025.596919853956
55.94287122945464,-3.18469180408283,SE,55.94265909742028,-3.1844796720484743,957.112066095474,1024.346919853956
55.94265909742028,-3.1844796720484743,N,55.942959097420285,-3.1844796720484743,957.112066095474,1023.096919853956
55.942959097420285,-3.1844796720484743,S,55.94265909742028,-3.1844796720484743,957.112066095474,1021.846919853956
55.94265909742028,-3.1844796720484743,NNW,55.94293626128004,-3.1845944770781838,957.112066095474,1020.596919853956
55.94293626128004,-3.1845944770781838,N,55.94323626128004,-3.1845944770781838,957.112066095474,1019.346919853956
55.94323626128004,-3.1845944770781838,WNW,55.94335106630975,-3.184871640937937,957.112066095474,1018.096919853956
55.94335106630975,-3.184871640937937,SW,55.943138934275396,-3.185083772972293,957.112066095474,1016.846919853956
55.943138934275396,-3.185083772972293,WNW,55.943253739305106,-3.1853609368320464,957.112066095474,1015.596919853956
55.943253739305106,-3.1853609368320464,SW,55.94304160727075,-3.185573068866402,957.112066095474,1014.346919853956
55.94304160727075,-3.185573068866402,SSW,55.942764443410994,-3.1856878738961116,957.112066095474,1013.096919853956
55.942764443410994,-3.1856878738961116,NW,55.94297657544535,-3.1859000059304674,957.112066095474,1011.846919853956
55.94297657544535,-3.1859000059304674,NW,55.943188707479706,-3.186112137964823,957.112066095474,1010.596919853956
55.943188707479706,-3.186112137964823,N,55.94348870747971,-3.186112137964823,1074.3472517543287,1123.4910527776533
55.94348870747971,-3.186112137964823,SW,55.94327657544535,-3.186324269999179,1074.3472517543287,1122.2410527776533
55.94327657544535,-3.186324269999179,W,55.94327657544535,-3.186624269999179,1164.3722053220679,1203.6091251848497
55.94327657544535,-3.186624269999179,W,55.94327657544535,-3.1869242699991793,1221.172308786603,1253.235505415428
55.94327657544535,-3.1869242699991793,ENE,55.94339138047506,-3.186647106139426,1221.172308786603,1251.985505415428
55.94339138047506,-3.186647106139426,NNW,55.94366854433482,-3.1867619111691354,1318.2175441514037,1340.197625075891
55.94366854433482,-3.1867619111691354,E,55.94366854433482,-3.1864619111691352,1423.5747193469172,1346.4105388238524
55.94366854433482,-3.1864619111691352,NW,55.943880676369176,-3.186674043203491,1423.5747193469172,1345.1605388238524
55.943880676369176,-3.186674043203491,ESE,55.943765871339465,-3.1863968793437376,1423.5747193469172,1343.9105388238524
55.943765871339465,-3.1863968793437376,WSW,55.943651066309755,-3.186674043203491,1423.5747193469172,1342.6605388238524
55.943651066309755,-3.186674043203491,N,55.94395106630976,-3.186674043203491,1423.5747193469172,1341.4105388238524
55.94395106630976,-3.186674043203491,NNW,55.944228230169514,-3.1867888482332005,1423.5747193469172,1340.1605388238524
55.944228230169514,-3.1867888482332005,NNW,55.94450539402927,-3.18690365326291,1423.5747193469172,1338.9105388238524
55.94450539402927,-3.18690365326291,SW,55.944293261994915,-3.187115785297266,1423.5747193469172,1337.6605388238524
55.944293261994915,-3.187115785297266,SSE,55.94401609813516,-3.1870009802675563,1423.5747193469172,1336.4105388238524
55.94401609813516,-3.1870009802675563,S,55.943716098135155,-3.1870009802675563,1423.5747193469172,1335.1605388238524
55.943716098135155,-3.1870009802675563,E,55.943716098135155,-3.186700980267556,1423.5747193469172,1333.9105388238524
55.943716098135155,-3.186700980267556,NNE,55.94399326199491,-3.1865861752378466,1423.5747193469172,1332.6605388238524
55.94399326199491,-3.1865861752378466,WNW,55.94410806702462,-3.1868633390976,1423.5747193469172,1331.4105388238524
55.94410806702462,-3.1868633390976,E,55.94410806702462,-3.1865633390976,1423.5747193469172,1330.1605388238524
55.94410806702462,-3.1865633390976,S,55.94380806702462,-3.1865633390976,1423.5747193469172,1328.9105388238524
55.94380806702462,-3.1865633390976,SE,55.94359593499026,-3.186351207063244,1423.5747193469172,1327.6605388238524
55.94359593499026,-3.186351207063244,SSW,55.94331877113051,-3.1864660120929535,1423.5747193469172,1326.4105388238524
55.94331877113051,-3.1864660120929535,W,55.94331877113051,-3.1867660120929537,1423.5747193469172,1325.1605388238524
55.94331877113051,-3.1867660120929537,WNW,55.94343357616022,-3.187043175952707,1423.5747193469172,1323.9105388238524
55.94343357616022,-3.187043175952707,WSW,55.94331877113051,-3.1873203398124605,1423.5747193469172,1322.6605388238524
55.94331877113051,-3.1873203398124605,W,55.94331877113051,-3.1876203398124607,1501.2541387551794,1342.4413468644473
55.94331877113051,-3.1876203398124607,E,55.94331877113051,-3.1873203398124605,1501.2541387551794,1341.1913468644473
55.94331877113051,-3.1873203398124605,S,55.943018771130504,-3.1873203398124605,1501.2541387551794,1339.9413468644473
55.943018771130504,-3.1873203398124605,S,55.9427187711305,-3.1873203398124605,1522.6465646890565,1458.8986376382923
55.9427187711305,-3.1873203398124605,NNE,55.94299593499026,-3.187205534782751,1522.6465646890565,1457.6486376382923
55.94299593499026,-3.187205534782751,NW,55.943208067024614,-3.187417666817107,1522.6465646890565,1456.3986376382923
55.943208067024614,-3.187417666817107,NNW,55.94348523088437,-3.1875324718468163,1522.6465646890565,1455.1486376382923
55.94348523088437,-3.1875324718468163,ENE,55.94360003591408,-3.187255307987063,1522.6465646890565,1453.8986376382923
55.94360003591408,-3.187255307987063,ENE,55.94371484094379,-3.1869781441273095,1522.6465646890565,1452.6486376382923
55.94371484094379,-3.1869781441273095,ENE,55.9438296459735,-3.186700980267556,1522.6465646890565,1451.3986376382923
55.9438296459735,-3.186700980267556,ESE,55.94371484094379,-3.1864238164078027,1522.6465646890565,1450.1486376382923
55.94371484094379,-3.1864238164078027,SE,55.943502708909435,-3.186211684373447,1522.6465646890565,1448.8986376382923
55.943502708909435,-3.186211684373447,S,55.94320270890943,-3.186211684373447,1522.6465646890565,1447.6486376382923
55.94320270890943,-3.186211684373447,N,55.943502708909435,-3.186211684373447,1522.6465646890565,1446.3986376382923
55.943502708909435,-3.186211684373447,WSW,55.943387903879724,-3.1864888482332003,1522.6465646890565,1445.1486376382923
55.943387903879724,-3.1864888482332003,NW,55.94360003591408,-3.186700980267556,1522.6465646890565,1443.8986376382923
55.94360003591408,-3.186700980267556,WNW,55.94371484094379,-3.1869781441273095,1522.6465646890565,1442.6486376382923
55.94371484094379,-3.1869781441273095,W,55.94371484094379,-3.1872781441273097,1522.6465646890565,1441.3986376382923
55.94371484094379,-3.1872781441273097,ESE,55.94360003591408,-3.1870009802675563,1522.6465646890565,1440.1486376382923
55.94360003591408,-3.1870009802675563,NNE,55.94387719977384,-3.186886175237847,1522.6465646890565,1438.8986376382923
55.94387719977384,-3.186886175237847,SW,55.94366506773948,-3.1870983072722026,1522.6465646890565,1437.6486376382923
55.94366506773948,-3.1870983072722026,SW,55.943452935705125,-3.1873104393065583,1522.6465646890565,1436.3986376382923
55.943452935705125,-3.1873104393065583,ENE,55.943567740734835,-3.187033275446805,1522.6465646890565,1435.1486376382923
55.943567740734835,-3.187033275446805,SE,55.94335560870048,-3.186821143412449,1522.6465646890565,1433.8986376382923
55.94335560870048,-3.186821143412449,SSE,55.94307844484072,-3.1867063383827396,1522.6465646890565,1432.6486376382923
55.94307844484072,-3.1867063383827396,N,55.943378444840725,-3.1867063383827396,1522.6465646890565,1431.3986376382923
55.943378444840725,-3.1867063383827396,WSW,55.943263639811015,-3.186983502242493,1522.6465646890565,1430.1486376382923
55.943263639811015,-3.186983502242493,ESE,55.943148834781304,-3.1867063383827396,1522.6465646890565,1428.8986376382923
55.943148834781304,-3.1867063383827396,N,55.94344883478131,-3.1867063383827396,1522.6465646890565,1427.6486376382923
55.944425,-3.188396,N,55.944725000000005,-3.188396,68.65530261674546,332.6757758792565
55.944725000000005,-3.188396,NNW,55.94500216385976,-3.1885108050297095,68.65530261674546,331.4257758792565
55.94500216385976,-3.1885108050297095,WNW,55.94511696888947,-3.188787968889463,150.82163145528978,373.11094020944665
55.94511696888947,-3.188787968889463,W,55.94511696888947,-3.189087968889463,150.82163145528978,371.86094020944665
55.94511696888947,-3.189087968889463,SE,55.944904836855116,-3.1888758368551073,150.82163145528978,370.61094020944665
55.944904836855116,-3.1888758368551073,W,55.944904836855116,-3.1891758368551075,150.82163145528978,369.36094020944665
55.944904836855116,-3.1891758368551075,ESE,55.944790031825406,-3.188898672995354,150.82163145528978,368.11094020944665
55.944790031825406,-3.188898672995354,SSW,55.94451286796565,-3.1890134780250636,150.82163145528978,366.86094020944665
55.94451286796565,-3.1890134780250636,NE,55.944725000000005,-3.188801345990708,150.82163145528978,365.61094020944665
55.944725000000005,-3.188801345990708,S,55.944425,-3.188801345990708,150.82163145528978,364.36094020944665
55.944425,-3.188801345990708,S,55.944125,-3.188801345990708,150.82163145528978,363.11094020944665
55.944125,-3.188801345990708,N,55.944425,-3.188801345990708,150.82163145528978,361.86094020944665
55.944425,-3.188801345990708,ESE,55.94431019497029,-3.1885241821309545,150.82163145528978,360.61094020944665
55.94431019497029,-3.1885241821309545,W,55.94431019497029,-3.1888241821309546,150.82163145528978,359.36094020944665
55.94431019497029,-3.1888241821309546,SSW,55.944033031110536,-3.188938987160664,150.82163145528978,358.11094020944665
55.944033031110536,-3.188938987160664,ENE,55.944147836140246,-3.1886618233009107,150.82163145528978,356.86094020944665
55.944147836140246,-3.1886618233009107,E,55.944147836140246,-3.1883618233009106,150.82163145528978,355.61094020944665
55.944147836140246,-3.1883618233009106,NNW,55.944425,-3.18847662833062,150.82163145528978,354.36094020944665
55.944425,-3.18847662833062,SSE,55.944147836140246,-3.1883618233009106,150.82163145528978,353.11094020944665
55.944147836140246,-3.1883618233009106,SW,55.94393570410589,-3.1885739553352663,150.82163145528978,351.86094020944665
55.94393570410589,-3.1885739553352663,N,55.94423570410589,-3.1885739553352663,150.82163145528978,350.61094020944665
55.94423570410589,-3.1885739553352663,WSW,55.94412089907618,-3.1888511191950197,150.82163145528978,349.36094020944665
55.94412089907618,-3.1888511191950197,SE,55.943908767041826,-3.188638987160664,150.82163145528978,348.11094020944665
55.943908767041826,-3.188638987160664,S,55.94360876704182,-3.188638987160664,150.82163145528978,346.86094020944665
55.94360876704182,-3.188638987160664,WNW,55.943723572071534,-3.1889161510204174,150.82163145528978,345.61094020944665
55.943723572071534,-3.1889161510204174,SW,55.94351144003718,-3.189128283054773,150.82163145528978,344.36094020944665
55.94351144003718,-3.189128283054773,SE,55.94329930800282,-3.1889161510204174,150.82163145528978,343.11094020944665
55.94329930800282,-3.1889161510204174,SSW,55.943022144143065,-3.189030956050127,158.23973494317417,463.83240995254664
55.943022144143065,-3.189030956050127,NE,55.94323427617742,-3.188818824015771,158.23973494317417,462.58240995254664
55.94323427617742,-3.188818824015771,N,55.943534276177424,-3.188818824015771,158.23973494317417,461.33240995254664
55.943534276177424,-3.188818824015771,N,55.94383427617743,-3.188818824015771,158.23973494317417,460.08240995254664
55.94383427617743,-3.188818824015771,ENE,55.94394908120714,-3.1885416601560177,158.23973494317417,458.83240995254664
55.94394908120714,-3.1885416601560177,NNW,55.94422624506689,-3.188656465185727,158.23973494317417,457.58240995254664
55.94422624506689,-3.188656465185727,NE,55.94443837710125,-3.1884443331513714,158.23973494317417,456.33240995254664
55.94443837710125,-3.1884443331513714,W,55.94443837710125,-3.1887443331513716,158.23973494317417,455.08240995254664
55.94443837710125,-3.1887443331513716,SSE,55.94416121324149,-3.188629528121662,158.23973494317417,453.83240995254664
55.94416121324149,-3.188629528121662,SE,55.94394908120714,-3.1884173960873063,158.23973494317417,452.58240995254664
55.94394908120714,-3.1884173960873063,ESE,55.94383427617743,-3.188140232227553,264.7302603625393,486.29114940354094
55.94383427617743,-3.188140232227553,N,55.94413427617743,-3.188140232227553,264.7302603625393,485.04114940354094
55.94413427617743,-3.188140232227553,WNW,55.94424908120714,-3.1884173960873063,264.7302603625393,483.79114940354094
55.94424908120714,-3.1884173960873063,ESE,55.94413427617743,-3.188140232227553,264.7302603625393,482.54114940354094
55.94413427617743,-3.188140232227553,S,55.94383427617743,-3.188140232227553,264.7302603625393,481.29114940354094
55.94383427617743,-3.188140232227553,NNE,55.94411144003718,-3.1880254271978434,264.7302603625393,480.04114940354094
55.94411144003718,-3.1880254271978434,NNW,55.94438860389694,-3.188140232227553,264.7302603625393,478.79114940354094
55.94438860389694,-3.188140232227553,WSW,55.94427379886723,-3.1884173960873063,264.7302603625393,477.54114940354094
55.94427379886723,-3.1884173960873063,N,55.94457379886723,-3.1884173960873063,264.7302603625393,476.29114940354094
55.94457379886723,-3.1884173960873063,WSW,55.94445899383752,-3.1886945599470597,264.7302603625393,475.04114940354094
55.94445899383752,-3.1886945599470597,ESE,55.94434418880781,-3.1884173960873063,264.7302603625393,473.79114940354094
55.94434418880781,-3.1884173960873063,W,55.94434418880781,-3.1887173960873065,264.7302603625393,472.54114940354094
55.94434418880781,-3.1887173960873065,N,55.944644188807814,-3.1887173960873065,264.7302603625393,471.29114940354094
55.944644188807814,-3.1887173960873065,SE,55.94443205677346,-3.1885052640529508,264.7302603625393,470.04114940354094
55.94443205677346,-3.1885052640529508,NNW,55.944709220633214,-3.1886200690826603,264.7302603625393,468.79114940354094
55.944709220633214,-3.1886200690826603,ENE,55.944824025662925,-3.188342905222907,264.7302603625393,467.54114940354094
55.944824025662925,-3.188342905222907,SSE,55.94454686180317,-3.1882281001931974,264.7302603625393,466.29114940354094
55.94454686180317,-3.1882281001931974,SE,55.94433472976881,-3.1880159681588416,264.7302603625393,465.04114940354094
55.94433472976881,-3.1880159681588416,NNW,55.94461189362857,-3.188130773188551,264.7302603625393,463.79114940354094
55.94461189362857,-3.188130773188551,SSE,55.94433472976881,-3.1880159681588416,264.7302603625393,462.54114940354094
55.94433472976881,-3.1880159681588416,SW,55.944122597734456,-3.1882281001931974,264.7302603625393,461.29114940354094
55.944122597734456,-3.1882281001931974,NE,55.94433472976881,-3.1880159681588416,264.7302603625393,460.04114940354094
55.94433472976881,-3.1880159681588416,SE,55.944122597734456,-3.187803836124486,264.7302603625393,458.79114940354094
55.944122597734456,-3.187803836124486,NNE,55.94439976159421,-3.1876890310947763,264.7302603625393,457.54114940354094
55.94439976159421,-3.1876890310947763,E,55.94439976159421,-3.187389031094776,264.7302603625393,456.29114940354094
55.94439976159421,-3.187389031094776,E,55.94439976159421,-3.187089031094776,383.7172781815691,491.67930951866964
55.94439976159421,-3.187089031094776,NNE,55.94467692545397,-3.1869742260650664,383.7172781815691,490.42930951866964
55.94467692545397,-3.1869742260650664,ENE,55.94479173048368,-3.186697062205313,383.7172781815691,489.17930951866964
55.94479173048368,-3.186697062205313,ENE,55.94490653551339,-3.1864198983455596,383.7172781815691,487.92930951866964
55.94490653551339,-3.1864198983455596,S,55.94460653551339,-3.1864198983455596,383.7172781815691,486.67930951866964
55.94460653551339,-3.1864198983455596,SE,55.94439440347903,-3.186207766311204,383.7172781815691,485.42930951866964
55.94439440347903,-3.186207766311204,E,55.94439440347903,-3.1859077663112036,393.78140435251885,566.645627482024
55.94439440347903,-3.1859077663112036,SE,55.944182271444674,-3.185695634276848,429.50041985530646,619.6909612078227
55.944182271444674,-3.185695634276848,W,55.944182271444674,-3.185995634276848,429.50041985530646,618.4409612078227
55.944182271444674,-3.185995634276848,NNE,55.94445943530443,-3.1858808292471386,429.50041985530646,617.1909612078227
55.94445943530443,-3.1858808292471386,WSW,55.94434463027472,-3.186157993106892,429.50041985530646,615.9409612078227
55.94434463027472,-3.186157993106892,NNE,55.94462179413448,-3.1860431880771825,429.50041985530646,614.6909612078227
55.94462179413448,-3.1860431880771825,NE,55.94483392616883,-3.1858310560428267,429.50041985530646,613.4409612078227
55.94483392616883,-3.1858310560428267,N,55.945133926168836,-3.1858310560428267,512.8018403620543,733.3196942706807
55.945133926168836,-3.1858310560428267,WNW,55.94524873119855,-3.18610821990258,512.8018403620543,732.0696942706807
55.94524873119855,-3.18610821990258,SSE,55.94497156733879,-3.1859934148728706,512.8018403620543,730.8196942706807
55.94497156733879,-3.1859934148728706,SSE,55.94469440347903,-3.185878609843161,512.8018403620543,729.5696942706807
55.94469440347903,-3.185878609843161,S,55.94439440347903,-3.185878609843161,512.8018403620543,728.3196942706807
55.94439440347903,-3.185878609843161,NNW,55.94467156733879,-3.1859934148728706,512.8018403620543,727.0696942706807
55.94467156733879,-3.1859934148728706,NNW,55.944948731198544,-3.18610821990258,512.8018403620543,725.8196942706807
55.944948731198544,-3.18610821990258,SSW,55.94467156733879,-3.1862230249322896,512.8018403620543,724.5696942706807
55.94467156733879,-3.1862230249322896,NNW,55.944948731198544,-3.186337829961999,512.8018403620543,723.3196942706807
55.944948731198544,-3.186337829961999,NNW,55.9452258950583,-3.1864526349917086,512.8018403620543,722.0696942706807
55.9452258950583,-3.1864526349917086,W,55.9452258950583,-3.186752634991709,622.2193089456147,817.4374004863981
55.9452258950583,-3.186752634991709,NNE,55.94550305891806,-3.1866378299619993,622.2193089456147,816.1874004863981
55.94550305891806,-3.1866378299619993,WNW,55.94561786394777,-3.1869149938217527,677.4595774427052,879.3702438620791
55.94561786394777,-3.1869149938217527,N,55.94591786394777,-3.1869149938217527,794.1202315911285,909.43168895473
55.94591786394777,-3.1869149938217527,SE,55.945705731913414,-3.186702861787397,794.1202315911285,908.18168895473
55.945705731913414,-3.186702861787397,N,55.94600573191342,-3.186702861787397,794.1202315911285,906.93168895473
55.94600573191342,-3.186702861787397,NE,55.94621786394777,-3.186490729753041,794.1202315911285,905.68168895473
55.94621786394777,-3.186490729753041,WSW,55.94610305891806,-3.1867678936127946,794.1202315911285,904.43168895473
55.94610305891806,-3.1867678936127946,S,55.94580305891806,-3.1867678936127946,794.1202315911285,903.18168895473
55.94580305891806,-3.1867678936127946,S,55.94550305891806,-3.1867678936127946,794.1202315911285,901.93168895473
55.94550305891806,-3.1867678936127946,WNW,55.94561786394777,-3.187045057472548,794.1202315911285,900.68168895473
55.94561786394777,-3.187045057472548,NE,55.94582999598212,-3.186832925438192,794.1202315911285,899.43168895473
55.94582999598212,-3.186832925438192,SE,55.94561786394777,-3.1866207934038364,794.1202315911285,898.18168895473
55.94561786394777,-3.1866207934038364,NNW,55.94589502780752,-3.186735598433546,794.1202315911285,896.93168895473
55.94589502780752,-3.186735598433546,SSW,55.94561786394777,-3.1868504034632554,794.1202315911285,895.68168895473
55.94561786394777,-3.1868504034632554,NNE,55.94589502780752,-3.186735598433546,794.1202315911285,894.43168895473
55.94589502780752,-3.186735598433546,SW,55.94568289577317,-3.1869477304679017,794.1202315911285,893.18168895473
55.94568289577317,-3.1869477304679017,SE,55.94547076373881,-3.186735598433546,794.1202315911285,891.93168895473
55.94547076373881,-3.186735598433546,NNE,55.94574792759857,-3.1866207934038364,794.1202315911285,890.68168895473
55.94574792759857,-3.1866207934038364,SSE,55.94547076373881,-3.186505988374127,794.1202315911285,889.43168895473
55.94547076373881,-3.186505988374127,SE,55.945258631704455,-3.186293856339771,794.1202315911285,888.18168895473
55.945258631704455,-3.186293856339771,SW,55.9450464996701,-3.186505988374127,794.1202315911285,886.93168895473
55.9450464996701,-3.186505988374127,ENE,55.94516130469981,-3.1862288245143735,794.1202315911285,885.68168895473
55.94516130469981,-3.1862288245143735,NE,55.945373436734165,-3.1860166924800177,794.1202315911285,884.43168895473
55.945373436734165,-3.1860166924800177,NNE,55.94565060059392,-3.1859018874503082,849.9072991251572,955.2591608037727
55.94565060059392,-3.1859018874503082,N,55.945950600593925,-3.1859018874503082,894.041594823787,1032.523631014867
55.945950600593925,-3.1859018874503082,ESE,55.945835795564214,-3.185624723590555,894.041594823787,1031.273631014867
55.945835795564214,-3.185624723590555,NNE,55.94611295942397,-3.1855099185608453,894.041594823787,1030.023631014867
55.94611295942397,-3.1855099185608453,ENE,55.94622776445368,-3.185232754701092,894.041594823787,1028.773631014867
55.94622776445368,-3.185232754701092,WSW,55.94611295942397,-3.1855099185608453,894.041594823787,1027.523631014867
55.94611295942397,-3.1855099185608453,ESE,55.94599815439426,-3.185232754701092,894.041594823787,1026.273631014867
55.94599815439426,-3.185232754701092,ENE,55.94611295942397,-3.1849555908413385,894.041594823787,1025.023631014867
55.94611295942397,-3.1849555908413385,ENE,55.94622776445368,-3.184678426981585,894.041594823787,1023.7736310148671
55.94622776445368,-3.184678426981585,SE,55.946015632419325,-3.1844662949472293,894.041594823787,1022.5236310148671
55.946015632419325,-3.1844662949472293,NW,55.94622776445368,-3.184678426981585,894.041594823787,1021.2736310148671
55.94622776445368,-3.184678426981585,SE,55.946015632419325,-3.1844662949472293,894.041594823787,1020.0236310148671
55.946015632419325,-3.1844662949472293,WNW,55.946130437449035,-3.1847434588069827,894.041594823787,1018.7736310148671
55.946130437449035,-3.1847434588069827,WSW,55.946015632419325,-3.185020622666736,894.041594823787,1017.5236310148671
55.946015632419325,-3.185020622666736,NW,55.94622776445368,-3.185232754701092,894.041594823787,1016.2736310148671
55.94622776445368,-3.185232754701092,S,55.94592776445368,-3.185232754701092,894.041594823787,1015.0236310148671
55.94592776445368,-3.185232754701092,SSW,55.94565060059392,-3.1853475597308014,894.041594823787,1013.7736310148671
55.94565060059392,-3.1853475597308014,SSW,55.945373436734165,-3.185462364760511,894.041594823787,1012.5236310148671
55.945373436734165,-3.185462364760511,E,55.945373436734165,-3.1851623647605107,894.041594823787,1011.2736310148671
55.945373436734165,-3.1851623647605107,NE,55.94558556876852,-3.184950232726155,894.041594823787,1010.0236310148671
55.94558556876852,-3.184950232726155,SSE,55.945308404908765,-3.1848354276964455,894.041594823787,1008.7736310148671
55.945308404908765,-3.1848354276964455,S,55.94500840490876,-3.1848354276964455,932.1634541960623,1046.0410427231586
55.94500840490876,-3.1848354276964455,ESE,55.94489359987905,-3.184558263836692,957.112066095474,1089.346919853956
55.94489359987905,-3.184558263836692,W,55.94489359987905,-3.1848582638366922,957.112066095474,1088.096919853956
55.94489359987905,-3.1848582638366922,ESE,55.94477879484934,-3.184581099976939,957.112066095474,1086.846919853956
55.94477879484934,-3.184581099976939,NNW,55.9450559587091,-3.1846959050066483,957.112066095474,1085.596919853956
55.9450559587091,-3.1846959050066483,NE,55.945268090743454,-3.1844837729722926,957.112066095474,1084.346919853956
55.945268090743454,-3.1844837729722926,SW,55.9450559587091,-3.1846959050066483,957.112066095474,1083.096919853956
55.9450559587091,-3.1846959050066483,NNW,55.945333122568854,-3.184810710036358,957.112066095474,1081.846919853956
55.945333122568854,-3.184810710036358,SE,55.9451209905345,-3.184598578002002,957.112066095474,1080.596919853956
55.9451209905345,-3.184598578002002,ESE,55.94500618550479,-3.1843214141422487,957.112066095474,1079.346919853956
55.94500618550479,-3.1843214141422487,NNW,55.945283349364544,-3.184436219171958,957.112066095474,1078.096919853956
55.945283349364544,-3.184436219171958,W,55.945283349364544,-3.1847362191719584,957.112066095474,1076.846919853956
55.945283349364544,-3.1847362191719584,S,55.94498334936454,-3.1847362191719584,957.112066095474,1075.596919853956
55.94498334936454,-3.1847362191719584,NE,55.9451954813989,-3.1845240871376026,957.112066095474,1074.346919853956
55.9451954813989,-3.1845240871376026,WSW,55.94508067636919,-3.184801250997356,957.112066095474,1073.096919853956
55.94508067636919,-3.184801250997356,NNE,55.945357840228944,-3.1846864459676465,957.112066095474,1071.846919853956
55.945357840228944,-3.1846864459676465,ESE,55.94524303519923,-3.184409282107893,957.112066095474,1070.596919853956
55.94524303519923,-3.184409282107893,S,55.94494303519923,-3.184409282107893,957.112066095474,1069.346919853956
55.94494303519923,-3.184409282107893,WSW,55.94482823016952,-3.1846864459676465,957.112066095474,1068.096919853956
55.94482823016952,-3.1846864459676465,NW,55.945040362203876,-3.1848985780020023,957.112066095474,1066.846919853956
55.945040362203876,-3.1848985780020023,NNE,55.94531752606363,-3.1847837729722928,957.112066095474,1065.596919853956
55.94531752606363,-3.1847837729722928,S,55.94501752606363,-3.1847837729722928,957.112066095474,1064.346919853956
55.94501752606363,-3.1847837729722928,SW,55.944805394029274,-3.1849959050066485,957.112066095474,1063.096919853956
55.944805394029274,-3.1849959050066485,ENE,55.944920199058984,-3.184718741146895,957.112066095474,1061.846919853956
55.944920199058984,-3.184718741146895,ENE,55.945035004088695,-3.1844415772871417,957.112066095474,1060.596919853956
55.945035004088695,-3.1844415772871417,WSW,55.944920199058984,-3.184718741146895,957.112066095474,1059.346919853956
55.944920199058984,-3.184718741146895,ENE,55.945035004088695,-3.1844415772871417,957.112066095474,1058.096919853956
55.945035004088695,-3.1844415772871417,NNE,55.94531216794845,-3.184326772257432,957.112066095474,1056.846919853956
55.94531216794845,-3.184326772257432,WNW,55.94542697297816,-3.1846039361171856,957.112066095474,1055.596919853956
55.94542697297816,-3.1846039361171856,WNW,55.94554177800787,-3.184881099976939,957.112066095474,1054.346919853956
55.94554177800787,-3.184881099976939,ESE,55.94542697297816,-3.1846039361171856,957.112066095474,1053.096919853956
55.94542697297816,-3.1846039361171856,SSE,55.945149809118405,-3.184489131087476,957.112066095474,1051.846919853956
55.945149809118405,-3.184489131087476,WSW,55.945035004088695,-3.1847662949472295,957.112066095474,1050.596919853956
55.945035004088695,-3.1847662949472295,WSW,55.944920199058984,-3.185043458806983,957.112066095474,1049.346919853956
55.944920199058984,-3.185043458806983,W,55.944920199058984,-3.185343458806983,957.112066095474,1048.096919853956
55.944920199058984,-3.185343458806983,NW,55.94513233109334,-3.185555590841339,957.112066095474,1046.846919853956
55.94513233109334,-3.185555590841339,SSW,55.944855167233584,-3.1856703958710484,957.112066095474,1045.596919853956
55.944855167233584,-3.1856703958710484,S,55.94455516723358,-3.1856703958710484,957.112066095474,1044.346919853956
55.94455516723358,-3.1856703958710484,SE,55.944343035199225,-3.1854582638366926,957.112066095474,1043.096919853956
55.944343035199225,-3.1854582638366926,NE,55.94455516723358,-3.185246131802337,957.112066095474,1041.846919853956
55.94455516723358,-3.185246131802337,SE,55.944343035199225,-3.185033999767981,957.112066095474,1040.596919853956
55.944343035199225,-3.185033999767981,NE,55.94455516723358,-3.1848218677336253,957.112066095474,1039.346919853956
55.94455516723358,-3.1848218677336253,S,55.94425516723358,-3.1848218677336253,957.112066095474,1038.096919853956
55.94425516723358,-3.1848218677336253,ESE,55.94414036220387,-3.184544703873872,957.112066095474,1036.846919853956
55.94414036220387,-3.184544703873872,S,55.943840362203865,-3.184544703873872,957.112066095474,1035.596919853956
55.943840362203865,-3.184544703873872,NNW,55.94411752606362,-3.1846595089035814,957.112066095474,1034.346919853956
55.94411752606362,-3.1846595089035814,SSE,55.943840362203865,-3.184544703873872,957.112066095474,1033.096919853956
55.943840362203865,-3.184544703873872,SSW,55.94356319834411,-3.1846595089035814,957.112066095474,1031.846919853956
55.94356319834411,-3.1846595089035814,ESE,55.9434483933144,-3.184382345043828,957.112066095474,1030.596919853956
55.9434483933144,-3.184382345043828,SW,55.94323626128004,-3.1845944770781838,957.112066095474,1029.346919853956
55.94323626128004,-3.1845944770781838,S,55.94293626128004,-3.1845944770781838,957.112066095474,1028.096919853956
55.94293626128004,-3.1845944770781838,SSE,55.94265909742028,-3.1844796720484743,957.112066095474,1026.846919853956
55.94265909742028,-3.1844796720484743,NW,55.94287122945464,-3.18469180408283,957.112066095474,1025.596919853956
55.94287122945464,-3.18469180408283,SE,55.94265909742028,-3.1844796720484743,957.112066095474,1024.346919853956
55.94265909742028,-3.1844796720484743,N,55.942959097420285,-3.1844796720484743,957.112066095474,1023.096919853956
55.942959097420285,-3.1844796720484743,S,55.94265909742028,-3.1844796720484743,957.112066095474,1021.846919853956
55.94265909742028,-3.1844796720484743,NNW,55.94293626128004,-3.1845944770781838,957.112066095474,1020.596919853956
55.94293626128004,-3.1845944770781838,N,55.94323626128004,-3.1845944770781838,957.112066095474,1019.346919853956
55.94323626128004,-3.1845944770781838,WNW,55.94335106630975,-3.184871640937937,957.112066095474,1018.096919853956
55.94335106630975,-3.184871640937937,SW,55.943138934275396,-3.185083772972293,957.112066095474,1016.846919853956
55.943138934275396,-3.185083772972293,WNW,55.943253739305106,-3.1853609368320464,957.112066095474,1015.596919853956
55.943253739305106,-3.1853609368320464,SW,55.94304160727075,-3.185573068866402,957.112066095474,1014.346919853956
55.94304160727075,-3.185573068866402,SSW,55.942764443410994,-3.1856878738961116,957.112066095474,1013.096919853956
55.942764443410994,-3.1856878738961116,NW,55.94297657544535,-3.1859000059304674,957.112066095474,1011.846919853956
55.94297657544535,-3.1859000059304674,NW,55.943188707479706,-3.186112137964823,957.112066095474,1010.596919853956
55.943188707479706,-3.186112137964823,N,55.94348870747971,-3.186112137964823,1074.3472517543287,1123.4910527776533
55.94348870747971,-3.186112137964823,SW,55.94327657544535,-3.186324269999179,1074.3472517543287,1122.2410527776533
55.94327657544535,-3.186324269999179,W,55.94327657544535,-3.186624269999179,1164.3722053220679,1203.6091251848497
55.94327657544535,-3.186624269999179,W,55.94327657544535,-3.1869242699991793,1221.172308786603,1253.235505415428
55.94327657544535,-3.1869242699991793,ENE,55.94339138047506,-3.186647106139426,1221.172308786603,1251.985505415428
55.94339138047506,-3.186647106139426,NNW,55.94366854433482,-3.1867619111691354,1318.2175441514037,1340.197625075891
55.94366854433482,-3.1867619111691354,E,55.94366854433482,-3.1864619111691352,1423.5747193469172,1346.4105388238524
55.94366854433482,-3.1864619111691352,NW,55.943880676369176,-3.186674043203491,1423.5747193469172,1345.1605388238524
55.943880676369176,-3.186674043203491,ESE,55.943765871339465,-3.1863968793437376,1423.5747193469172,1343.9105388238524
55.943765871339465,-3.1863968793437376,WSW,55.943651066309755,-3.186674043203491,1423.5747193469172,1342.6605388238524
55.943651066309755,-3.186674043203491,N,55.94395106630976,-3.186674043203491,1423.5747193469172,1341.4105388238524
55.94395106630976,-3.186674043203491,NNW,55.944228230169514,-3.1867888482332005,1423.5747193469172,1340.1605388238524
55.944228230169514,-3.1867888482332005,NNW,55.94450539402927,-3.18690365326291,1423.5747193469172,1338.9105388238524
55.94450539402927,-3.18690365326291,SW,55.944293261994915,-3.187115785297266,1423.5747193469172,1337.6605388238524
55.944293261994915,-3.187115785297266,SSE,55.94401609813516,-3.1870009802675563,1423.5747193469172,1336.4105388238524
55.94401609813516,-3.1870009802675563,S,55.943716098135155,-3.1870009802675563,1423.5747193469172,1335.1605388238524
55.943716098135155,-3.1870009802675563,E,55.943716098135155,-3.186700980267556,1423.5747193469172,1333.9105388238524
55.943716098135155,-3.186700980267556,NNE,55.94399326199491,-3.1865861752378466,1423.5747193469172,1332.6605388238524
55.94399326199491,-3.1865861752378466,WNW,55.94410806702462,-3.1868633390976,1423.5747193469172,1331.4105388238524
55.94410806702462,-3.1868633390976,E,55.94410806702462,-3.1865633390976,1423.5747193469172,1330.1605388238524
55.94410806702462,-3.1865633390976,S,55.94380806702462,-3.1865633390976,1423.5747193469172,1328.9105388238524
55.94380806702462,-3.1865633390976,SE,55.94359593499026,-3.186351207063244,1423.5747193469172,1327.6605388238524
55.94359593499026,-3.186351207063244,SSW,55.94331877113051,-3.1864660120929535,1423.5747193469172,1326.4105388238524
55.94331877113051,-3.1864660120929535,W,55.94331877113051,-3.1867660120929537,1423.5747193469172,1325.1605388238524
55.94331877113051,-3.1867660120929537,WNW,55.94343357616022,-3.187043175952707,1423.5747193469172,1323.9105388238524
55.94343357616022,-3.187043175952707,WSW,55.94331877113051,-3.1873203398124605,1423.5747193469172,1322.6605388238524
55.94331877113051,-3.1873203398124605,W,55.94331877113051,-3.1876203398124607,1501.2541387551794,1342.4413468644473
55.94331877113051,-3.1876203398124607,E,55.94331877113051,-3.1873203398124605,1501.2541387551794,1341.1913468644473
55.94331877113051,-3.1873203398124605,S,55.943018771130504,-3.1873203398124605,1501.2541387551794,1339.9413468644473
55.943018771130504,-3.1873203398124605,S,55.9427187711305,-3.1873203398124605,1522.6465646890565,1458.8986376382923
55.9427187711305,-3.1873203398124605,NNE,55.94299593499026,-3.187205534782751,1522.6465646890565,1457.6486376382923
55.94299593499026,-3.187205534782751,NW,55.943208067024614,-3.187417666817107,1522.6465646890565,1456.3986376382923
55.943208067024614,-3.187417666817107,NNW,55.94348523088437,-3.1875324718468163,1522.6465646890565,1455.1486376382923
55.94348523088437,-3.1875324718468163,ENE,55.94360003591408,-3.187255307987063,1522.6465646890565,1453.8986376382923
55.94360003591408,-3.187255307987063,ENE,55.94371484094379,-3.1869781441273095,1522.6465646890565,1452.6486376382923
55.94371484094379,-3.1869781441273095,ENE,55.9438296459735,-3.186700980267556,1522.6465646890565,1451.3986376382923
55.9438296459735,-3.186700980267556,ESE,55.94371484094379,-3.1864238164078027,1522.6465646890565,1450.1486376382923
55.94371484094379,-3.1864238164078027,SE,55.943502708909435,-3.186211684373447,1522.6465646890565,1448.8986376382923
55.943502708909435,-3.186211684373447,S,55.94320270890943,-3.186211684373447,1522.6465646890565,1447.6486376382923
55.94320270890943,-3.186211684373447,N,55.943502708909435,-3.186211684373447,1522.6465646890565,1446.3986376382923
55.943502708909435,-3.186211684373447,WSW,55.943387903879724,-3.1864888482332003,1522.6465646890565,1445.1486376382923
55.943387903879724,-3.1864888482332003,NW,55.94360003591408,-3.186700980267556,1522.6465646890565,1443.8986376382923
55.94360003591408,-3.186700980267556,WNW,55.94371484094379,-3.1869781441273095,1522.6465646890565,1442.6486376382923
55.94371484094379,-3.1869781441273095,W,55.94371484094379,-3.1872781441273097,1522.6465646890565,1441.3986376382923
55.94371484094379,-3.1872781441273097,ESE,55.94360003591408,-3.1870009802675563,1522.6465646890565,1440.1486376382923
55.94360003591408,-3.1870009802675563,NNE,55.94387719977384,-3.186886175237847,1522.6465646890565,1438.8986376382923
55.94387719977384,-3.186886175237847,SW,55.94366506773948,-3.1870983072722026,1522.6465646890565,1437.6486376382923
55.94366506773948,-3.1870983072722026,SW,55.943452935705125,-3.1873104393065583,1522.6465646890565,1436.3986376382923
55.943452935705125,-3.1873104393065583,ENE,55.943567740734835,-3.187033275446805,1522.6465646890565,1435.1486376382923
55.943567740734835,-3.187033275446805,SE,55.94335560870048,-3.186821143412449,1522.6465646890565,1433.8986376382923
55.94335560870048,-3.186821143412449,SSE,55.94307844484072,-3.1867063383827396,1522.6465646890565,1432.6486376382923
55.94307844484072,-3.1867063383827396,N,55.943378444840725,-3.1867063383827396,1522.6465646890565,1431.3986376382923
55.943378444840725,-3.1867063383827396,WSW,55.943263639811015,-3.186983502242493,1522.6465646890565,1430.1486376382923
55.943263639811015,-3.186983502242493,ESE,55.943148834781304,-3.1867063383827396,1522.6465646890565,1428.8986376382923
55.943148834781304,-3.1867063383827396,N,55.94344883478131,-3.1867063383827396,1522.6465646890565,1427.6486376382923
