55.944425,-3.188396,WNW,55.94453980502971,-3.1886731638597534,87.9403498961913,277.9997004293639
55.94453980502971,-3.1886731638597534,SW,55.94432767299536,-3.188885295894109,98.54073788779188,400.4961376976711
55.94432767299536,-3.188885295894109,ENE,55.94444247802507,-3.188608132034356,98.54073788779188,399.2461376976711
55.94444247802507,-3.188608132034356,NE,55.94465461005942,-3.188396,98.54073788779188,397.9961376976711
55.94465461005942,-3.188396,NE,55.94486674209378,-3.1881838679656442,183.121633699717,439.8241816479343
55.94486674209378,-3.1881838679656442,E,55.94486674209378,-3.187883867965644,183.121633699717,438.5741816479343
55.94486674209378,-3.187883867965644,ESE,55.94475193706407,-3.1876067041058906,227.28860378459825,482.96998842529194
55.94475193706407,-3.1876067041058906,E,55.94475193706407,-3.1873067041058905,348.3737880942232,566.9407150254052
55.94475193706407,-3.1873067041058905,SE,55.94453980502971,-3.1870945720715347,404.7532339509419,678.3483081671608
55.94453980502971,-3.1870945720715347,NNE,55.94481696888947,-3.186979767041825,464.2854165145318,778.6653135597562
55.94481696888947,-3.186979767041825,ENE,55.94493177391918,-3.1867026031820718,532.6226443516591,838.6163711304174
55.94493177391918,-3.1867026031820718,NW,55.945143905953536,-3.1869147352164275,532.6226443516591,837.3663711304174
55.945143905953536,-3.1869147352164275,WNW,55.945258710983246,-3.187191899076181,532.6226443516591,836.1163711304174
55.945258710983246,-3.187191899076181,NW,55.9454708430176,-3.1874040311105367,599.8862693005647,862.5548359861378
55.9454708430176,-3.1874040311105367,NNW,55.94574800687736,-3.1875188361402462,599.8862693005647,861.3048359861378
55.94574800687736,-3.1875188361402462,NNE,55.946025170737116,-3.1874040311105367,651.3811424702834,900.9449332748882
55.946025170737116,-3.1874040311105367,WSW,55.945910365707405,-3.18768119497029,651.3811424702834,899.6949332748882
55.945910365707405,-3.18768119497029,WSW,55.945795560677695,-3.1879583588300435,651.3811424702834,898.4449332748882
55.945795560677695,-3.1879583588300435,WSW,55.945680755647984,-3.188235522689797,651.3811424702834,897.1949332748882
55.945680755647984,-3.188235522689797,WSW,55.945565950618274,-3.1885126865495503,651.3811424702834,895.9449332748882
55.945565950618274,-3.1885126865495503,WSW,55.945451145588564,-3.1887898504093037,773.8801623022865,945.9037189024028
55.945451145588564,-3.1887898504093037,WSW,55.94533634055885,-3.189067014269057,773.8801623022865,944.6537189024028
55.94533634055885,-3.189067014269057,WSW,55.94522153552914,-3.1893441781288105,773.8801623022865,943.4037189024028
55.94522153552914,-3.1893441781288105,WSW,55.94510673049943,-3.189621341988564,773.8801623022865,942.1537189024028
55.94510673049943,-3.189621341988564,SW,55.944894598465076,-3.1898334740229197,773.8801623022865,940.9037189024028
55.944894598465076,-3.1898334740229197,WSW,55.944779793435366,-3.190110637882673,870.3609070341768,1056.8457175452959
55.944779793435366,-3.190110637882673,SSE,55.94450262957561,-3.1899958328529636,966.8738113214796,1180.3129257720936
55.94450262957561,-3.1899958328529636,SSE,55.94422546571585,-3.189881027823254,966.8738113214796,1179.0629257720936
55.94422546571585,-3.189881027823254,S,55.94392546571585,-3.189881027823254,1006.801027960188,1186.161478501422
55.94392546571585,-3.189881027823254,S,55.94362546571585,-3.189881027823254,1106.6123782921427,1215.6359394560218
55.94362546571585,-3.189881027823254,SSW,55.94334830185609,-3.1899958328529636,1106.6123782921427,1214.3859394560218
55.94334830185609,-3.1899958328529636,SSW,55.943071137996334,-3.190110637882673,1187.387572605115,1263.9486023008537
55.943071137996334,-3.190110637882673,NW,55.94328327003069,-3.190322769917029,1187.387572605115,1262.6986023008537
55.94328327003069,-3.190322769917029,WNW,55.9433980750604,-3.1905999337767823,1247.550866335012,1269.671356517388
55.9433980750604,-3.1905999337767823,SSW,55.943120911200644,-3.190714738806492,1247.550866335012,1268.421356517388
55.943120911200644,-3.190714738806492,SW,55.94290877916629,-3.1909268708408476,1333.2207659305013,1330.893402078441
55.94290877916629,-3.1909268708408476,WSW,55.94279397413658,-3.191204034700601,1333.2207659305013,1329.643402078441
55.94279397413658,-3.191204034700601,WSW,55.94267916910687,-3.1914811985603544,1365.9732792318287,1355.926863893773
55.94267916910687,-3.1914811985603544,W,55.94267916910687,-3.1917811985603546,1365.9732792318287,1354.676863893773
55.94267916910687,-3.1917811985603546,W,55.94267916910687,-3.1920811985603548,1365.9732792318287,1353.426863893773
55.94267916910687,-3.1920811985603548,W,55.94267916910687,-3.192381198560355,1427.349555569072,1450.3248855462643
55.94267916910687,-3.192381198560355,NNE,55.942956332966624,-3.1922663935306455,1427.349555569072,1449.0748855462643
55.942956332966624,-3.1922663935306455,NNE,55.94323349682638,-3.192151588500936,1427.349555569072,1447.8248855462643
55.94323349682638,-3.192151588500936,NNE,55.94351066068614,-3.1920367834712264,1427.349555569072,1446.5748855462643
55.94351066068614,-3.1920367834712264,NNE,55.94378782454589,-3.191921978441517,1427.349555569072,1445.3248855462643
55.94378782454589,-3.191921978441517,N,55.944087824545896,-3.191921978441517,1427.349555569072,1444.0748855462643
55.944087824545896,-3.191921978441517,E,55.944087824545896,-3.1916219784415167,1427.349555569072,1442.8248855462643
55.944087824545896,-3.1916219784415167,ENE,55.94420262957561,-3.1913448145817633,1427.349555569072,1441.5748855462643
55.94420262957561,-3.1913448145817633,N,55.94450262957561,-3.1913448145817633,1427.349555569072,1440.3248855462643
55.94450262957561,-3.1913448145817633,WNW,55.94461743460532,-3.1916219784415167,1456.4816653399341,1527.0610062154458
55.94461743460532,-3.1916219784415167,N,55.94491743460532,-3.1916219784415167,1456.4816653399341,1525.8110062154458
55.94491743460532,-3.1916219784415167,N,55.945217434605325,-3.1916219784415167,1456.4816653399341,1524.5610062154458
55.945217434605325,-3.1916219784415167,N,55.94551743460533,-3.1916219784415167,1578.8194762849841,1536.5896601575844
55.94551743460533,-3.1916219784415167,NNE,55.945794598465085,-3.1915071734118072,1578.8194762849841,1535.3396601575844
55.945794598465085,-3.1915071734118072,NE,55.94600673049944,-3.1912950413774515,1599.5224802855946,1651.069677378132
55.94600673049944,-3.1912950413774515,SSW,55.945729566639685,-3.191409846407161,1599.5224802855946,1649.819677378132
55.945729566639685,-3.191409846407161,NE,55.94594169867404,-3.191197714372805,1599.5224802855946,1648.569677378132
55.94594169867404,-3.191197714372805,SSW,55.945664534814284,-3.1913125194025147,1599.5224802855946,1647.319677378132
55.945664534814284,-3.1913125194025147,ESE,55.945549729784574,-3.1910353555427613,1647.2804013622422,1738.26489046704
55.945549729784574,-3.1910353555427613,ESE,55.94543492475486,-3.190758191683008,1647.2804013622422,1737.01489046704
55.94543492475486,-3.190758191683008,SE,55.94522279272051,-3.190546059648652,1703.1347811646074,1768.5846651314007
55.94522279272051,-3.190546059648652,ESE,55.9451079876908,-3.1902688957888987,1703.1347811646074,1767.3346651314007
55.9451079876908,-3.1902688957888987,ESE,55.94499318266109,-3.1899917319291453,1703.1347811646074,1766.0846651314007
55.94499318266109,-3.1899917319291453,ESE,55.944878377631376,-3.189714568069392,1703.1347811646074,1764.8346651314007
55.944878377631376,-3.189714568069392,NE,55.94509050966573,-3.189502436035036,1703.1347811646074,1763.5846651314007
55.94509050966573,-3.189502436035036,SSW,55.944813345805976,-3.1896172410647456,1703.1347811646074,1762.3346651314007
55.944813345805976,-3.1896172410647456,SE,55.94460121377162,-3.18940510903039,1703.1347811646074,1761.0846651314007
55.94460121377162,-3.18940510903039,ESE,55.94448640874191,-3.1891279451706365,1703.1347811646074,1759.8346651314007
55.94448640874191,-3.1891279451706365,ESE,55.9443716037122,-3.188850781310883,1703.1347811646074,1758.5846651314007
55.9443716037122,-3.188850781310883,SE,55.94415947167784,-3.1886386492765273,1703.1347811646074,1757.3346651314007
55.94415947167784,-3.1886386492765273,E,55.94415947167784,-3.188338649276527,1703.1347811646074,1756.0846651314007
55.94415947167784,-3.188338649276527,E,55.94415947167784,-3.188038649276527,1703.1347811646074,1754.8346651314007
55.94415947167784,-3.188038649276527,E,55.94415947167784,-3.1877386492765267,1703.1347811646074,1753.5846651314007
55.94415947167784,-3.1877386492765267,ESE,55.94404466664813,-3.1874614854167733,1780.3634830136275,1859.914543571513
55.94404466664813,-3.1874614854167733,SE,55.943832534613776,-3.1872493533824175,1780.3634830136275,1858.664543571513
55.943832534613776,-3.1872493533824175,N,55.94413253461378,-3.1872493533824175,1780.3634830136275,1857.414543571513
55.94413253461378,-3.1872493533824175,ENE,55.94424733964349,-3.186972189522664,1780.3634830136275,1856.164543571513
55.94424733964349,-3.186972189522664,ESE,55.94413253461378,-3.1866950256629107,1780.3634830136275,1854.914543571513
55.94413253461378,-3.1866950256629107,ESE,55.94401772958407,-3.1864178618031573,1780.3634830136275,1853.664543571513
55.94401772958407,-3.1864178618031573,ESE,55.94390292455436,-3.186140697943404,1803.6491930989232,1962.4112309619175
55.94390292455436,-3.186140697943404,E,55.94390292455436,-3.1858406979434037,1803.6491930989232,1961.1612309619175
55.94390292455436,-3.1858406979434037,ENE,55.94401772958407,-3.1855635340836503,1855.1794363919325,2058.828338320563
55.94401772958407,-3.1855635340836503,SE,55.94380559754971,-3.1853514020492946,1855.1794363919325,2057.578338320563
55.94380559754971,-3.1853514020492946,SE,55.943593465515356,-3.185139270014939,1977.0663546588562,2156.8936371665286
55.943593465515356,-3.185139270014939,SSE,55.9433163016556,-3.1850244649852293,2075.24737315162,2216.592279746589
55.9433163016556,-3.1850244649852293,SSW,55.94303913779584,-3.185139270014939,2075.24737315162,2215.342279746589
55.94303913779584,-3.185139270014939,SW,55.94282700576149,-3.1853514020492946,2136.115332652647,2259.0707647021914
55.94282700576149,-3.1853514020492946,N,55.94312700576149,-3.1853514020492946,2136.115332652647,2257.8207647021914
55.94312700576149,-3.1853514020492946,N,55.94342700576149,-3.1853514020492946,2136.115332652647,2256.5707647021914
55.94342700576149,-3.1853514020492946,N,55.943727005761495,-3.1853514020492946,2136.115332652647,2255.3207647021914
55.943727005761495,-3.1853514020492946,N,55.9440270057615,-3.1853514020492946,2136.115332652647,2254.0707647021914
55.9440270057615,-3.1853514020492946,NNE,55.944304169621255,-3.185236597019585,2136.115332652647,2252.8207647021914
55.944304169621255,-3.185236597019585,N,55.94460416962126,-3.185236597019585,2231.4505770752976,2267.31824185509
55.94460416962126,-3.185236597019585,S,55.944304169621255,-3.185236597019585,2231.4505770752976,2266.06824185509
55.944304169621255,-3.185236597019585,N,55.94460416962126,-3.185236597019585,2231.4505770752976,2264.81824185509
55.94460416962126,-3.185236597019585,S,55.944304169621255,-3.185236597019585,2231.4505770752976,2263.56824185509
55.944304169621255,-3.185236597019585,N,55.94460416962126,-3.185236597019585,2231.4505770752976,2262.31824185509
55.94460416962126,-3.185236597019585,S,55.944304169621255,-3.185236597019585,2231.4505770752976,2261.06824185509
55.944304169621255,-3.185236597019585,N,55.94460416962126,-3.185236597019585,2231.4505770752976,2259.81824185509
55.94460416962126,-3.185236597019585,S,55.944304169621255,-3.185236597019585,2231.4505770752976,2258.56824185509
55.944304169621255,-3.185236597019585,N,55.94460416962126,-3.185236597019585,2231.4505770752976,2257.31824185509
55.94460416962126,-3.185236597019585,S,55.944304169621255,-3.185236597019585,2231.4505770752976,2256.06824185509
55.944304169621255,-3.185236597019585,N,55.94460416962126,-3.185236597019585,2231.4505770752976,2254.81824185509
55.94460416962126,-3.185236597019585,S,55.944304169621255,-3.185236597019585,2231.4505770752976,2253.56824185509
55.944304169621255,-3.185236597019585,N,55.94460416962126,-3.185236597019585,2231.4505770752976,2252.31824185509
55.94460416962126,-3.185236597019585,S,55.944304169621255,-3.185236597019585,2231.4505770752976,2251.06824185509
55.944304169621255,-3.185236597019585,N,55.94460416962126,-3.185236597019585,2231.4505770752976,2249.81824185509
55.94460416962126,-3.185236597019585,S,55.944304169621255,-3.185236597019585,2231.4505770752976,2248.56824185509
55.944304169621255,-3.185236597019585,N,55.94460416962126,-3.185236597019585,2231.4505770752976,2247.31824185509
55.94460416962126,-3.185236597019585,S,55.944304169621255,-3.185236597019585,2231.4505770752976,2246.06824185509
55.944304169621255,-3.185236597019585,N,55.94460416962126,-3.185236597019585,2231.4505770752976,2244.81824185509
55.94460416962126,-3.185236597019585,S,55.944304169621255,-3.185236597019585,2231.4505770752976,2243.56824185509
55.944304169621255,-3.185236597019585,N,55.94460416962126,-3.185236597019585,2231.4505770752976,2242.31824185509
55.94460416962126,-3.185236597019585,S,55.944304169621255,-3.185236597019585,2231.4505770752976,2241.06824185509
55.944304169621255,-3.185236597019585,N,55.94460416962126,-3.185236597019585,2231.4505770752976,2239.81824185509
55.94460416962126,-3.185236597019585,S,55.944304169621255,-3.185236597019585,2231.4505770752976,2238.56824185509
55.944304169621255,-3.185236597019585,N,55.94460416962126,-3.185236597019585,2231.4505770752976,2237.31824185509
55.94460416962126,-3.185236597019585,S,55.944304169621255,-3.185236597019585,2231.4505770752976,2236.06824185509
55.944304169621255,-3.185236597019585,N,55.94460416962126,-3.185236597019585,2231.4505770752976,2234.81824185509
55.94460416962126,-3.185236597019585,S,55.944304169621255,-3.185236597019585,2231.4505770752976,2233.56824185509
55.944304169621255,-3.185236597019585,N,55.94460416962126,-3.185236597019585,2231.4505770752976,2232.31824185509
55.94460416962126,-3.185236597019585,S,55.944304169621255,-3.185236597019585,2231.4505770752976,2231.06824185509
55.944304169621255,-3.185236597019585,N,55.94460416962126,-3.185236597019585,2231.4505770752976,2229.81824185509
55.94460416962126,-3.185236597019585,S,55.944304169621255,-3.185236597019585,2231.4505770752976,2228.56824185509
55.944304169621255,-3.185236597019585,N,55.94460416962126,-3.185236597019585,2231.4505770752976,2227.31824185509
55.94460416962126,-3.185236597019585,S,55.944304169621255,-3.185236597019585,2231.4505770752976,2226.06824185509
55.944304169621255,-3.185236597019585,N,55.94460416962126,-3.185236597019585,2231.4505770752976,2224.81824185509
55.94460416962126,-3.185236597019585,S,55.944304169621255,-3.185236597019585,2231.4505770752976,2223.56824185509
55.944304169621255,-3.185236597019585,N,55.94460416962126,-3.185236597019585,2231.4505770752976,2222.31824185509
55.94460416962126,-3.185236597019585,S,55.944304169621255,-3.185236597019585,2231.4505770752976,2221.06824185509
55.944304169621255,-3.185236597019585,N,55.94460416962126,-3.185236597019585,2231.4505770752976,2219.81824185509
55.94460416962126,-3.185236597019585,S,55.944304169621255,-3.185236597019585,2231.4505770752976,2218.56824185509
55.944304169621255,-3.185236597019585,N,55.94460416962126,-3.185236597019585,2231.4505770752976,2217.31824185509
55.94460416962126,-3.185236597019585,S,55.944304169621255,-3.185236597019585,2231.4505770752976,2216.06824185509
55.944304169621255,-3.185236597019585,N,55.94460416962126,-3.185236597019585,2231.4505770752976,2214.81824185509
55.94460416962126,-3.185236597019585,S,55.944304169621255,-3.185236597019585,2231.4505770752976,2213.56824185509
55.944304169621255,-3.185236597019585,N,55.94460416962126,-3.185236597019585,2231.4505770752976,2212.31824185509
55.94460416962126,-3.185236597019585,S,55.944304169621255,-3.185236597019585,2231.4505770752976,2211.06824185509
55.944304169621255,-3.185236597019585,N,55.94460416962126,-3.185236597019585,2231.4505770752976,2209.81824185509
55.94460416962126,-3.185236597019585,S,55.944304169621255,-3.185236597019585,2231.4505770752976,2208.56824185509
55.944304169621255,-3.185236597019585,N,55.94460416962126,-3.185236597019585,2231.4505770752976,2207.31824185509
55.94460416962126,-3.185236597019585,S,55.944304169621255,-3.185236597019585,2231.4505770752976,2206.06824185509
55.944304169621255,-3.185236597019585,N,55.94460416962126,-3.185236597019585,2231.4505770752976,2204.81824185509
55.94460416962126,-3.185236597019585,S,55.944304169621255,-3.185236597019585,2231.4505770752976,2203.56824185509
55.944304169621255,-3.185236597019585,N,55.94460416962126,-3.185236597019585,2231.4505770752976,2202.31824185509
55.94460416962126,-3.185236597019585,S,55.944304169621255,-3.185236597019585,2231.4505770752976,2201.06824185509
55.944304169621255,-3.185236597019585,N,55.94460416962126,-3.185236597019585,2231.4505770752976,2199.81824185509
55.94460416962126,-3.185236597019585,S,55.944304169621255,-3.185236597019585,2231.4505770752976,2198.56824185509
55.944304169621255,-3.185236597019585,N,55.94460416962126,-3.185236597019585,2231.4505770752976,2197.31824185509
55.94460416962126,-3.185236597019585,S,55.944304169621255,-3.185236597019585,2231.4505770752976,2196.06824185509
55.944304169621255,-3.185236597019585,N,55.94460416962126,-3.185236597019585,2231.4505770752976,2194.81824185509
55.94460416962126,-3.185236597019585,S,55.944304169621255,-3.185236597019585,2231.4505770752976,2193.56824185509
55.944304169621255,-3.185236597019585,N,55.94460416962126,-3.185236597019585,2231.4505770752976,2192.31824185509
55.94460416962126,-3.185236597019585,S,55.944304169621255,-3.185236597019585,2231.4505770752976,2191.06824185509
55.944304169621255,-3.185236597019585,N,55.94460416962126,-3.185236597019585,2231.4505770752976,2189.81824185509
55.94460416962126,-3.185236597019585,S,55.944304169621255,-3.185236597019585,2231.4505770752976,2188.56824185509
55.944304169621255,-3.185236597019585,N,55.94460416962126,-3.185236597019585,2231.4505770752976,2187.31824185509
55.94460416962126,-3.185236597019585,S,55.944304169621255,-3.185236597019585,2231.4505770752976,2186.06824185509
55.944304169621255,-3.185236597019585,N,55.94460416962126,-3.185236597019585,2231.4505770752976,2184.81824185509
55.94460416962126,-3.185236597019585,S,55.944304169621255,-3.185236597019585,2231.4505770752976,2183.56824185509
55.944304169621255,-3.185236597019585,N,55.94460416962126,-3.185236597019585,2231.4505770752976,2182.31824185509
55.94460416962126,-3.185236597019585,S,55.944304169621255,-3.185236597019585,2231.4505770752976,2181.06824185509
55.944304169621255,-3.185236597019585,N,55.94460416962126,-3.185236597019585,2231.4505770752976,2179.81824185509
55.94460416962126,-3.185236597019585,S,55.944304169621255,-3.185236597019585,2231.4505770752976,2178.56824185509
55.944304169621255,-3.185236597019585,N,55.94460416962126,-3.185236597019585,2231.4505770752976,2177.31824185509
55.94460416962126,-3.185236597019585,S,55.944304169621255,-3.185236597019585,2231.4505770752976,2176.06824185509
55.944304169621255,-3.185236597019585,N,55.94460416962126,-3.185236597019585,2231.4505770752976,2174.81824185509
55.94460416962126,-3.185236597019585,S,55.944304169621255,-3.185236597019585,2231.4505770752976,2173.56824185509
55.944304169621255,-3.185236597019585,N,55.94460416962126,-3.185236597019585,2231.4505770752976,2172.31824185509
55.94460416962126,-3.185236597019585,S,55.944304169621255,-3.185236597019585,2231.4505770752976,2171.06824185509
55.944304169621255,-3.185236597019585,N,55.94460416962126,-3.185236597019585,2231.4505770752976,2169.81824185509
55.94460416962126,-3.185236597019585,S,55.944304169621255,-3.185236597019585,2231.4505770752976,2168.56824185509
55.944304169621255,-3.185236597019585,N,55.94460416962126,-3.185236597019585,2231.4505770752976,2167.31824185509
55.94460416962126,-3.185236597019585,S,55.944304169621255,-3.185236597019585,2231.4505770752976,2166.06824185509
55.944304169621255,-3.185236597019585,N,55.94460416962126,-3.185236597019585,2231.4505770752976,2164.81824185509
55.94460416962126,-3.185236597019585,S,55.944304169621255,-3.185236597019585,2231.4505770752976,2163.56824185509
55.944304169621255,-3.185236597019585,N,55.94460416962126,-3.185236597019585,2231.4505770752976,2162.31824185509
55.94460416962126,-3.185236597019585,S,55.944304169621255,-3.185236597019585,2231.4505770752976,2161.06824185509
55.944304169621255,-3.185236597019585,N,55.94460416962126,-3.185236597019585,2231.4505770752976,2159.81824185509
55.94460416962126,-3.185236597019585,S,55.944304169621255,-3.185236597019585,2231.4505770752976,2158.56824185509
55.944304169621255,-3.185236597019585,N,55.94460416962126,-3.185236597019585,2231.4505770752976,2157.31824185509
55.94460416962126,-3.185236597019585,S,55.944304169621255,-3.185236597019585,2231.4505770752976,2156.06824185509
55.944304169621255,-3.185236597019585,N,55.94460416962126,-3.185236597019585,2231.4505770752976,2154.81824185509
55.94460416962126,-3.185236597019585,S,55.944304169621255,-3.185236597019585,2231.4505770752976,2153.56824185509
55.944304169621255,-3.185236597019585,N,55.94460416962126,-3.185236597019585,2231.4505770752976,2152.31824185509
55.94460416962126,-3.185236597019585,S,55.944304169621255,-3.185236597019585,2231.4505770752976,2151.06824185509
55.944304169621255,-3.185236597019585,N,55.94460416962126,-3.185236597019585,2231.4505770752976,2149.81824185509
55.94460416962126,-3.185236597019585,S,55.944304169621255,-3.185236597019585,2231.4505770752976,2148.56824185509
55.944304169621255,-3.185236597019585,N,55.94460416962126,-3.185236597019585,2231.4505770752976,2147.31824185509
55.94460416962126,-3.185236597019585,S,55.944304169621255,-3.185236597019585,2231.4505770752976,2146.06824185509
55.944304169621255,-3.185236597019585,N,55.94460416962126,-3.185236597019585,2231.4505770752976,2144.81824185509
55.94460416962126,-3.185236597019585,S,55.944304169621255,-3.185236597019585,2231.4505770752976,2143.56824185509
55.944304169621255,-3.185236597019585,N,55.94460416962126,-3.185236597019585,2231.4505770752976,2142.31824185509
55.94460416962126,-3.185236597019585,S,55.944304169621255,-3.185236597019585,2231.4505770752976,2141.06824185509
55.944304169621255,-3.185236597019585,N,55.94460416962126,-3.185236597019585,2231.4505770752976,2139.81824185509
55.94460416962126,-3.185236597019585,S,55.944304169621255,-3.185236597019585,2231.4505770752976,2138.56824185509
55.944304169621255,-3.185236597019585,N,55.94460416962126,-3.185236597019585,2231.4505770752976,2137.31824185509
55.94460416962126,-3.185236597019585,S,55.944304169621255,-3.185236597019585,2231.4505770752976,2136.06824185509
55.944304169621255,-3.185236597019585,N,55.94460416962126,-3.185236597019585,2231.4505770752976,2134.81824185509
55.94460416962126,-3.185236597019585,S,55.944304169621255,-3.185236597019585,2231.4505770752976,2133.56824185509
55.944304169621255,-3.185236597019585,N,55.94460416962126,-3.185236597019585,2231.4505770752976,2132.31824185509
55.94460416962126,-3.185236597019585,S,55.944304169621255,-3.185236597019585,2231.4505770752976,2131.06824185509
55.944304169621255,-3.185236597019585,N,55.94460416962126,-3.185236597019585,2231.4505770752976,2129.81824185509
55.94460416962126,-3.185236597019585,S,55.944304169621255,-3.185236597019585,2231.4505770752976,2128.56824185509
55.944304169621255,-3.185236597019585,N,55.94460416962126,-3.185236597019585,2231.4505770752976,2127.31824185509
55.94460416962126,-3.185236597019585,S,55.944304169621255,-3.185236597019585,2231.4505770752976,2126.06824185509
55.944304169621255,-3.185236597019585,N,55.94460416962126,-3.185236597019585,2231.4505770752976,2124.81824185509
55.94460416962126,-3.185236597019585,S,55.944304169621255,-3.185236597019585,2231.4505770752976,2123.56824185509
55.944304169621255,-3.185236597019585,N,55.94460416962126,-3.185236597019585,2231.4505770752976,2122.31824185509
55.94460416962126,-3.185236597019585,S,55.944304169621255,-3.185236597019585,2231.4505770752976,2121.06824185509
55.944304169621255,-3.185236597019585,N,55.94460416962126,-3.185236597019585,2231.4505770752976,2119.81824185509
55.94460416962126,-3.185236597019585,S,55.944304169621255,-3.185236597019585,2231.4505770752976,2118.56824185509
55.944304169621255,-3.185236597019585,N,55.94460416962126,-3.185236597019585,2231.4505770752976,2117.31824185509
55.94460416962126,-3.185236597019585,S,55.944304169621255,-3.185236597019585,2231.4505770752976,2116.06824185509
55.944304169621255,-3.185236597019585,N,55.94460416962126,-3.185236597019585,2231.4505770752976,2114.81824185509
55.94460416962126,-3.185236597019585,S,55.944304169621255,-3.185236597019585,2231.4505770752976,2113.56824185509
55.944304169621255,-3.185236597019585,N,55.94460416962126,-3.185236597019585,2231.4505770752976,2112.31824185509
55.94460416962126,-3.185236597019585,S,55.944304169621255,-3.185236597019585,2231.4505770752976,2111.06824185509
55.944304169621255,-3.185236597019585,N,55.94460416962126,-3.185236597019585,2231.4505770752976,2109.81824185509
55.94460416962126,-3.185236597019585,S,55.944304169621255,-3.185236597019585,2231.4505770752976,2108.56824185509
55.944304169621255,-3.185236597019585,N,55.94460416962126,-3.185236597019585,2231.4505770752976,2107.31824185509
55.94460416962126,-3.185236597019585,S,55.944304169621255,-3.185236597019585,2231.4505770752976,2106.06824185509
55.944304169621255,-3.185236597019585,N,55.94460416962126,-3.185236597019585,2231.4505770752976,2104.81824185509
55.94460416962126,-3.185236597019585,S,55.944304169621255,-3.185236597019585,2231.4505770752976,2103.56824185509
55.944304169621255,-3.185236597019585,N,55.94460416962126,-3.185236597019585,2231.4505770752976,2102.31824185509
55.94460416962126,-3.185236597019585,S,55.944304169621255,-3.185236597019585,2231.4505770752976,2101.06824185509
55.944304169621255,-3.185236597019585,N,55.94460416962126,-3.185236597019585,2231.4505770752976,2099.81824185509
55.94460416962126,-3.185236597019585,S,55.944304169621255,-3.185236597019585,2231.4505770752976,2098.56824185509
55.944304169621255,-3.185236597019585,N,55.94460416962126,-3.185236597019585,2231.4505770752976,2097.31824185509
55.94460416962126,-3.185236597019585,S,55.944304169621255,-3.185236597019585,2231.4505770752976,2096.06824185509
55.944304169621255,-3.185236597019585,N,55.94460416962126,-3.185236597019585,2231.4505770752976,2094.81824185509
55.94460416962126,-3.185236597019585,S,55.944304169621255,-3.185236597019585,2231.4505770752976,2093.56824185509
55.944304169621255,-3.185236597019585,N,55.94460416962126,-3.185236597019585,2231.4505770752976,2092.31824185509
55.94460416962126,-3.185236597019585,S,55.944304169621255,-3.185236597019585,2231.4505770752976,2091.06824185509
55.944304169621255,-3.185236597019585,N,55.94460416962126,-3.185236597019585,2231.4505770752976,2089.81824185509
55.94460416962126,-3.185236597019585,S,55.944304169621255,-3.185236597019585,2231.4505770752976,2088.56824185509
55.944304169621255,-3.185236597019585,N,55.94460416962126,-3.185236597019585,2231.4505770752976,2087.31824185509
55.94460416962126,-3.185236597019585,S,55.944304169621255,-3.185236597019585,2231.4505770752976,2086.06824185509
55.944304169621255,-3.185236597019585,N,55.94460416962126,-3.185236597019585,2231.4505770752976,2084.81824185509
55.94460416962126,-3.185236597019585,S,55.944304169621255,-3.185236597019585,2231.4505770752976,2083.56824185509
55.944304169621255,-3.185236597019585,N,55.94460416962126,-3.185236597019585,2231.4505770752976,2082.31824185509
55.94460416962126,-3.185236597019585,S,55.944304169621255,-3.185236597019585,2231.4505770752976,2081.06824185509
55.944304169621255,-3.185236597019585,N,55.94460416962126,-3.185236597019585,2231.4505770752976,2079.81824185509
55.94460416962126,-3.185236597019585,S,55.944304169621255,-3.185236597019585,2231.4505770752976,2078.56824185509
55.944304169621255,-3.185236597019585,N,55.94460416962126,-3.185236597019585,2231.4505770752976,2077.31824185509
55.94460416962126,-3.185236597019585,S,55.944304169621255,-3.185236597019585,2231.4505770752976,2076.06824185509
55.944304169621255,-3.185236597019585,N,55.94460416962126,-3.185236597019585,2231.4505770752976,2074.81824185509
55.94460416962126,-3.185236597019585,S,55.944304169621255,-3.185236597019585,2231.4505770752976,2073.56824185509
55.944304169621255,-3.185236597019585,N,55.94460416962126,-3.185236597019585,2231.4505770752976,2072.31824185509
55.94460416962126,-3.185236597019585,S,55.944304169621255,-3.185236597019585,2231.4505770752976,2071.06824185509
