55.944425,-3.188396,SE,55.944212867965646,-3.1881838679656442,4.843529589406578,257.0432544174168
55.944212867965646,-3.1881838679656442,SSW,55.94393570410589,-3.1882986729953537,15.095864577651511,376.10727057271987
55.94393570410589,-3.1882986729953537,WSW,55.94382089907618,-3.188575836855107,97.33280142126617,423.2137436281294
55.94382089907618,-3.188575836855107,S,55.94352089907618,-3.188575836855107,97.33280142126617,421.9637436281294
55.94352089907618,-3.188575836855107,SSE,55.94324373521642,-3.1884610318253976,153.2994815837974,449.11803189055263
55.94324373521642,-3.1884610318253976,ENE,55.94335854024613,-3.1881838679656442,153.2994815837974,447.86803189055263
55.94335854024613,-3.1881838679656442,NE,55.94357067228049,-3.1879717359312885,153.2994815837974,446.61803189055263
55.94357067228049,-3.1879717359312885,N,55.94387067228049,-3.1879717359312885,153.2994815837974,445.36803189055263
55.94387067228049,-3.1879717359312885,NNE,55.944147836140246,-3.187856930901579,153.2994815837974,444.11803189055263
55.944147836140246,-3.187856930901579,SE,55.94393570410589,-3.187644798867223,258.4450870897442,444.9823794253801
55.94393570410589,-3.187644798867223,ENE,55.9440505091356,-3.18736763500747,258.4450870897442,443.7323794253801
55.9440505091356,-3.18736763500747,NE,55.944262641169956,-3.187155502973114,358.16691159808454,522.2748770546156
55.944262641169956,-3.187155502973114,SSE,55.9439854773102,-3.1870406979434045,364.18476961825655,585.9752406964262
55.9439854773102,-3.1870406979434045,E,55.9439854773102,-3.1867406979434043,464.4890074335649,646.5933111978098
55.9439854773102,-3.1867406979434043,ESE,55.94387067228049,-3.186463534083651,464.4890074335649,645.3433111978098
55.94387067228049,-3.186463534083651,ESE,55.94375586725078,-3.1861863702238975,464.4890074335649,644.0933111978098
55.94375586725078,-3.1861863702238975,ESE,55.94364106222107,-3.185909206364144,528.4358012334193,716.6970916765845
55.94364106222107,-3.185909206364144,NE,55.943853194255425,-3.1856970743297883,528.4358012334193,715.4470916765845
55.943853194255425,-3.1856970743297883,NNE,55.94413035811518,-3.185582269300079,528.4358012334193,714.1970916765845
55.94413035811518,-3.185582269300079,NE,55.94434249014954,-3.185370137265723,558.117315346385,826.450846898859
55.94434249014954,-3.185370137265723,S,55.944042490149535,-3.185370137265723,558.117315346385,825.200846898859
55.944042490149535,-3.185370137265723,S,55.94374249014953,-3.185370137265723,558.117315346385,823.950846898859
55.94374249014953,-3.185370137265723,SSE,55.943465326289775,-3.1852553322360135,558.117315346385,822.700846898859
55.943465326289775,-3.1852553322360135,SW,55.94325319425542,-3.1854674642703693,558.117315346385,821.450846898859
55.94325319425542,-3.1854674642703693,SW,55.94304106222106,-3.185679596304725,558.117315346385,820.200846898859
55.94304106222106,-3.185679596304725,SSE,55.94276389836131,-3.1855647912750156,558.117315346385,818.950846898859
55.94276389836131,-3.1855647912750156,E,55.94276389836131,-3.1852647912750154,635.6350492779865,871.3007096674627
55.94276389836131,-3.1852647912750154,WSW,55.942649093331596,-3.185541955134769,635.6350492779865,870.0507096674627
55.942649093331596,-3.185541955134769,NNW,55.94292625719135,-3.1856567601644783,635.6350492779865,868.8007096674627
55.94292625719135,-3.1856567601644783,NNW,55.94320342105111,-3.185771565194188,635.6350492779865,867.5507096674627
55.94320342105111,-3.185771565194188,NNW,55.943480584910866,-3.1858863702238973,635.6350492779865,866.3007096674627
55.943480584910866,-3.1858863702238973,NNW,55.94375774877062,-3.186001175253607,635.6350492779865,865.0507096674627
55.94375774877062,-3.186001175253607,NW,55.94396988080498,-3.1862133072879626,635.6350492779865,863.8007096674627
55.94396988080498,-3.1862133072879626,NNW,55.944247044664735,-3.186328112317672,635.6350492779865,862.5507096674627
55.944247044664735,-3.186328112317672,NW,55.94445917669909,-3.186540244352028,635.6350492779865,861.3007096674627
55.94445917669909,-3.186540244352028,SW,55.944247044664735,-3.1867523763863836,635.6350492779865,860.0507096674627
55.944247044664735,-3.1867523763863836,N,55.94454704466474,-3.1867523763863836,635.6350492779865,858.8007096674627
55.94454704466474,-3.1867523763863836,NNW,55.944824208524494,-3.186867181416093,701.2233355337075,918.5644288793475
55.944824208524494,-3.186867181416093,NNW,55.94510137238425,-3.1869819864458027,701.2233355337075,917.3144288793475
55.94510137238425,-3.1869819864458027,NW,55.94531350441861,-3.1871941184801584,701.2233355337075,916.0644288793475
55.94531350441861,-3.1871941184801584,NNW,55.94559066827836,-3.187308923509868,770.6448049128804,948.3997271798454
55.94559066827836,-3.187308923509868,WNW,55.945705473308074,-3.1875860873696213,836.1355815204536,957.1907467123219
55.945705473308074,-3.1875860873696213,E,55.945705473308074,-3.187286087369621,836.1355815204536,955.9407467123219
55.945705473308074,-3.187286087369621,ENE,55.945820278337784,-3.1870089235098678,836.1355815204536,954.6907467123219
55.945820278337784,-3.1870089235098678,E,55.945820278337784,-3.1867089235098676,958.4195307233467,1027.2215921940015
55.945820278337784,-3.1867089235098676,ESE,55.945705473308074,-3.186431759650114,1053.601222080018,1090.494021090158
55.945705473308074,-3.186431759650114,NE,55.94591760534243,-3.1862196276157584,1053.601222080018,1089.244021090158
55.94591760534243,-3.1862196276157584,NE,55.946129737376786,-3.1860074955814026,1103.8559510944178,1185.0716960310117
55.946129737376786,-3.1860074955814026,E,55.946129737376786,-3.1857074955814024,1103.8559510944178,1183.8216960310117
55.946129737376786,-3.1857074955814024,E,55.946129737376786,-3.1854074955814022,1103.8559510944178,1182.5716960310117
55.946129737376786,-3.1854074955814022,E,55.946129737376786,-3.185107495581402,1228.7754948937006,1206.1254968427695
55.946129737376786,-3.185107495581402,WSW,55.946014932347076,-3.1853846594411555,1228.7754948937006,1204.8754968427695
55.946014932347076,-3.1853846594411555,WSW,55.945900127317366,-3.185661823300909,1228.7754948937006,1203.6254968427695
55.945900127317366,-3.185661823300909,WSW,55.945785322287655,-3.1859389871606623,1228.7754948937006,1202.3754968427695
55.945785322287655,-3.1859389871606623,WSW,55.945670517257945,-3.1862161510204157,1228.7754948937006,1201.1254968427695
55.945670517257945,-3.1862161510204157,WSW,55.945555712228234,-3.186493314880169,1228.7754948937006,1199.8754968427695
55.945555712228234,-3.186493314880169,W,55.945555712228234,-3.1867933148801693,1228.7754948937006,1198.6254968427695
55.945555712228234,-3.1867933148801693,WSW,55.945440907198524,-3.1870704787399227,1228.7754948937006,1197.3754968427695
55.945440907198524,-3.1870704787399227,WSW,55.94532610216881,-3.187347642599676,1228.7754948937006,1196.1254968427695
55.94532610216881,-3.187347642599676,SE,55.94511397013446,-3.1871355105653203,1228.7754948937006,1194.8754968427695
55.94511397013446,-3.1871355105653203,W,55.94511397013446,-3.1874355105653205,1228.7754948937006,1193.6254968427695
55.94511397013446,-3.1874355105653205,W,55.94511397013446,-3.1877355105653207,1228.7754948937006,1192.3754968427695
55.94511397013446,-3.1877355105653207,W,55.94511397013446,-3.188035510565321,1228.7754948937006,1191.1254968427695
55.94511397013446,-3.188035510565321,WSW,55.94499916510475,-3.1883126744250743,1350.3678910534134,1204.1666923670846
55.94499916510475,-3.1883126744250743,NNW,55.9452763289645,-3.1884274794547838,1350.3678910534134,1202.9166923670846
55.9452763289645,-3.1884274794547838,NW,55.94548846099886,-3.1886396114891395,1359.4451256919224,1315.7153137576572
55.94548846099886,-3.1886396114891395,SSW,55.9452112971391,-3.188754416518849,1359.4451256919224,1314.4653137576572
55.9452112971391,-3.188754416518849,SW,55.94499916510475,-3.188966548553205,1369.8276098670092,1367.3039963355327
55.94499916510475,-3.188966548553205,S,55.944699165104744,-3.188966548553205,1487.1089494391247,1378.3819282291836
55.944699165104744,-3.188966548553205,WSW,55.944584360075034,-3.1892437124129582,1594.7983623145997,1455.1027002350106
55.944584360075034,-3.1892437124129582,S,55.94428436007503,-3.1892437124129582,1625.8649760380288,1486.3165281209187
55.94428436007503,-3.1892437124129582,SW,55.944072228040675,-3.189455844447314,1625.8649760380288,1485.0665281209187
55.944072228040675,-3.189455844447314,SSW,55.94379506418092,-3.1895706494770235,1689.6673076017664,1546.681166375933
55.94379506418092,-3.1895706494770235,NW,55.944007196215274,-3.1897827815113793,1689.6673076017664,1545.431166375933
55.944007196215274,-3.1897827815113793,NNW,55.94428436007503,-3.189897586541089,1689.6673076017664,1544.181166375933
55.94428436007503,-3.189897586541089,NW,55.94449649210939,-3.1901097185754446,1799.1533925330286,1624.2712119378632
55.94449649210939,-3.1901097185754446,NE,55.94470862414374,-3.189897586541089,1799.1533925330286,1623.0212119378632
55.94470862414374,-3.189897586541089,ENE,55.944823429173454,-3.1896204226813354,1855.6805002015747,1744.1550728788804
55.944823429173454,-3.1896204226813354,NNW,55.94510059303321,-3.189735227711045,1855.6805002015747,1742.9050728788804
55.94510059303321,-3.189735227711045,NNW,55.94537775689297,-3.1898500327407544,1959.2882792306868,1797.9863812235667
55.94537775689297,-3.1898500327407544,WSW,55.945262951863256,-3.190127196600508,1959.2882792306868,1796.7363812235667
55.945262951863256,-3.190127196600508,WSW,55.945148146833546,-3.190404360460261,2075.6237999624827,1843.1945285875252
55.945148146833546,-3.190404360460261,W,55.945148146833546,-3.1907043604602614,2075.6237999624827,1841.9445285875252
55.945148146833546,-3.1907043604602614,WNW,55.945262951863256,-3.190981524320015,2180.220223846196,1901.468689645138
55.945262951863256,-3.190981524320015,WNW,55.94537775689297,-3.191258688179768,2180.220223846196,1900.218689645138
55.94537775689297,-3.191258688179768,WNW,55.94549256192268,-3.1915358520395216,2180.220223846196,1898.968689645138
55.94549256192268,-3.1915358520395216,WNW,55.94560736695239,-3.191813015899275,2298.1571836538437,1906.7060588207507
55.94560736695239,-3.191813015899275,SSW,55.94533020309263,-3.1919278209289845,2298.1571836538437,1905.4560588207507
55.94533020309263,-3.1919278209289845,SW,55.945118071058275,-3.1921399529633403,2298.1571836538437,1904.2060588207507
55.945118071058275,-3.1921399529633403,SSW,55.94484090719852,-3.19225475799305,2319.3892357953746,1974.7753192027499
55.94484090719852,-3.19225475799305,ENE,55.94495571222823,-3.1919775941332964,2319.3892357953746,1973.5253192027499
55.94495571222823,-3.1919775941332964,ESE,55.94484090719852,-3.191700430273543,2319.3892357953746,1972.2753192027499
55.94484090719852,-3.191700430273543,S,55.944540907198515,-3.191700430273543,2361.2734679879063,2077.181524900874
55.944540907198515,-3.191700430273543,S,55.94424090719851,-3.191700430273543,2361.2734679879063,2075.931524900874
55.94424090719851,-3.191700430273543,S,55.94394090719851,-3.191700430273543,2428.204798152203,2085.7034992537347
55.94394090719851,-3.191700430273543,SSE,55.94366374333875,-3.1915856252438335,2428.204798152203,2084.4534992537347
55.94366374333875,-3.1915856252438335,SSE,55.943386579479,-3.191470820214124,2428.204798152203,2083.2034992537347
55.943386579479,-3.191470820214124,SSE,55.94310941561924,-3.1913560151844145,2536.9194457249287,2124.565794682401
55.94310941561924,-3.1913560151844145,E,55.94310941561924,-3.1910560151844143,2536.9194457249287,2123.315794682401
55.94310941561924,-3.1910560151844143,ENE,55.94322422064895,-3.190778851324661,2591.284879766414,2229.057164278777
55.94322422064895,-3.190778851324661,WSW,55.94310941561924,-3.1910560151844143,2591.284879766414,2227.807164278777
55.94310941561924,-3.1910560151844143,ENE,55.94322422064895,-3.190778851324661,2591.284879766414,2226.557164278777
55.94322422064895,-3.190778851324661,WSW,55.94310941561924,-3.1910560151844143,2591.284879766414,2225.307164278777
55.94310941561924,-3.1910560151844143,ENE,55.94322422064895,-3.190778851324661,2591.284879766414,2224.057164278777
55.94322422064895,-3.190778851324661,WSW,55.94310941561924,-3.1910560151844143,2591.284879766414,2222.807164278777
55.94310941561924,-3.1910560151844143,ENE,55.94322422064895,-3.190778851324661,2591.284879766414,2221.557164278777
55.94322422064895,-3.190778851324661,WSW,55.94310941561924,-3.1910560151844143,2591.284879766414,2220.307164278777
55.94310941561924,-3.1910560151844143,ENE,55.94322422064895,-3.190778851324661,2591.284879766414,2219.057164278777
55.94322422064895,-3.190778851324661,WSW,55.94310941561924,-3.1910560151844143,2591.284879766414,2217.807164278777
55.94310941561924,-3.1910560151844143,ENE,55.94322422064895,-3.190778851324661,2591.284879766414,2216.557164278777
55.94322422064895,-3.190778851324661,WSW,55.94310941561924,-3.1910560151844143,2591.284879766414,2215.307164278777
55.94310941561924,-3.1910560151844143,ENE,55.94322422064895,-3.190778851324661,2591.284879766414,2214.057164278777
55.94322422064895,-3.190778851324661,WSW,55.94310941561924,-3.1910560151844143,2591.284879766414,2212.807164278777
55.94310941561924,-3.1910560151844143,ENE,55.94322422064895,-3.190778851324661,2591.284879766414,2211.557164278777
55.94322422064895,-3.190778851324661,WSW,55.94310941561924,-3.1910560151844143,2591.284879766414,2210.307164278777
55.94310941561924,-3.1910560151844143,ENE,55.94322422064895,-3.190778851324661,2591.284879766414,2209.057164278777
55.94322422064895,-3.190778851324661,WSW,55.94310941561924,-3.1910560151844143,2591.284879766414,2207.807164278777
55.94310941561924,-3.1910560151844143,ENE,55.94322422064895,-3.190778851324661,2591.284879766414,2206.557164278777
55.94322422064895,-3.190778851324661,WSW,55.94310941561924,-3.1910560151844143,2591.284879766414,2205.307164278777
55.94310941561924,-3.1910560151844143,ENE,55.94322422064895,-3.190778851324661,2591.284879766414,2204.057164278777
55.94322422064895,-3.190778851324661,WSW,55.94310941561924,-3.1910560151844143,2591.284879766414,2202.807164278777
55.94310941561924,-3.1910560151844143,ENE,55.94322422064895,-3.190778851324661,2591.284879766414,2201.557164278777
55.94322422064895,-3.190778851324661,WSW,55.94310941561924,-3.1910560151844143,2591.284879766414,2200.307164278777
55.94310941561924,-3.1910560151844143,ENE,55.94322422064895,-3.190778851324661,2591.284879766414,2199.057164278777
55.94322422064895,-3.190778851324661,WSW,55.94310941561924,-3.1910560151844143,2591.284879766414,2197.807164278777
55.94310941561924,-3.1910560151844143,ENE,55.94322422064895,-3.190778851324661,2591.284879766414,2196.557164278777
55.94322422064895,-3.190778851324661,WSW,55.94310941561924,-3.1910560151844143,2591.284879766414,2195.307164278777
55.94310941561924,-3.1910560151844143,ENE,55.94322422064895,-3.190778851324661,2591.284879766414,2194.057164278777
55.94322422064895,-3.190778851324661,WSW,55.94310941561924,-3.1910560151844143,2591.284879766414,2192.807164278777
55.94310941561924,-3.1910560151844143,ENE,55.94322422064895,-3.190778851324661,2591.284879766414,2191.557164278777
55.94322422064895,-3.190778851324661,WSW,55.94310941561924,-3.1910560151844143,2591.284879766414,2190.307164278777
55.94310941561924,-3.1910560151844143,ENE,55.94322422064895,-3.190778851324661,2591.284879766414,2189.057164278777
55.94322422064895,-3.190778851324661,WSW,55.94310941561924,-3.1910560151844143,2591.284879766414,2187.807164278777
55.94310941561924,-3.1910560151844143,ENE,55.94322422064895,-3.190778851324661,2591.284879766414,2186.557164278777
55.94322422064895,-3.190778851324661,WSW,55.94310941561924,-3.1910560151844143,2591.284879766414,2185.307164278777
55.94310941561924,-3.1910560151844143,ENE,55.94322422064895,-3.190778851324661,2591.284879766414,2184.057164278777
55.94322422064895,-3.190778851324661,WSW,55.94310941561924,-3.1910560151844143,2591.284879766414,2182.807164278777
55.94310941561924,-3.1910560151844143,ENE,55.94322422064895,-3.190778851324661,2591.284879766414,2181.557164278777
55.94322422064895,-3.190778851324661,WSW,55.94310941561924,-3.1910560151844143,2591.284879766414,2180.307164278777
55.94310941561924,-3.1910560151844143,ENE,55.94322422064895,-3.190778851324661,2591.284879766414,2179.057164278777
55.94322422064895,-3.190778851324661,WSW,55.94310941561924,-3.1910560151844143,2591.284879766414,2177.807164278777
55.94310941561924,-3.1910560151844143,ENE,55.94322422064895,-3.190778851324661,2591.284879766414,2176.557164278777
55.94322422064895,-3.190778851324661,WSW,55.94310941561924,-3.1910560151844143,2591.284879766414,2175.307164278777
55.94310941561924,-3.1910560151844143,ENE,55.94322422064895,-3.190778851324661,2591.284879766414,2174.057164278777
55.94322422064895,-3.190778851324661,WSW,55.94310941561924,-3.1910560151844143,2591.284879766414,2172.807164278777
55.94310941561924,-3.1910560151844143,ENE,55.94322422064895,-3.190778851324661,2591.284879766414,2171.557164278777
55.94322422064895,-3.190778851324661,WSW,55.94310941561924,-3.1910560151844143,2591.284879766414,2170.307164278777
55.94310941561924,-3.1910560151844143,ENE,55.94322422064895,-3.190778851324661,2591.284879766414,2169.057164278777
55.94322422064895,-3.190778851324661,WSW,55.94310941561924,-3.1910560151844143,2591.284879766414,2167.807164278777
55.94310941561924,-3.1910560151844143,ENE,55.94322422064895,-3.190778851324661,2591.284879766414,2166.557164278777
55.94322422064895,-3.190778851324661,WSW,55.94310941561924,-3.1910560151844143,2591.284879766414,2165.307164278777
55.94310941561924,-3.1910560151844143,ENE,55.94322422064895,-3.190778851324661,2591.284879766414,2164.057164278777
55.94322422064895,-3.190778851324661,WSW,55.94310941561924,-3.1910560151844143,2591.284879766414,2162.807164278777
55.94310941561924,-3.1910560151844143,ENE,55.94322422064895,-3.190778851324661,2591.284879766414,2161.557164278777
55.94322422064895,-3.190778851324661,WSW,55.94310941561924,-3.1910560151844143,2591.284879766414,2160.307164278777
55.94310941561924,-3.1910560151844143,ENE,55.94322422064895,-3.190778851324661,2591.284879766414,2159.057164278777
55.94322422064895,-3.190778851324661,WSW,55.94310941561924,-3.1910560151844143,2591.284879766414,2157.807164278777
55.94310941561924,-3.1910560151844143,ENE,55.94322422064895,-3.190778851324661,2591.284879766414,2156.557164278777
55.94322422064895,-3.190778851324661,WSW,55.94310941561924,-3.1910560151844143,2591.284879766414,2155.307164278777
55.94310941561924,-3.1910560151844143,ENE,55.94322422064895,-3.190778851324661,2591.284879766414,2154.057164278777
55.94322422064895,-3.190778851324661,WSW,55.94310941561924,-3.1910560151844143,2591.284879766414,2152.807164278777
55.94310941561924,-3.1910560151844143,ENE,55.94322422064895,-3.190778851324661,2591.284879766414,2151.557164278777
55.94322422064895,-3.190778851324661,WSW,55.94310941561924,-3.1910560151844143,2591.284879766414,2150.307164278777
55.94310941561924,-3.1910560151844143,ENE,55.94322422064895,-3.190778851324661,2591.284879766414,2149.057164278777
55.94322422064895,-3.190778851324661,WSW,55.94310941561924,-3.1910560151844143,2591.284879766414,2147.807164278777
55.94310941561924,-3.1910560151844143,ENE,55.94322422064895,-3.190778851324661,2591.284879766414,2146.557164278777
55.94322422064895,-3.190778851324661,WSW,55.94310941561924,-3.1910560151844143,2591.284879766414,2145.307164278777
55.94310941561924,-3.1910560151844143,ENE,55.94322422064895,-3.190778851324661,2591.284879766414,2144.057164278777
55.94322422064895,-3.190778851324661,WSW,55.94310941561924,-3.1910560151844143,2591.284879766414,2142.807164278777
55.94310941561924,-3.1910560151844143,ENE,55.94322422064895,-3.190778851324661,2591.284879766414,2141.557164278777
55.94322422064895,-3.190778851324661,WSW,55.94310941561924,-3.1910560151844143,2591.284879766414,2140.307164278777
55.94310941561924,-3.1910560151844143,ENE,55.94322422064895,-3.190778851324661,2591.284879766414,2139.057164278777
55.94322422064895,-3.190778851324661,WSW,55.94310941561924,-3.1910560151844143,2591.284879766414,2137.807164278777
55.94310941561924,-3.1910560151844143,ENE,55.94322422064895,-3.190778851324661,2591.284879766414,2136.557164278777
55.94322422064895,-3.190778851324661,WSW,55.94310941561924,-3.1910560151844143,2591.284879766414,2135.307164278777
55.94310941561924,-3.1910560151844143,ENE,55.94322422064895,-3.190778851324661,2591.284879766414,2134.057164278777
55.94322422064895,-3.190778851324661,WSW,55.94310941561924,-3.1910560151844143,2591.284879766414,2132.807164278777
55.94310941561924,-3.1910560151844143,ENE,55.94322422064895,-3.190778851324661,2591.284879766414,2131.557164278777
55.94322422064895,-3.190778851324661,WSW,55.94310941561924,-3.1910560151844143,2591.284879766414,2130.307164278777
55.94310941561924,-3.1910560151844143,ENE,55.94322422064895,-3.190778851324661,2591.284879766414,2129.057164278777
55.94322422064895,-3.190778851324661,WSW,55.94310941561924,-3.1910560151844143,2591.284879766414,2127.807164278777
55.94310941561924,-3.1910560151844143,ENE,55.94322422064895,-3.190778851324661,2591.284879766414,2126.557164278777
55.94322422064895,-3.190778851324661,WSW,55.94310941561924,-3.1910560151844143,2591.284879766414,2125.307164278777
55.94310941561924,-3.1910560151844143,ENE,55.94322422064895,-3.190778851324661,2591.284879766414,2124.057164278777
55.94322422064895,-3.190778851324661,WSW,55.94310941561924,-3.1910560151844143,2591.284879766414,2122.807164278777
55.94310941561924,-3.1910560151844143,ENE,55.94322422064895,-3.190778851324661,2591.284879766414,2121.557164278777
55.94322422064895,-3.190778851324661,WSW,55.94310941561924,-3.1910560151844143,2591.284879766414,2120.307164278777
55.94310941561924,-3.1910560151844143,ENE,55.94322422064895,-3.190778851324661,2591.284879766414,2119.057164278777
55.94322422064895,-3.190778851324661,WSW,55.94310941561924,-3.1910560151844143,2591.284879766414,2117.807164278777
55.94310941561924,-3.1910560151844143,ENE,55.94322422064895,-3.190778851324661,2591.284879766414,2116.557164278777
55.94322422064895,-3.190778851324661,WSW,55.94310941561924,-3.1910560151844143,2591.284879766414,2115.307164278777
55.94310941561924,-3.1910560151844143,ENE,55.94322422064895,-3.190778851324661,2591.284879766414,2114.057164278777
55.94322422064895,-3.190778851324661,WSW,55.94310941561924,-3.1910560151844143,2591.284879766414,2112.807164278777
55.94310941561924,-3.1910560151844143,ENE,55.94322422064895,-3.190778851324661,2591.284879766414,2111.557164278777
55.94322422064895,-3.190778851324661,WSW,55.94310941561924,-3.1910560151844143,2591.284879766414,2110.307164278777
55.94310941561924,-3.1910560151844143,ENE,55.94322422064895,-3.190778851324661,2591.284879766414,2109.057164278777
55.94322422064895,-3.190778851324661,WSW,55.94310941561924,-3.1910560151844143,2591.284879766414,2107.807164278777
55.94310941561924,-3.1910560151844143,ENE,55.94322422064895,-3.190778851324661,2591.284879766414,2106.557164278777
55.94322422064895,-3.190778851324661,WSW,55.94310941561924,-3.1910560151844143,2591.284879766414,2105.307164278777
55.94310941561924,-3.1910560151844143,ENE,55.94322422064895,-3.190778851324661,2591.284879766414,2104.057164278777
55.94322422064895,-3.190778851324661,WSW,55.94310941561924,-3.1910560151844143,2591.284879766414,2102.807164278777
55.94310941561924,-3.1910560151844143,ENE,55.94322422064895,-3.190778851324661,2591.284879766414,2101.557164278777
55.94322422064895,-3.190778851324661,WSW,55.94310941561924,-3.1910560151844143,2591.284879766414,2100.307164278777
55.94310941561924,-3.1910560151844143,ENE,55.94322422064895,-3.190778851324661,2591.284879766414,2099.057164278777
55.94322422064895,-3.190778851324661,WSW,55.94310941561924,-3.1910560151844143,2591.284879766414,2097.807164278777
55.94310941561924,-3.1910560151844143,ENE,55.94322422064895,-3.190778851324661,2591.284879766414,2096.557164278777
55.94322422064895,-3.190778851324661,WSW,55.94310941561924,-3.1910560151844143,2591.284879766414,2095.307164278777
55.94310941561924,-3.1910560151844143,ENE,55.94322422064895,-3.190778851324661,2591.284879766414,2094.057164278777
55.94322422064895,-3.190778851324661,WSW,55.94310941561924,-3.1910560151844143,2591.284879766414,2092.807164278777
55.94310941561924,-3.1910560151844143,ENE,55.94322422064895,-3.190778851324661,2591.284879766414,2091.557164278777
55.94322422064895,-3.190778851324661,WSW,55.94310941561924,-3.1910560151844143,2591.284879766414,2090.307164278777
55.94310941561924,-3.1910560151844143,ENE,55.94322422064895,-3.190778851324661,2591.284879766414,2089.057164278777
55.94322422064895,-3.190778851324661,WSW,55.94310941561924,-3.1910560151844143,2591.284879766414,2087.807164278777
55.94310941561924,-3.1910560151844143,ENE,55.94322422064895,-3.190778851324661,2591.284879766414,2086.557164278777
55.94322422064895,-3.190778851324661,WSW,55.94310941561924,-3.1910560151844143,2591.284879766414,2085.307164278777
55.94310941561924,-3.1910560151844143,ENE,55.94322422064895,-3.190778851324661,2591.284879766414,2084.057164278777
55.94322422064895,-3.190778851324661,WSW,55.94310941561924,-3.1910560151844143,2591.284879766414,2082.807164278777
55.94310941561924,-3.1910560151844143,ENE,55.94322422064895,-3.190778851324661,2591.284879766414,2081.557164278777
55.94322422064895,-3.190778851324661,WSW,55.94310941561924,-3.1910560151844143,2591.284879766414,2080.307164278777
55.94310941561924,-3.1910560151844143,ENE,55.94322422064895,-3.190778851324661,2591.284879766414,2079.057164278777
55.94322422064895,-3.190778851324661,WSW,55.94310941561924,-3.1910560151844143,2591.284879766414,2077.807164278777
55.94310941561924,-3.1910560151844143,ENE,55.94322422064895,-3.190778851324661,2591.284879766414,2076.557164278777
55.94322422064895,-3.190778851324661,WSW,55.94310941561924,-3.1910560151844143,2591.284879766414,2075.307164278777
55.94310941561924,-3.1910560151844143,ENE,55.94322422064895,-3.190778851324661,2591.284879766414,2074.057164278777
55.94322422064895,-3.190778851324661,WSW,55.94310941561924,-3.1910560151844143,2591.284879766414,2072.807164278777
55.94310941561924,-3.1910560151844143,ENE,55.94322422064895,-3.190778851324661,2591.284879766414,2071.557164278777
55.94322422064895,-3.190778851324661,WSW,55.94310941561924,-3.1910560151844143,2591.284879766414,2070.307164278777
55.94310941561924,-3.1910560151844143,ENE,55.94322422064895,-3.190778851324661,2591.284879766414,2069.057164278777
55.94322422064895,-3.190778851324661,WSW,55.94310941561924,-3.1910560151844143,2591.284879766414,2067.807164278777
55.94310941561924,-3.1910560151844143,ENE,55.94322422064895,-3.190778851324661,2591.284879766414,2066.557164278777
55.94322422064895,-3.190778851324661,WSW,55.94310941561924,-3.1910560151844143,2591.284879766414,2065.307164278777
55.94310941561924,-3.1910560151844143,ENE,55.94322422064895,-3.190778851324661,2591.284879766414,2064.057164278777
55.94322422064895,-3.190778851324661,WSW,55.94310941561924,-3.1910560151844143,2591.284879766414,2062.807164278777
55.94310941561924,-3.1910560151844143,ENE,55.94322422064895,-3.190778851324661,2591.284879766414,2061.557164278777
55.94322422064895,-3.190778851324661,WSW,55.94310941561924,-3.1910560151844143,2591.284879766414,2060.307164278777
55.94310941561924,-3.1910560151844143,ENE,55.94322422064895,-3.190778851324661,2591.284879766414,2059.057164278777
55.94322422064895,-3.190778851324661,WSW,55.94310941561924,-3.1910560151844143,2591.284879766414,2057.807164278777
55.94310941561924,-3.1910560151844143,ENE,55.94322422064895,-3.190778851324661,2591.284879766414,2056.557164278777
55.94322422064895,-3.190778851324661,WSW,55.94310941561924,-3.1910560151844143,2591.284879766414,2055.307164278777
55.94310941561924,-3.1910560151844143,ENE,55.94322422064895,-3.190778851324661,2591.284879766414,2054.057164278777
55.94322422064895,-3.190778851324661,WSW,55.94310941561924,-3.1910560151844143,2591.284879766414,2052.807164278777
55.94310941561924,-3.1910560151844143,ENE,55.94322422064895,-3.190778851324661,2591.284879766414,2051.557164278777
55.94322422064895,-3.190778851324661,WSW,55.94310941561924,-3.1910560151844143,2591.284879766414,2050.307164278777
55.94310941561924,-3.1910560151844143,ENE,55.94322422064895,-3.190778851324661,2591.284879766414,2049.057164278777
55.94322422064895,-3.190778851324661,WSW,55.94310941561924,-3.1910560151844143,2591.284879766414,2047.8071642787768
55.94310941561924,-3.1910560151844143,ENE,55.94322422064895,-3.190778851324661,2591.284879766414,2046.5571642787768
55.94322422064895,-3.190778851324661,WSW,55.94310941561924,-3.1910560151844143,2591.284879766414,2045.3071642787768
55.94310941561924,-3.1910560151844143,ENE,55.94322422064895,-3.190778851324661,2591.284879766414,2044.0571642787768
55.94322422064895,-3.190778851324661,WSW,55.94310941561924,-3.1910560151844143,2591.284879766414,2042.8071642787768
55.94310941561924,-3.1910560151844143,ENE,55.94322422064895,-3.190778851324661,2591.284879766414,2041.5571642787768
