55.944425,-3.188396,SE,55.944212867965646,-3.1881838679656442,0.0,248.75
55.944212867965646,-3.1881838679656442,SE,55.94400073593129,-3.1879717359312885,77.85834435324088,336.6701844560736
55.94400073593129,-3.1879717359312885,SSE,55.943723572071534,-3.187856930901579,96.01716099742424,439.423524521178
55.943723572071534,-3.187856930901579,SE,55.94351144003718,-3.187644798867223,184.0276989009712,479.7115456359411
55.94351144003718,-3.187644798867223,SW,55.94329930800282,-3.187856930901579,184.0276989009712,478.4615456359411
55.94329930800282,-3.187856930901579,SSW,55.943022144143065,-3.1879717359312885,184.0276989009712,477.2115456359411
55.943022144143065,-3.1879717359312885,SW,55.94281001210871,-3.1881838679656442,264.9931825388495,509.929799224681
55.94281001210871,-3.1881838679656442,NW,55.943022144143065,-3.188396,264.9931825388495,508.679799224681
55.943022144143065,-3.188396,NW,55.94323427617742,-3.188608132034356,330.3928973298541,532.0791766455278
55.94323427617742,-3.188608132034356,NNW,55.94351144003718,-3.1887229370640653,334.8685540354334,618.8207150278672
55.94351144003718,-3.1887229370640653,WNW,55.94362624506689,-3.1890001009238187,334.8685540354334,617.5707150278672
55.94362624506689,-3.1890001009238187,WNW,55.9437410500966,-3.189277264783572,360.23659182856187,682.1494733638914
55.9437410500966,-3.189277264783572,SE,55.94352891806224,-3.1890651327492163,360.23659182856187,680.8994733638914
55.94352891806224,-3.1890651327492163,S,55.94322891806224,-3.1890651327492163,360.23659182856187,679.6494733638914
55.94322891806224,-3.1890651327492163,SSW,55.94295175420248,-3.189179937778926,417.3151163071336,751.2808716013974
55.94295175420248,-3.189179937778926,WNW,55.94306655923219,-3.1894571016386792,417.3151163071336,750.0308716013974
55.94306655923219,-3.1894571016386792,WNW,55.9431813642619,-3.1897342654984326,417.3151163071336,748.7808716013974
55.9431813642619,-3.1897342654984326,W,55.9431813642619,-3.190034265498433,417.3151163071336,747.5308716013974
55.9431813642619,-3.190034265498433,WNW,55.943296169291614,-3.1903114293581862,480.53760942601497,846.9107375488478
55.943296169291614,-3.1903114293581862,SSE,55.94301900543186,-3.1901966243284767,480.53760942601497,845.6607375488478
55.94301900543186,-3.1901966243284767,SSW,55.9427418415721,-3.1903114293581862,480.53760942601497,844.4107375488478
55.9427418415721,-3.1903114293581862,ESE,55.94262703654239,-3.190034265498433,480.53760942601497,843.1607375488478
55.94262703654239,-3.190034265498433,W,55.94262703654239,-3.190334265498433,480.53760942601497,841.9107375488478
55.94262703654239,-3.190334265498433,NNE,55.94290420040215,-3.1902194604687235,480.53760942601497,840.6607375488478
55.94290420040215,-3.1902194604687235,NNW,55.9431813642619,-3.190334265498433,480.53760942601497,839.4107375488478
55.9431813642619,-3.190334265498433,SE,55.94296923222755,-3.1901221334640772,480.53760942601497,838.1607375488478
55.94296923222755,-3.1901221334640772,NNW,55.943246396087304,-3.1902369384937868,480.53760942601497,836.9107375488478
55.943246396087304,-3.1902369384937868,S,55.9429463960873,-3.1902369384937868,480.53760942601497,835.6607375488478
55.9429463960873,-3.1902369384937868,S,55.9426463960873,-3.1902369384937868,480.53760942601497,834.4107375488478
55.9426463960873,-3.1902369384937868,NNE,55.942923559947054,-3.1901221334640772,480.53760942601497,833.1607375488478
55.942923559947054,-3.1901221334640772,NNW,55.94320072380681,-3.1902369384937868,480.53760942601497,831.9107375488478
55.94320072380681,-3.1902369384937868,S,55.94290072380681,-3.1902369384937868,480.53760942601497,830.6607375488478
55.94290072380681,-3.1902369384937868,NNW,55.943177887666565,-3.1903517435234963,480.53760942601497,829.4107375488478
55.943177887666565,-3.1903517435234963,SE,55.94296575563221,-3.1901396114891405,480.53760942601497,828.1607375488478
55.94296575563221,-3.1901396114891405,NNW,55.943242919491965,-3.19025441651885,480.53760942601497,826.9107375488478
55.943242919491965,-3.19025441651885,SE,55.94303078745761,-3.1900422844844942,480.53760942601497,825.6607375488478
55.94303078745761,-3.1900422844844942,NNW,55.943307951317365,-3.1901570895142037,480.53760942601497,824.4107375488478
55.943307951317365,-3.1901570895142037,S,55.94300795131736,-3.1901570895142037,480.53760942601497,823.1607375488478
55.94300795131736,-3.1901570895142037,SSW,55.942730787457606,-3.1902718945439132,480.53760942601497,821.9107375488478
55.942730787457606,-3.1902718945439132,NE,55.94294291949196,-3.1900597625095575,480.53760942601497,820.6607375488478
55.94294291949196,-3.1900597625095575,NW,55.94315505152632,-3.1902718945439132,480.53760942601497,819.4107375488478
55.94315505152632,-3.1902718945439132,WNW,55.94326985655603,-3.1905490584036666,480.53760942601497,818.1607375488478
55.94326985655603,-3.1905490584036666,SW,55.94305772452167,-3.1907611904380224,480.53760942601497,816.9107375488478
55.94305772452167,-3.1907611904380224,N,55.943357724521675,-3.1907611904380224,480.53760942601497,815.6607375488478
55.943357724521675,-3.1907611904380224,N,55.94365772452168,-3.1907611904380224,480.53760942601497,814.4107375488478
55.94365772452168,-3.1907611904380224,E,55.94365772452168,-3.1904611904380222,480.53760942601497,813.1607375488478
55.94365772452168,-3.1904611904380222,E,55.94365772452168,-3.190161190438022,480.53760942601497,811.9107375488478
55.94365772452168,-3.190161190438022,ENE,55.94377252955139,-3.1898840265782686,480.53760942601497,810.6607375488478
55.94377252955139,-3.1898840265782686,NE,55.943984661585745,-3.189671894543913,480.53760942601497,809.4107375488478
55.943984661585745,-3.189671894543913,ENE,55.944099466615455,-3.1893947306841595,480.53760942601497,808.1607375488478
55.944099466615455,-3.1893947306841595,E,55.944099466615455,-3.1890947306841593,480.53760942601497,806.9107375488478
55.944099466615455,-3.1890947306841593,E,55.944099466615455,-3.188794730684159,480.53760942601497,805.6607375488478
55.944099466615455,-3.188794730684159,ENE,55.944214271645166,-3.1885175668244057,480.53760942601497,804.4107375488478
55.944214271645166,-3.1885175668244057,E,55.944214271645166,-3.1882175668244055,480.53760942601497,803.1607375488478
55.944214271645166,-3.1882175668244055,E,55.944214271645166,-3.1879175668244053,480.53760942601497,801.9107375488478
55.944214271645166,-3.1879175668244053,E,55.944214271645166,-3.187617566824405,480.53760942601497,800.6607375488478
55.944214271645166,-3.187617566824405,ENE,55.944329076674876,-3.1873404029646517,480.53760942601497,799.4107375488478
55.944329076674876,-3.1873404029646517,E,55.944329076674876,-3.1870404029646515,480.53760942601497,798.1607375488478
55.944329076674876,-3.1870404029646515,ENE,55.944443881704586,-3.186763239104898,523.8909480937662,889.510146051144
55.944443881704586,-3.186763239104898,NE,55.94465601373894,-3.1865511070705423,523.8909480937662,888.260146051144
55.94465601373894,-3.1865511070705423,ENE,55.94477081876865,-3.186273943210789,626.5551829518818,907.1711544391563
55.94477081876865,-3.186273943210789,SE,55.9445586867343,-3.186061811176433,732.7173494752027,948.8297219571022
55.9445586867343,-3.186061811176433,NE,55.94477081876865,-3.1858496791420774,812.672077206875,982.3620598156381
55.94477081876865,-3.1858496791420774,WNW,55.94488562379836,-3.186126843001831,812.672077206875,981.1120598156381
55.94488562379836,-3.186126843001831,NW,55.94509775583272,-3.1863389750361866,812.672077206875,979.8620598156381
55.94509775583272,-3.1863389750361866,WNW,55.94521256086243,-3.18661613889594,902.1529877694757,1005.9727766493825
55.94521256086243,-3.18661613889594,NNE,55.94548972472219,-3.1865013338662305,902.1529877694757,1004.7227766493825
55.94548972472219,-3.1865013338662305,NNE,55.94576688858194,-3.186386528836521,902.1529877694757,1003.4727766493825
55.94576688858194,-3.186386528836521,NNE,55.9460440524417,-3.1862717238068115,996.7124118583955,1099.6997723363306
55.9460440524417,-3.1862717238068115,W,55.9460440524417,-3.1865717238068116,996.7124118583955,1098.4497723363306
55.9460440524417,-3.1865717238068116,W,55.9460440524417,-3.186871723806812,996.7124118583955,1097.1997723363306
55.9460440524417,-3.186871723806812,W,55.9460440524417,-3.187171723806812,996.7124118583955,1095.9497723363306
55.9460440524417,-3.187171723806812,WNW,55.94615885747141,-3.1874488876665654,996.7124118583955,1094.6997723363306
55.94615885747141,-3.1874488876665654,W,55.94615885747141,-3.1877488876665656,1037.033332715475,1188.698130039688
55.94615885747141,-3.1877488876665656,WSW,55.9460440524417,-3.188026051526319,1037.033332715475,1187.448130039688
55.9460440524417,-3.188026051526319,WSW,55.94592924741199,-3.1883032153860724,1097.618564401867,1309.1474383731422
55.94592924741199,-3.1883032153860724,S,55.945629247411986,-3.1883032153860724,1097.618564401867,1307.8974383731422
55.945629247411986,-3.1883032153860724,S,55.94532924741198,-3.1883032153860724,1111.5154143029463,1322.8772626621158
55.94532924741198,-3.1883032153860724,WNW,55.945444052441694,-3.188580379245826,1111.5154143029463,1321.6272626621158
55.945444052441694,-3.188580379245826,W,55.945444052441694,-3.188880379245826,1111.5154143029463,1320.3772626621158
55.945444052441694,-3.188880379245826,WNW,55.945558857471404,-3.1891575431055794,1145.2655550552815,1379.4388675791938
55.945558857471404,-3.1891575431055794,SE,55.94534672543705,-3.1889454110712236,1145.2655550552815,1378.1888675791938
55.94534672543705,-3.1889454110712236,SSW,55.94506956157729,-3.189060216100933,1145.2655550552815,1376.9388675791938
55.94506956157729,-3.189060216100933,WSW,55.94495475654758,-3.1893373799606866,1145.2655550552815,1375.6888675791938
55.94495475654758,-3.1893373799606866,WSW,55.94483995151787,-3.18961454382044,1145.2655550552815,1374.4388675791938
55.94483995151787,-3.18961454382044,SW,55.944627819483514,-3.1898266758547957,1242.8088813327963,1451.1853803062077
55.944627819483514,-3.1898266758547957,W,55.944627819483514,-3.190126675854796,1242.8088813327963,1449.9353803062077
55.944627819483514,-3.190126675854796,WNW,55.944742624513225,-3.1904038397145493,1242.8088813327963,1448.6853803062077
55.944742624513225,-3.1904038397145493,W,55.944742624513225,-3.1907038397145495,1248.6009704586054,1560.9733321143538
55.944742624513225,-3.1907038397145495,NW,55.94495475654758,-3.1909159717489053,1248.6009704586054,1559.7233321143538
55.94495475654758,-3.1909159717489053,NW,55.94516688858194,-3.191128103783261,1248.6009704586054,1558.4733321143538
55.94516688858194,-3.191128103783261,NNW,55.945444052441694,-3.1912429088129706,1258.5285324859203,1593.6316162579571
55.945444052441694,-3.1912429088129706,W,55.945444052441694,-3.1915429088129708,1258.5285324859203,1592.3816162579571
55.945444052441694,-3.1915429088129708,W,55.945444052441694,-3.191842908812971,1367.3616954512302,1594.6415278737454
55.945444052441694,-3.191842908812971,NW,55.94565618447605,-3.1920550408473267,1367.3616954512302,1593.3915278737454
55.94565618447605,-3.1920550408473267,WNW,55.94577098950576,-3.19233220470708,1397.8796865801141,1620.254755233665
55.94577098950576,-3.19233220470708,S,55.94547098950576,-3.19233220470708,1397.8796865801141,1619.004755233665
55.94547098950576,-3.19233220470708,S,55.945170989505755,-3.19233220470708,1397.8796865801141,1617.754755233665
55.945170989505755,-3.19233220470708,S,55.94487098950575,-3.19233220470708,1433.0174178752916,1708.227977848851
55.94487098950575,-3.19233220470708,SE,55.944658857471396,-3.1921200726727244,1433.0174178752916,1706.977977848851
55.944658857471396,-3.1921200726727244,SE,55.94444672543704,-3.1919079406383686,1433.0174178752916,1705.727977848851
55.94444672543704,-3.1919079406383686,SE,55.94423459340268,-3.191695808604013,1433.0174178752916,1704.477977848851
55.94423459340268,-3.191695808604013,SE,55.94402246136833,-3.191483676569657,1433.0174178752916,1703.227977848851
55.94402246136833,-3.191483676569657,SE,55.94381032933397,-3.1912715445353013,1550.3564755000696,1763.4675345689561
55.94381032933397,-3.1912715445353013,SSE,55.943533165474214,-3.1911567395055918,1550.3564755000696,1762.2175345689561
55.943533165474214,-3.1911567395055918,SSE,55.94325600161446,-3.1910419344758822,1550.3564755000696,1760.9675345689561
55.94325600161446,-3.1910419344758822,SSE,55.9429788377547,-3.1909271294461727,1550.3564755000696,1759.7175345689561
55.9429788377547,-3.1909271294461727,SSE,55.942701673894945,-3.1908123244164632,1668.0243131606558,1760.7241350381742
55.942701673894945,-3.1908123244164632,N,55.94300167389495,-3.1908123244164632,1668.0243131606558,1759.4741350381742
55.94300167389495,-3.1908123244164632,N,55.94330167389495,-3.1908123244164632,1668.0243131606558,1758.2241350381742
55.94330167389495,-3.1908123244164632,N,55.94360167389495,-3.1908123244164632,1668.0243131606558,1756.9741350381742
55.94360167389495,-3.1908123244164632,N,55.943901673894956,-3.1908123244164632,1668.0243131606558,1755.7241350381742
55.943901673894956,-3.1908123244164632,N,55.94420167389496,-3.1908123244164632,1668.0243131606558,1754.4741350381742
55.94420167389496,-3.1908123244164632,N,55.94450167389496,-3.1908123244164632,1668.0243131606558,1753.2241350381742
55.94450167389496,-3.1908123244164632,N,55.944801673894965,-3.1908123244164632,1668.0243131606558,1751.9741350381742
55.944801673894965,-3.1908123244164632,N,55.94510167389497,-3.1908123244164632,1668.0243131606558,1750.7241350381742
55.94510167389497,-3.1908123244164632,SSE,55.94482451003521,-3.1906975193867537,1668.0243131606558,1749.4741350381742
55.94482451003521,-3.1906975193867537,N,55.945124510035214,-3.1906975193867537,1668.0243131606558,1748.2241350381742
55.945124510035214,-3.1906975193867537,N,55.94542451003522,-3.1906975193867537,1668.0243131606558,1746.9741350381742
55.94542451003522,-3.1906975193867537,NNE,55.94570167389497,-3.190582714357044,1668.0243131606558,1745.7241350381742
55.94570167389497,-3.190582714357044,N,55.946001673894976,-3.190582714357044,1774.641771821112,1760.8055490105896
55.946001673894976,-3.190582714357044,ESE,55.945886868865266,-3.190305550497291,1774.641771821112,1759.5555490105896
55.945886868865266,-3.190305550497291,ESE,55.945772063835555,-3.1900283866375374,1774.641771821112,1758.3055490105896
55.945772063835555,-3.1900283866375374,ESE,55.945657258805845,-3.189751222777784,1774.641771821112,1757.0555490105896
55.945657258805845,-3.189751222777784,ESE,55.945542453776135,-3.1894740589180306,1774.641771821112,1755.8055490105896
55.945542453776135,-3.1894740589180306,E,55.945542453776135,-3.1891740589180304,1774.641771821112,1754.5555490105896
55.945542453776135,-3.1891740589180304,SE,55.94533032174178,-3.1889619268836746,1774.641771821112,1753.3055490105896
55.94533032174178,-3.1889619268836746,SE,55.94511818970742,-3.188749794849319,1774.641771821112,1752.0555490105896
55.94511818970742,-3.188749794849319,SE,55.944906057673066,-3.188537662814963,1774.641771821112,1750.8055490105896
55.944906057673066,-3.188537662814963,WSW,55.944791252643356,-3.1888148266747165,1774.641771821112,1749.5555490105896
55.944791252643356,-3.1888148266747165,ESE,55.944676447613645,-3.188537662814963,1774.641771821112,1748.3055490105896
55.944676447613645,-3.188537662814963,ESE,55.944561642583935,-3.1882604989552097,1774.641771821112,1747.0555490105896
55.944561642583935,-3.1882604989552097,ESE,55.944446837554224,-3.1879833350954563,1774.641771821112,1745.8055490105896
55.944446837554224,-3.1879833350954563,ESE,55.944332032524514,-3.187706171235703,1774.641771821112,1744.5555490105896
55.944332032524514,-3.187706171235703,ESE,55.9442172274948,-3.1874290073759495,1774.641771821112,1743.3055490105896
55.9442172274948,-3.1874290073759495,SE,55.94400509546045,-3.1872168753415937,1774.641771821112,1742.0555490105896
55.94400509546045,-3.1872168753415937,ESE,55.94389029043074,-3.1869397114818403,1774.641771821112,1740.8055490105896
55.94389029043074,-3.1869397114818403,E,55.94389029043074,-3.18663971148184,1774.641771821112,1739.5555490105896
55.94389029043074,-3.18663971148184,SSE,55.94361312657098,-3.1865249064521306,1846.1569080288573,1769.1782229574312
55.94361312657098,-3.1865249064521306,SE,55.943400994536624,-3.186312774417775,1846.1569080288573,1767.9282229574312
55.943400994536624,-3.186312774417775,SE,55.94318886250227,-3.186100642383419,1965.0247761912333,1821.7629445797932
55.94318886250227,-3.186100642383419,E,55.94318886250227,-3.185800642383419,1965.0247761912333,1820.5129445797932
55.94318886250227,-3.185800642383419,E,55.94318886250227,-3.1855006423834187,1965.0247761912333,1819.2629445797932
55.94318886250227,-3.1855006423834187,ESE,55.94307405747256,-3.1852234785236653,1976.4720105344331,1840.9790009634648
55.94307405747256,-3.1852234785236653,NW,55.943286189506914,-3.185435610558021,1976.4720105344331,1839.7290009634648
55.943286189506914,-3.185435610558021,N,55.94358618950692,-3.185435610558021,1976.4720105344331,1838.4790009634648
55.94358618950692,-3.185435610558021,NE,55.94379832154127,-3.1852234785236653,1976.4720105344331,1837.2290009634648
55.94379832154127,-3.1852234785236653,ENE,55.94391312657098,-3.184946314663912,2068.876546463587,1862.8572599683007
55.94391312657098,-3.184946314663912,NNE,55.94419029043074,-3.1848315096342024,2068.876546463587,1861.6072599683007
55.94419029043074,-3.1848315096342024,NW,55.944402422465096,-3.185043641668558,2068.876546463587,1860.3572599683007
55.944402422465096,-3.185043641668558,NE,55.94461455449945,-3.1848315096342024,2079.2533079770396,1958.242286834688
55.94461455449945,-3.1848315096342024,SW,55.944402422465096,-3.185043641668558,2079.2533079770396,1956.992286834688
55.944402422465096,-3.185043641668558,NE,55.94461455449945,-3.1848315096342024,2079.2533079770396,1955.742286834688
55.94461455449945,-3.1848315096342024,SW,55.944402422465096,-3.185043641668558,2079.2533079770396,1954.492286834688
55.944402422465096,-3.185043641668558,NE,55.94461455449945,-3.1848315096342024,2079.2533079770396,1953.242286834688
55.94461455449945,-3.1848315096342024,SW,55.944402422465096,-3.185043641668558,2079.2533079770396,1951.992286834688
55.944402422465096,-3.185043641668558,NE,55.94461455449945,-3.1848315096342024,2079.2533079770396,1950.742286834688
55.94461455449945,-3.1848315096342024,SW,55.944402422465096,-3.185043641668558,2079.2533079770396,1949.492286834688
55.944402422465096,-3.185043641668558,NE,55.94461455449945,-3.1848315096342024,2079.2533079770396,1948.242286834688
55.94461455449945,-3.1848315096342024,SW,55.944402422465096,-3.185043641668558,2079.2533079770396,1946.992286834688
55.944402422465096,-3.185043641668558,NE,55.94461455449945,-3.1848315096342024,2079.2533079770396,1945.742286834688
55.94461455449945,-3.1848315096342024,SW,55.944402422465096,-3.185043641668558,2079.2533079770396,1944.492286834688
55.944402422465096,-3.185043641668558,NE,55.94461455449945,-3.1848315096342024,2079.2533079770396,1943.242286834688
55.94461455449945,-3.1848315096342024,SW,55.944402422465096,-3.185043641668558,2079.2533079770396,1941.992286834688
55.944402422465096,-3.185043641668558,NE,55.94461455449945,-3.1848315096342024,2079.2533079770396,1940.742286834688
55.94461455449945,-3.1848315096342024,SW,55.944402422465096,-3.185043641668558,2079.2533079770396,1939.492286834688
55.944402422465096,-3.185043641668558,NE,55.94461455449945,-3.1848315096342024,2079.2533079770396,1938.242286834688
55.94461455449945,-3.1848315096342024,SW,55.944402422465096,-3.185043641668558,2079.2533079770396,1936.992286834688
55.944402422465096,-3.185043641668558,NE,55.94461455449945,-3.1848315096342024,2079.2533079770396,1935.742286834688
55.94461455449945,-3.1848315096342024,SW,55.944402422465096,-3.185043641668558,2079.2533079770396,1934.492286834688
55.944402422465096,-3.185043641668558,NE,55.94461455449945,-3.1848315096342024,2079.2533079770396,1933.242286834688
55.94461455449945,-3.1848315096342024,SW,55.944402422465096,-3.185043641668558,2079.2533079770396,1931.992286834688
55.944402422465096,-3.185043641668558,NE,55.94461455449945,-3.1848315096342024,2079.2533079770396,1930.742286834688
55.94461455449945,-3.1848315096342024,SW,55.944402422465096,-3.185043641668558,2079.2533079770396,1929.492286834688
55.944402422465096,-3.185043641668558,NE,55.94461455449945,-3.1848315096342024,2079.2533079770396,1928.242286834688
55.94461455449945,-3.1848315096342024,SW,55.944402422465096,-3.185043641668558,2079.2533079770396,1926.992286834688
55.944402422465096,-3.185043641668558,NE,55.94461455449945,-3.1848315096342024,2079.2533079770396,1925.742286834688
55.94461455449945,-3.1848315096342024,SW,55.944402422465096,-3.185043641668558,2079.2533079770396,1924.492286834688
55.944402422465096,-3.185043641668558,NE,55.94461455449945,-3.1848315096342024,2079.2533079770396,1923.242286834688
55.94461455449945,-3.1848315096342024,SW,55.944402422465096,-3.185043641668558,2079.2533079770396,1921.992286834688
55.944402422465096,-3.185043641668558,NE,55.94461455449945,-3.1848315096342024,2079.2533079770396,1920.742286834688
55.94461455449945,-3.1848315096342024,SW,55.944402422465096,-3.185043641668558,2079.2533079770396,1919.492286834688
55.944402422465096,-3.185043641668558,NE,55.94461455449945,-3.1848315096342024,2079.2533079770396,1918.242286834688
55.94461455449945,-3.1848315096342024,SW,55.944402422465096,-3.185043641668558,2079.2533079770396,1916.992286834688
55.944402422465096,-3.185043641668558,NE,55.94461455449945,-3.1848315096342024,2079.2533079770396,1915.742286834688
55.94461455449945,-3.1848315096342024,SW,55.944402422465096,-3.185043641668558,2079.2533079770396,1914.492286834688
55.944402422465096,-3.185043641668558,NE,55.94461455449945,-3.1848315096342024,2079.2533079770396,1913.242286834688
55.94461455449945,-3.1848315096342024,SW,55.944402422465096,-3.185043641668558,2079.2533079770396,1911.992286834688
55.944402422465096,-3.185043641668558,NE,55.94461455449945,-3.1848315096342024,2079.2533079770396,1910.742286834688
55.94461455449945,-3.1848315096342024,SW,55.944402422465096,-3.185043641668558,2079.2533079770396,1909.492286834688
55.944402422465096,-3.185043641668558,NE,55.94461455449945,-3.1848315096342024,2079.2533079770396,1908.242286834688
55.94461455449945,-3.1848315096342024,SW,55.944402422465096,-3.185043641668558,2079.2533079770396,1906.992286834688
55.944402422465096,-3.185043641668558,NE,55.94461455449945,-3.1848315096342024,2079.2533079770396,1905.742286834688
55.94461455449945,-3.1848315096342024,SW,55.944402422465096,-3.185043641668558,2079.2533079770396,1904.492286834688
55.944402422465096,-3.185043641668558,NE,55.94461455449945,-3.1848315096342024,2079.2533079770396,1903.242286834688
55.94461455449945,-3.1848315096342024,SW,55.944402422465096,-3.185043641668558,2079.2533079770396,1901.992286834688
55.944402422465096,-3.185043641668558,NE,55.94461455449945,-3.1848315096342024,2079.2533079770396,1900.742286834688
55.94461455449945,-3.1848315096342024,SW,55.944402422465096,-3.185043641668558,2079.2533079770396,1899.492286834688
55.944402422465096,-3.185043641668558,NE,55.94461455449945,-3.1848315096342024,2079.2533079770396,1898.242286834688
55.94461455449945,-3.1848315096342024,SW,55.944402422465096,-3.185043641668558,2079.2533079770396,1896.992286834688
55.944402422465096,-3.185043641668558,NE,55.94461455449945,-3.1848315096342024,2079.2533079770396,1895.742286834688
55.94461455449945,-3.1848315096342024,SW,55.944402422465096,-3.185043641668558,2079.2533079770396,1894.492286834688
55.944402422465096,-3.185043641668558,NE,55.94461455449945,-3.1848315096342024,2079.2533079770396,1893.242286834688
55.94461455449945,-3.1848315096342024,SW,55.944402422465096,-3.185043641668558,2079.2533079770396,1891.992286834688
55.944402422465096,-3.185043641668558,NE,55.94461455449945,-3.1848315096342024,2079.2533079770396,1890.742286834688
55.94461455449945,-3.1848315096342024,SW,55.944402422465096,-3.185043641668558,2079.2533079770396,1889.492286834688
55.944402422465096,-3.185043641668558,NE,55.94461455449945,-3.1848315096342024,2079.2533079770396,1888.242286834688
55.94461455449945,-3.1848315096342024,SW,55.944402422465096,-3.185043641668558,2079.2533079770396,1886.992286834688
55.944402422465096,-3.185043641668558,NE,55.94461455449945,-3.1848315096342024,2079.2533079770396,1885.742286834688
55.94461455449945,-3.1848315096342024,SW,55.944402422465096,-3.185043641668558,2079.2533079770396,1884.492286834688
55.944402422465096,-3.185043641668558,NE,55.94461455449945,-3.1848315096342024,2079.2533079770396,1883.242286834688
55.94461455449945,-3.1848315096342024,SW,55.944402422465096,-3.185043641668558,2079.2533079770396,1881.992286834688
55.944402422465096,-3.185043641668558,NE,55.94461455449945,-3.1848315096342024,2079.2533079770396,1880.742286834688
55.94461455449945,-3.1848315096342024,SW,55.944402422465096,-3.185043641668558,2079.2533079770396,1879.492286834688
55.944402422465096,-3.185043641668558,NE,55.94461455449945,-3.1848315096342024,2079.2533079770396,1878.242286834688
55.94461455449945,-3.1848315096342024,SW,55.944402422465096,-3.185043641668558,2079.2533079770396,1876.992286834688
55.944402422465096,-3.185043641668558,NE,55.94461455449945,-3.1848315096342024,2079.2533079770396,1875.742286834688
55.94461455449945,-3.1848315096342024,SW,55.944402422465096,-3.185043641668558,2079.2533079770396,1874.492286834688
55.944402422465096,-3.185043641668558,NE,55.94461455449945,-3.1848315096342024,2079.2533079770396,1873.242286834688
55.94461455449945,-3.1848315096342024,SW,55.944402422465096,-3.185043641668558,2079.2533079770396,1871.992286834688
55.944402422465096,-3.185043641668558,NE,55.94461455449945,-3.1848315096342024,2079.2533079770396,1870.742286834688
55.94461455449945,-3.1848315096342024,SW,55.944402422465096,-3.185043641668558,2079.2533079770396,1869.492286834688
55.944402422465096,-3.185043641668558,NE,55.94461455449945,-3.1848315096342024,2079.2533079770396,1868.242286834688
55.94461455449945,-3.1848315096342024,SW,55.944402422465096,-3.185043641668558,2079.2533079770396,1866.992286834688
55.944402422465096,-3.185043641668558,NE,55.94461455449945,-3.1848315096342024,2079.2533079770396,1865.742286834688
55.94461455449945,-3.1848315096342024,SW,55.944402422465096,-3.185043641668558,2079.2533079770396,1864.492286834688
55.944402422465096,-3.185043641668558,NE,55.94461455449945,-3.1848315096342024,2079.2533079770396,1863.242286834688
55.94461455449945,-3.1848315096342024,SW,55.944402422465096,-3.185043641668558,2079.2533079770396,1861.992286834688
55.944402422465096,-3.185043641668558,NE,55.94461455449945,-3.1848315096342024,2079.2533079770396,1860.742286834688
55.94461455449945,-3.1848315096342024,SW,55.944402422465096,-3.185043641668558,2079.2533079770396,1859.492286834688
55.944402422465096,-3.185043641668558,NE,55.94461455449945,-3.1848315096342024,2079.2533079770396,1858.242286834688
55.94461455449945,-3.1848315096342024,SW,55.944402422465096,-3.185043641668558,2079.2533079770396,1856.992286834688
55.944402422465096,-3.185043641668558,NE,55.94461455449945,-3.1848315096342024,2079.2533079770396,1855.742286834688
55.94461455449945,-3.1848315096342024,SW,55.944402422465096,-3.185043641668558,2079.2533079770396,1854.492286834688
55.944402422465096,-3.185043641668558,NE,55.94461455449945,-3.1848315096342024,2079.2533079770396,1853.242286834688
55.94461455449945,-3.1848315096342024,SW,55.944402422465096,-3.185043641668558,2079.2533079770396,1851.992286834688
55.944402422465096,-3.185043641668558,NE,55.94461455449945,-3.1848315096342024,2079.2533079770396,1850.742286834688
55.94461455449945,-3.1848315096342024,SW,55.944402422465096,-3.185043641668558,2079.2533079770396,1849.492286834688
55.944402422465096,-3.185043641668558,NE,55.94461455449945,-3.1848315096342024,2079.2533079770396,1848.242286834688
55.94461455449945,-3.1848315096342024,SW,55.944402422465096,-3.185043641668558,2079.2533079770396,1846.992286834688
55.944402422465096,-3.185043641668558,NE,55.94461455449945,-3.1848315096342024,2079.2533079770396,1845.742286834688
55.94461455449945,-3.1848315096342024,SW,55.944402422465096,-3.185043641668558,2079.2533079770396,1844.492286834688
55.944402422465096,-3.185043641668558,NE,55.94461455449945,-3.1848315096342024,2079.2533079770396,1843.242286834688
55.94461455449945,-3.1848315096342024,SW,55.944402422465096,-3.185043641668558,2079.2533079770396,1841.992286834688
55.944402422465096,-3.185043641668558,NE,55.94461455449945,-3.1848315096342024,2079.2533079770396,1840.742286834688
55.94461455449945,-3.1848315096342024,SW,55.944402422465096,-3.185043641668558,2079.2533079770396,1839.492286834688
55.944402422465096,-3.185043641668558,NE,55.94461455449945,-3.1848315096342024,2079.2533079770396,1838.242286834688
55.94461455449945,-3.1848315096342024,SW,55.944402422465096,-3.185043641668558,2079.2533079770396,1836.992286834688
55.944402422465096,-3.185043641668558,NE,55.94461455449945,-3.1848315096342024,2079.2533079770396,1835.742286834688
55.94461455449945,-3.1848315096342024,SW,55.944402422465096,-3.185043641668558,2079.2533079770396,1834.492286834688
