55.944425,-3.188396,SW,55.944212867965646,-3.188608132034356,89.24918345612498,343.1628156797427
55.944212867965646,-3.188608132034356,SW,55.94400073593129,-3.1888202640687116,89.24918345612498,341.9128156797427
55.94400073593129,-3.1888202640687116,SSW,55.943723572071534,-3.188935069098421,168.92617419751508,348.5326802047023
55.943723572071534,-3.188935069098421,ESE,55.94360876704182,-3.1886579052386677,226.97490861567897,387.42660324097545
55.94360876704182,-3.1886579052386677,SSE,55.94333160318207,-3.188543100208958,338.4184746837643,497.9246990752202
55.94333160318207,-3.188543100208958,E,55.94333160318207,-3.188243100208958,338.4184746837643,496.6746990752202
55.94333160318207,-3.188243100208958,ESE,55.943216798152356,-3.1879659363492046,436.811150637895,521.1156507323564
55.943216798152356,-3.1879659363492046,E,55.943216798152356,-3.1876659363492044,436.811150637895,519.8656507323564
55.943216798152356,-3.1876659363492044,E,55.943216798152356,-3.187365936349204,497.8680856163453,554.5231891656049
55.943216798152356,-3.187365936349204,NNW,55.94349396201211,-3.1874807413789137,497.8680856163453,553.2731891656049
55.94349396201211,-3.1874807413789137,NNW,55.94377112587187,-3.187595546408623,519.2739057248671,611.82023306672
55.94377112587187,-3.187595546408623,ENE,55.94388593090158,-3.18731838254887,519.2739057248671,610.57023306672
55.94388593090158,-3.18731838254887,ENE,55.94400073593129,-3.1870412186891164,519.2739057248671,609.32023306672
55.94400073593129,-3.1870412186891164,ENE,55.944115540961,-3.186764054829363,519.2739057248671,608.07023306672
55.944115540961,-3.186764054829363,ENE,55.94423034599071,-3.1864868909696096,526.2661598161294,716.2499333930164
55.94423034599071,-3.1864868909696096,SE,55.944018213956355,-3.186274758935254,526.2661598161294,714.9999333930164
55.944018213956355,-3.186274758935254,SSE,55.9437410500966,-3.1861599539055443,526.2661598161294,713.7499333930164
55.9437410500966,-3.1861599539055443,ESE,55.94362624506689,-3.185882790045791,562.5378455512871,758.1543676015463
55.94362624506689,-3.185882790045791,SW,55.94341411303253,-3.1860949220801467,562.5378455512871,756.9043676015463
55.94341411303253,-3.1860949220801467,SW,55.943201980998175,-3.1863070541145024,562.5378455512871,755.6543676015463
55.943201980998175,-3.1863070541145024,WSW,55.943087175968465,-3.186584217974256,613.1601370963915,796.0843176254684
55.943087175968465,-3.186584217974256,E,55.943087175968465,-3.1862842179742557,613.1601370963915,794.8343176254684
55.943087175968465,-3.1862842179742557,NE,55.94329930800282,-3.1860720859399,613.1601370963915,793.5843176254684
55.94329930800282,-3.1860720859399,E,55.94329930800282,-3.1857720859398997,613.1601370963915,792.3343176254684
55.94329930800282,-3.1857720859398997,E,55.94329930800282,-3.1854720859398995,613.1601370963915,791.0843176254684
55.94329930800282,-3.1854720859398995,E,55.94329930800282,-3.1851720859398993,613.1601370963915,789.8343176254684
55.94329930800282,-3.1851720859398993,NNE,55.94357647186258,-3.18505728091019,613.1601370963915,788.5843176254684
55.94357647186258,-3.18505728091019,ENE,55.94369127689229,-3.1847801170504364,613.1601370963915,787.3343176254684
55.94369127689229,-3.1847801170504364,SE,55.94347914485793,-3.1845679850160806,684.4477844039912,907.6213424850048
55.94347914485793,-3.1845679850160806,N,55.943779144857935,-3.1845679850160806,684.4477844039912,906.3713424850048
55.943779144857935,-3.1845679850160806,NNW,55.94405630871769,-3.18468279004579,729.1469772633585,1003.4087699194208
55.94405630871769,-3.18468279004579,NW,55.94426844075205,-3.184894922080146,729.1469772633585,1002.1587699194208
55.94426844075205,-3.184894922080146,NW,55.944480572786404,-3.1851070541145017,729.1469772633585,1000.9087699194208
55.944480572786404,-3.1851070541145017,SW,55.94426844075205,-3.1853191861488575,729.1469772633585,999.6587699194208
55.94426844075205,-3.1853191861488575,W,55.94426844075205,-3.1856191861488576,729.1469772633585,998.4087699194208
55.94426844075205,-3.1856191861488576,NW,55.944480572786404,-3.1858313181832134,729.1469772633585,997.1587699194208
55.944480572786404,-3.1858313181832134,SW,55.94426844075205,-3.186043450217569,729.1469772633585,995.9087699194208
55.94426844075205,-3.186043450217569,WNW,55.94438324578176,-3.1863206140773226,729.1469772633585,994.6587699194208
55.94438324578176,-3.1863206140773226,WSW,55.94426844075205,-3.186597777937076,729.1469772633585,993.4087699194208
55.94426844075205,-3.186597777937076,SW,55.94405630871769,-3.1868099099714318,729.1469772633585,992.1587699194208
55.94405630871769,-3.1868099099714318,NNW,55.94433347257745,-3.1869247150011413,729.1469772633585,990.9087699194208
55.94433347257745,-3.1869247150011413,NNW,55.944610636437204,-3.187039520030851,729.1469772633585,989.6587699194208
55.944610636437204,-3.187039520030851,NNW,55.94488780029696,-3.1871543250605603,729.1469772633585,988.4087699194208
55.94488780029696,-3.1871543250605603,NNW,55.94516496415672,-3.18726913009027,729.1469772633585,987.1587699194208
55.94516496415672,-3.18726913009027,NNW,55.945442128016474,-3.1873839351199793,729.1469772633585,985.9087699194208
55.945442128016474,-3.1873839351199793,N,55.94574212801648,-3.1873839351199793,729.1469772633585,984.6587699194208
55.94574212801648,-3.1873839351199793,NNW,55.94601929187623,-3.187498740149689,730.1317281335218,995.9845574442462
55.94601929187623,-3.187498740149689,W,55.94601929187623,-3.187798740149689,793.7261394897532,1083.178727123101
55.94601929187623,-3.187798740149689,S,55.94571929187623,-3.187798740149689,891.5237696792536,1201.3734571565253
55.94571929187623,-3.187798740149689,WNW,55.94583409690594,-3.1880759040094424,891.5237696792536,1200.1234571565253
55.94583409690594,-3.1880759040094424,NW,55.9460462289403,-3.188288036043798,927.3484594415512,1311.9067830450444
55.9460462289403,-3.188288036043798,WSW,55.94593142391059,-3.1885651999035516,927.3484594415512,1310.6567830450444
55.94593142391059,-3.1885651999035516,WSW,55.945816618880876,-3.188842363763305,927.3484594415512,1309.4067830450444
55.945816618880876,-3.188842363763305,WSW,55.945701813851166,-3.1891195276230584,927.3484594415512,1308.1567830450444
55.945701813851166,-3.1891195276230584,SW,55.94548968181681,-3.189331659657414,1039.483341690082,1375.3969482908244
55.94548968181681,-3.189331659657414,WNW,55.94560448684652,-3.1896088235171676,1129.691400677074,1457.9702872409684
55.94560448684652,-3.1896088235171676,N,55.94590448684652,-3.1896088235171676,1129.691400677074,1456.7202872409684
55.94590448684652,-3.1896088235171676,WNW,55.94601929187623,-3.189885987376921,1183.2336218666533,1527.9615176925424
55.94601929187623,-3.189885987376921,NE,55.94623142391059,-3.189673855342565,1187.0452923368946,1624.9223098169273
55.94623142391059,-3.189673855342565,SSW,55.94595426005083,-3.1897886603722747,1198.4305293313066,1704.4017114109554
55.94595426005083,-3.1897886603722747,S,55.94565426005083,-3.1897886603722747,1198.4305293313066,1703.1517114109554
55.94565426005083,-3.1897886603722747,S,55.94535426005083,-3.1897886603722747,1198.4305293313066,1701.9017114109554
55.94535426005083,-3.1897886603722747,SSE,55.94507709619107,-3.189673855342565,1227.9896641974005,1824.1481665555632
55.94507709619107,-3.189673855342565,W,55.94507709619107,-3.1899738553425654,1227.9896641974005,1822.8981665555632
55.94507709619107,-3.1899738553425654,WSW,55.94496229116136,-3.190251019202319,1227.9896641974005,1821.6481665555632
55.94496229116136,-3.190251019202319,W,55.94496229116136,-3.190551019202319,1227.9896641974005,1820.3981665555632
55.94496229116136,-3.190551019202319,WSW,55.94484748613165,-3.1908281830620724,1289.7407202956138,1890.848764782
55.94484748613165,-3.1908281830620724,WSW,55.94473268110194,-3.191105346921826,1289.7407202956138,1889.598764782
55.94473268110194,-3.191105346921826,WSW,55.94461787607223,-3.191382510781579,1289.7407202956138,1888.348764782
55.94461787607223,-3.191382510781579,WSW,55.94450307104252,-3.1916596746413326,1401.050401698003,1962.5850825596578
55.94450307104252,-3.1916596746413326,W,55.94450307104252,-3.191959674641333,1513.98597780161,1970.8530034932387
55.94450307104252,-3.191959674641333,WNW,55.94461787607223,-3.192236838501086,1513.98597780161,1969.6030034932387
55.94461787607223,-3.192236838501086,NW,55.944830008106585,-3.192448970535442,1585.544379816348,1977.376175783423
55.944830008106585,-3.192448970535442,ENE,55.944944813136296,-3.1921718066756886,1585.544379816348,1976.126175783423
55.944944813136296,-3.1921718066756886,ENE,55.945059618166006,-3.191894642815935,1665.1516548923544,2056.325747160208
55.945059618166006,-3.191894642815935,N,55.94535961816601,-3.191894642815935,1665.1516548923544,2055.075747160208
55.94535961816601,-3.191894642815935,N,55.94565961816601,-3.191894642815935,1665.1516548923544,2053.825747160208
55.94565961816601,-3.191894642815935,N,55.945959618166015,-3.191894642815935,1740.233807946431,2092.505375037223
55.945959618166015,-3.191894642815935,SSE,55.94568245430626,-3.1917798377862256,1740.233807946431,2091.255375037223
55.94568245430626,-3.1917798377862256,SSE,55.9454052904465,-3.191665032756516,1740.233807946431,2090.005375037223
55.9454052904465,-3.191665032756516,SSE,55.945128126586745,-3.1915502277268066,1740.233807946431,2088.755375037223
55.945128126586745,-3.1915502277268066,ENE,55.945242931616455,-3.1912730638670532,1740.233807946431,2087.505375037223
55.945242931616455,-3.1912730638670532,SE,55.9450307995821,-3.1910609318326975,1740.233807946431,2086.255375037223
55.9450307995821,-3.1910609318326975,S,55.944730799582096,-3.1910609318326975,1740.233807946431,2085.005375037223
55.944730799582096,-3.1910609318326975,S,55.94443079958209,-3.1910609318326975,1740.233807946431,2083.755375037223
55.94443079958209,-3.1910609318326975,S,55.94413079958209,-3.1910609318326975,1740.233807946431,2082.505375037223
55.94413079958209,-3.1910609318326975,SE,55.943918667547734,-3.1908487997983417,1740.233807946431,2081.255375037223
55.943918667547734,-3.1908487997983417,WSW,55.943803862518024,-3.191125963658095,1759.819522571878,2192.0725558511394
55.943803862518024,-3.191125963658095,SSW,55.94352669865827,-3.1912407686878046,1759.819522571878,2190.8225558511394
55.94352669865827,-3.1912407686878046,SW,55.94331456662391,-3.1914529007221604,1759.819522571878,2189.5725558511394
55.94331456662391,-3.1914529007221604,SSW,55.943037402764155,-3.19156770575187,1839.4876810379856,2211.7697714754468
55.943037402764155,-3.19156770575187,WNW,55.943152207793865,-3.1918448696116233,1839.4876810379856,2210.5197714754468
55.943152207793865,-3.1918448696116233,NW,55.94336433982822,-3.192057001645979,1941.1020529905404,2254.3700675343953
55.94336433982822,-3.192057001645979,W,55.94336433982822,-3.1923570016459792,2007.8833070710261,2364.2650780035633
55.94336433982822,-3.1923570016459792,ESE,55.94324953479851,-3.192079837786226,2007.8833070710261,2363.0150780035633
55.94324953479851,-3.192079837786226,ESE,55.9431347297688,-3.1918026739264724,2007.8833070710261,2361.7650780035633
55.9431347297688,-3.1918026739264724,ESE,55.94301992473909,-3.191525510066719,2007.8833070710261,2360.5150780035633
55.94301992473909,-3.191525510066719,E,55.94301992473909,-3.191225510066719,2007.8833070710261,2359.2650780035633
55.94301992473909,-3.191225510066719,ESE,55.94290511970938,-3.1909483462069654,2007.8833070710261,2358.0150780035633
55.94290511970938,-3.1909483462069654,E,55.94290511970938,-3.1906483462069652,2013.1304923540351,2384.5090472720135
55.94290511970938,-3.1906483462069652,ENE,55.94301992473909,-3.190371182347212,2134.399461723991,2502.4549634292803
55.94301992473909,-3.190371182347212,WSW,55.94290511970938,-3.1906483462069652,2134.399461723991,2501.2049634292803
55.94290511970938,-3.1906483462069652,ENE,55.94301992473909,-3.190371182347212,2134.399461723991,2499.9549634292803
55.94301992473909,-3.190371182347212,WSW,55.94290511970938,-3.1906483462069652,2134.399461723991,2498.7049634292803
55.94290511970938,-3.1906483462069652,ENE,55.94301992473909,-3.190371182347212,2134.399461723991,2497.4549634292803
55.94301992473909,-3.190371182347212,WSW,55.94290511970938,-3.1906483462069652,2134.399461723991,2496.2049634292803
55.94290511970938,-3.1906483462069652,ENE,55.94301992473909,-3.190371182347212,2134.399461723991,2494.9549634292803
55.94301992473909,-3.190371182347212,WSW,55.94290511970938,-3.1906483462069652,2134.399461723991,2493.7049634292803
55.94290511970938,-3.1906483462069652,ENE,55.94301992473909,-3.190371182347212,2134.399461723991,2492.4549634292803
55.94301992473909,-3.190371182347212,WSW,55.94290511970938,-3.1906483462069652,2134.399461723991,2491.2049634292803
55.94290511970938,-3.1906483462069652,ENE,55.94301992473909,-3.190371182347212,2134.399461723991,2489.9549634292803
55.94301992473909,-3.190371182347212,WSW,55.94290511970938,-3.1906483462069652,2134.399461723991,2488.7049634292803
55.94290511970938,-3.1906483462069652,ENE,55.94301992473909,-3.190371182347212,2134.399461723991,2487.4549634292803
55.94301992473909,-3.190371182347212,WSW,55.94290511970938,-3.1906483462069652,2134.399461723991,2486.2049634292803
55.94290511970938,-3.1906483462069652,ENE,55.94301992473909,-3.190371182347212,2134.399461723991,2484.9549634292803
55.94301992473909,-3.190371182347212,WSW,55.94290511970938,-3.1906483462069652,2134.399461723991,2483.7049634292803
55.94290511970938,-3.1906483462069652,ENE,55.94301992473909,-3.190371182347212,2134.399461723991,2482.4549634292803
55.94301992473909,-3.190371182347212,WSW,55.94290511970938,-3.1906483462069652,2134.399461723991,2481.2049634292803
55.94290511970938,-3.1906483462069652,ENE,55.94301992473909,-3.190371182347212,2134.399461723991,2479.9549634292803
55.94301992473909,-3.190371182347212,WSW,55.94290511970938,-3.1906483462069652,2134.399461723991,2478.7049634292803
55.94290511970938,-3.1906483462069652,ENE,55.94301992473909,-3.190371182347212,2134.399461723991,2477.4549634292803
55.94301992473909,-3.190371182347212,WSW,55.94290511970938,-3.1906483462069652,2134.399461723991,2476.2049634292803
55.94290511970938,-3.1906483462069652,ENE,55.94301992473909,-3.190371182347212,2134.399461723991,2474.9549634292803
55.94301992473909,-3.190371182347212,WSW,55.94290511970938,-3.1906483462069652,2134.399461723991,2473.7049634292803
55.94290511970938,-3.1906483462069652,ENE,55.94301992473909,-3.190371182347212,2134.399461723991,2472.4549634292803
55.94301992473909,-3.190371182347212,WSW,55.94290511970938,-3.1906483462069652,2134.399461723991,2471.2049634292803
55.94290511970938,-3.1906483462069652,ENE,55.94301992473909,-3.190371182347212,2134.399461723991,2469.9549634292803
55.94301992473909,-3.190371182347212,WSW,55.94290511970938,-3.1906483462069652,2134.399461723991,2468.7049634292803
55.94290511970938,-3.1906483462069652,ENE,55.94301992473909,-3.190371182347212,2134.399461723991,2467.4549634292803
55.94301992473909,-3.190371182347212,WSW,55.94290511970938,-3.1906483462069652,2134.399461723991,2466.2049634292803
55.94290511970938,-3.1906483462069652,ENE,55.94301992473909,-3.190371182347212,2134.399461723991,2464.9549634292803
55.94301992473909,-3.190371182347212,WSW,55.94290511970938,-3.1906483462069652,2134.399461723991,2463.7049634292803
55.94290511970938,-3.1906483462069652,ENE,55.94301992473909,-3.190371182347212,2134.399461723991,2462.4549634292803
55.94301992473909,-3.190371182347212,WSW,55.94290511970938,-3.1906483462069652,2134.399461723991,2461.2049634292803
55.94290511970938,-3.1906483462069652,ENE,55.94301992473909,-3.190371182347212,2134.399461723991,2459.9549634292803
55.94301992473909,-3.190371182347212,WSW,55.94290511970938,-3.1906483462069652,2134.399461723991,2458.7049634292803
55.94290511970938,-3.1906483462069652,ENE,55.94301992473909,-3.190371182347212,2134.399461723991,2457.4549634292803
55.94301992473909,-3.190371182347212,WSW,55.94290511970938,-3.1906483462069652,2134.399461723991,2456.2049634292803
55.94290511970938,-3.1906483462069652,ENE,55.94301992473909,-3.190371182347212,2134.399461723991,2454.9549634292803
55.94301992473909,-3.190371182347212,WSW,55.94290511970938,-3.1906483462069652,2134.399461723991,2453.7049634292803
55.94290511970938,-3.1906483462069652,ENE,55.94301992473909,-3.190371182347212,2134.399461723991,2452.4549634292803
55.94301992473909,-3.190371182347212,WSW,55.94290511970938,-3.1906483462069652,2134.399461723991,2451.2049634292803
55.94290511970938,-3.1906483462069652,ENE,55.94301992473909,-3.190371182347212,2134.399461723991,2449.9549634292803
55.94301992473909,-3.190371182347212,WSW,55.94290511970938,-3.1906483462069652,2134.399461723991,2448.7049634292803
55.94290511970938,-3.1906483462069652,ENE,55.94301992473909,-3.190371182347212,2134.399461723991,2447.4549634292803
55.94301992473909,-3.190371182347212,WSW,55.94290511970938,-3.1906483462069652,2134.399461723991,2446.2049634292803
55.94290511970938,-3.1906483462069652,ENE,55.94301992473909,-3.190371182347212,2134.399461723991,2444.9549634292803
55.94301992473909,-3.190371182347212,WSW,55.94290511970938,-3.1906483462069652,2134.399461723991,2443.7049634292803
55.94290511970938,-3.1906483462069652,ENE,55.94301992473909,-3.190371182347212,2134.399461723991,2442.4549634292803
55.94301992473909,-3.190371182347212,WSW,55.94290511970938,-3.1906483462069652,2134.399461723991,2441.2049634292803
55.94290511970938,-3.1906483462069652,ENE,55.94301992473909,-3.190371182347212,2134.399461723991,2439.9549634292803
55.94301992473909,-3.190371182347212,WSW,55.94290511970938,-3.1906483462069652,2134.399461723991,2438.7049634292803
55.94290511970938,-3.1906483462069652,ENE,55.94301992473909,-3.190371182347212,2134.399461723991,2437.4549634292803
55.94301992473909,-3.190371182347212,WSW,55.94290511970938,-3.1906483462069652,2134.399461723991,2436.2049634292803
55.94290511970938,-3.1906483462069652,ENE,55.94301992473909,-3.190371182347212,2134.399461723991,2434.9549634292803
55.94301992473909,-3.190371182347212,WSW,55.94290511970938,-3.1906483462069652,2134.399461723991,2433.7049634292803
55.94290511970938,-3.1906483462069652,ENE,55.94301992473909,-3.190371182347212,2134.399461723991,2432.4549634292803
55.94301992473909,-3.190371182347212,WSW,55.94290511970938,-3.1906483462069652,2134.399461723991,2431.2049634292803
55.94290511970938,-3.1906483462069652,ENE,55.94301992473909,-3.190371182347212,2134.399461723991,2429.9549634292803
55.94301992473909,-3.190371182347212,WSW,55.94290511970938,-3.1906483462069652,2134.399461723991,2428.7049634292803
55.94290511970938,-3.1906483462069652,ENE,55.94301992473909,-3.190371182347212,2134.399461723991,2427.4549634292803
55.94301992473909,-3.190371182347212,WSW,55.94290511970938,-3.1906483462069652,2134.399461723991,2426.2049634292803
55.94290511970938,-3.1906483462069652,ENE,55.94301992473909,-3.190371182347212,2134.399461723991,2424.9549634292803
55.94301992473909,-3.190371182347212,WSW,55.94290511970938,-3.1906483462069652,2134.399461723991,2423.7049634292803
55.94290511970938,-3.1906483462069652,ENE,55.94301992473909,-3.190371182347212,2134.399461723991,2422.4549634292803
55.94301992473909,-3.190371182347212,WSW,55.94290511970938,-3.1906483462069652,2134.399461723991,2421.2049634292803
55.94290511970938,-3.1906483462069652,ENE,55.94301992473909,-3.190371182347212,2134.399461723991,2419.9549634292803
55.94301992473909,-3.190371182347212,WSW,55.94290511970938,-3.1906483462069652,2134.399461723991,2418.7049634292803
55.94290511970938,-3.1906483462069652,ENE,55.94301992473909,-3.190371182347212,2134.399461723991,2417.4549634292803
55.94301992473909,-3.190371182347212,WSW,55.94290511970938,-3.1906483462069652,2134.399461723991,2416.2049634292803
55.94290511970938,-3.1906483462069652,ENE,55.94301992473909,-3.190371182347212,2134.399461723991,2414.9549634292803
55.94301992473909,-3.190371182347212,WSW,55.94290511970938,-3.1906483462069652,2134.399461723991,2413.7049634292803
55.94290511970938,-3.1906483462069652,ENE,55.94301992473909,-3.190371182347212,2134.399461723991,2412.4549634292803
55.94301992473909,-3.190371182347212,WSW,55.94290511970938,-3.1906483462069652,2134.399461723991,2411.2049634292803
55.94290511970938,-3.1906483462069652,ENE,55.94301992473909,-3.190371182347212,2134.399461723991,2409.9549634292803
55.94301992473909,-3.190371182347212,WSW,55.94290511970938,-3.1906483462069652,2134.399461723991,2408.7049634292803
55.94290511970938,-3.1906483462069652,ENE,55.94301992473909,-3.190371182347212,2134.399461723991,2407.4549634292803
55.94301992473909,-3.190371182347212,WSW,55.94290511970938,-3.1906483462069652,2134.399461723991,2406.2049634292803
55.94290511970938,-3.1906483462069652,ENE,55.94301992473909,-3.190371182347212,2134.399461723991,2404.9549634292803
55.94301992473909,-3.190371182347212,WSW,55.94290511970938,-3.1906483462069652,2134.399461723991,2403.7049634292803
55.94290511970938,-3.1906483462069652,ENE,55.94301992473909,-3.190371182347212,2134.399461723991,2402.4549634292803
55.94301992473909,-3.190371182347212,WSW,55.94290511970938,-3.1906483462069652,2134.399461723991,2401.2049634292803
55.94290511970938,-3.1906483462069652,ENE,55.94301992473909,-3.190371182347212,2134.399461723991,2399.9549634292803
55.94301992473909,-3.190371182347212,WSW,55.94290511970938,-3.1906483462069652,2134.399461723991,2398.7049634292803
55.94290511970938,-3.1906483462069652,ENE,55.94301992473909,-3.190371182347212,2134.399461723991,2397.4549634292803
55.94301992473909,-3.190371182347212,WSW,55.94290511970938,-3.1906483462069652,2134.399461723991,2396.2049634292803
55.94290511970938,-3.1906483462069652,ENE,55.94301992473909,-3.190371182347212,2134.399461723991,2394.9549634292803
55.94301992473909,-3.190371182347212,WSW,55.94290511970938,-3.1906483462069652,2134.399461723991,2393.7049634292803
55.94290511970938,-3.1906483462069652,ENE,55.94301992473909,-3.190371182347212,2134.399461723991,2392.4549634292803
55.94301992473909,-3.190371182347212,WSW,55.94290511970938,-3.1906483462069652,2134.399461723991,2391.2049634292803
55.94290511970938,-3.1906483462069652,ENE,55.94301992473909,-3.190371182347212,2134.399461723991,2389.9549634292803
55.94301992473909,-3.190371182347212,WSW,55.94290511970938,-3.1906483462069652,2134.399461723991,2388.7049634292803
55.94290511970938,-3.1906483462069652,ENE,55.94301992473909,-3.190371182347212,2134.399461723991,2387.4549634292803
55.94301992473909,-3.190371182347212,WSW,55.94290511970938,-3.1906483462069652,2134.399461723991,2386.2049634292803
55.94290511970938,-3.1906483462069652,ENE,55.94301992473909,-3.190371182347212,2134.399461723991,2384.9549634292803
55.94301992473909,-3.190371182347212,WSW,55.94290511970938,-3.1906483462069652,2134.399461723991,2383.7049634292803
55.94290511970938,-3.1906483462069652,ENE,55.94301992473909,-3.190371182347212,2134.399461723991,2382.4549634292803
55.94301992473909,-3.190371182347212,WSW,55.94290511970938,-3.1906483462069652,2134.399461723991,2381.2049634292803
55.94290511970938,-3.1906483462069652,ENE,55.94301992473909,-3.190371182347212,2134.399461723991,2379.9549634292803
55.94301992473909,-3.190371182347212,WSW,55.94290511970938,-3.1906483462069652,2134.399461723991,2378.7049634292803
55.94290511970938,-3.1906483462069652,ENE,55.94301992473909,-3.190371182347212,2134.399461723991,2377.4549634292803
55.94301992473909,-3.190371182347212,WSW,55.94290511970938,-3.1906483462069652,2134.399461723991,2376.2049634292803
55.94290511970938,-3.1906483462069652,ENE,55.94301992473909,-3.190371182347212,2134.399461723991,2374.9549634292803
55.94301992473909,-3.190371182347212,WSW,55.94290511970938,-3.1906483462069652,2134.399461723991,2373.7049634292803
55.94290511970938,-3.1906483462069652,ENE,55.94301992473909,-3.190371182347212,2134.399461723991,2372.4549634292803
55.94301992473909,-3.190371182347212,WSW,55.94290511970938,-3.1906483462069652,2134.399461723991,2371.2049634292803
55.94290511970938,-3.1906483462069652,ENE,55.94301992473909,-3.190371182347212,2134.399461723991,2369.9549634292803
55.94301992473909,-3.190371182347212,WSW,55.94290511970938,-3.1906483462069652,2134.399461723991,2368.7049634292803
55.94290511970938,-3.1906483462069652,ENE,55.94301992473909,-3.190371182347212,2134.399461723991,2367.4549634292803
55.94301992473909,-3.190371182347212,WSW,55.94290511970938,-3.1906483462069652,2134.399461723991,2366.2049634292803
55.94290511970938,-3.1906483462069652,ENE,55.94301992473909,-3.190371182347212,2134.399461723991,2364.9549634292803
55.94301992473909,-3.190371182347212,WSW,55.94290511970938,-3.1906483462069652,2134.399461723991,2363.7049634292803
55.94290511970938,-3.1906483462069652,ENE,55.94301992473909,-3.190371182347212,2134.399461723991,2362.4549634292803
55.94301992473909,-3.190371182347212,WSW,55.94290511970938,-3.1906483462069652,2134.399461723991,2361.2049634292803
55.94290511970938,-3.1906483462069652,ENE,55.94301992473909,-3.190371182347212,2134.399461723991,2359.9549634292803
55.94301992473909,-3.190371182347212,WSW,55.94290511970938,-3.1906483462069652,2134.399461723991,2358.7049634292803
55.94290511970938,-3.1906483462069652,ENE,55.94301992473909,-3.190371182347212,2134.399461723991,2357.4549634292803
55.94301992473909,-3.190371182347212,WSW,55.94290511970938,-3.1906483462069652,2134.399461723991,2356.2049634292803
55.94290511970938,-3.1906483462069652,ENE,55.94301992473909,-3.190371182347212,2134.399461723991,2354.9549634292803
55.94301992473909,-3.190371182347212,WSW,55.94290511970938,-3.1906483462069652,2134.399461723991,2353.7049634292803
55.94290511970938,-3.1906483462069652,ENE,55.94301992473909,-3.190371182347212,2134.399461723991,2352.4549634292803
55.94301992473909,-3.190371182347212,WSW,55.94290511970938,-3.1906483462069652,2134.399461723991,2351.2049634292803
55.94290511970938,-3.1906483462069652,ENE,55.94301992473909,-3.190371182347212,2134.399461723991,2349.9549634292803
55.94301992473909,-3.190371182347212,WSW,55.94290511970938,-3.1906483462069652,2134.399461723991,2348.7049634292803
55.94290511970938,-3.1906483462069652,ENE,55.94301992473909,-3.190371182347212,2134.399461723991,2347.4549634292803
55.94301992473909,-3.190371182347212,WSW,55.94290511970938,-3.1906483462069652,2134.399461723991,2346.2049634292803
55.94290511970938,-3.1906483462069652,ENE,55.94301992473909,-3.190371182347212,2134.399461723991,2344.9549634292803
55.94301992473909,-3.190371182347212,WSW,55.94290511970938,-3.1906483462069652,2134.399461723991,2343.7049634292803
55.94290511970938,-3.1906483462069652,ENE,55.94301992473909,-3.190371182347212,2134.399461723991,2342.4549634292803
55.94301992473909,-3.190371182347212,WSW,55.94290511970938,-3.1906483462069652,2134.399461723991,2341.2049634292803
55.94290511970938,-3.1906483462069652,ENE,55.94301992473909,-3.190371182347212,2134.399461723991,2339.9549634292803
55.94301992473909,-3.190371182347212,WSW,55.94290511970938,-3.1906483462069652,2134.399461723991,2338.7049634292803
55.94290511970938,-3.1906483462069652,ENE,55.94301992473909,-3.190371182347212,2134.399461723991,2337.4549634292803
55.94301992473909,-3.190371182347212,WSW,55.94290511970938,-3.1906483462069652,2134.399461723991,2336.2049634292803
55.94290511970938,-3.1906483462069652,ENE,55.94301992473909,-3.190371182347212,2134.399461723991,2334.9549634292803
55.94301992473909,-3.190371182347212,WSW,55.94290511970938,-3.1906483462069652,2134.399461723991,2333.7049634292803
55.94290511970938,-3.1906483462069652,ENE,55.94301992473909,-3.190371182347212,2134.399461723991,2332.4549634292803
55.94301992473909,-3.190371182347212,WSW,55.94290511970938,-3.1906483462069652,2134.399461723991,2331.2049634292803
55.94290511970938,-3.1906483462069652,ENE,55.94301992473909,-3.190371182347212,2134.399461723991,2329.9549634292803
55.94301992473909,-3.190371182347212,WSW,55.94290511970938,-3.1906483462069652,2134.399461723991,2328.7049634292803
55.94290511970938,-3.1906483462069652,ENE,55.94301992473909,-3.190371182347212,2134.399461723991,2327.4549634292803
55.94301992473909,-3.190371182347212,WSW,55.94290511970938,-3.1906483462069652,2134.399461723991,2326.2049634292803
55.94290511970938,-3.1906483462069652,ENE,55.94301992473909,-3.190371182347212,2134.399461723991,2324.9549634292803
55.94301992473909,-3.190371182347212,WSW,55.94290511970938,-3.1906483462069652,2134.399461723991,2323.7049634292803
55.94290511970938,-3.1906483462069652,ENE,55.94301992473909,-3.190371182347212,2134.399461723991,2322.4549634292803
55.94301992473909,-3.190371182347212,WSW,55.94290511970938,-3.1906483462069652,2134.399461723991,2321.2049634292803
55.94290511970938,-3.1906483462069652,ENE,55.94301992473909,-3.190371182347212,2134.399461723991,2319.9549634292803
55.94301992473909,-3.190371182347212,WSW,55.94290511970938,-3.1906483462069652,2134.399461723991,2318.7049634292803
55.94290511970938,-3.1906483462069652,ENE,55.94301992473909,-3.190371182347212,2134.399461723991,2317.4549634292803
55.94301992473909,-3.190371182347212,WSW,55.94290511970938,-3.1906483462069652,2134.399461723991,2316.2049634292803
