55.944425,-3.188396,SSE,55.944147836140246,-3.1882811949702905,0.0,248.75
55.944147836140246,-3.1882811949702905,N,55.94444783614025,-3.1882811949702905,11.378780421988477,331.95690162922097
55.94444783614025,-3.1882811949702905,SW,55.94423570410589,-3.1884933270046463,50.583736832261835,396.64809524623075
55.94423570410589,-3.1884933270046463,S,55.94393570410589,-3.1884933270046463,50.583736832261835,395.39809524623075
55.94393570410589,-3.1884933270046463,S,55.94363570410589,-3.1884933270046463,50.583736832261835,394.14809524623075
55.94363570410589,-3.1884933270046463,SSE,55.94335854024613,-3.1883785219749368,57.09964236134157,508.7986016300823
55.94335854024613,-3.1883785219749368,E,55.94335854024613,-3.1880785219749366,57.09964236134157,507.5486016300823
55.94335854024613,-3.1880785219749366,ESE,55.94324373521642,-3.187801358115183,103.05298892580561,538.4385831989346
55.94324373521642,-3.187801358115183,SSE,55.94296657135666,-3.1876865530854737,145.66120684713104,645.4431087122822
55.94296657135666,-3.1876865530854737,E,55.94296657135666,-3.1873865530854735,145.66120684713104,644.1931087122822
55.94296657135666,-3.1873865530854735,E,55.94296657135666,-3.1870865530854733,145.66120684713104,642.9431087122822
55.94296657135666,-3.1870865530854733,ENE,55.943081376386374,-3.18680938922572,145.66120684713104,641.6931087122822
55.943081376386374,-3.18680938922572,E,55.943081376386374,-3.1865093892257197,235.94044143879734,709.2479242052425
55.943081376386374,-3.1865093892257197,NE,55.94329350842073,-3.186297257191364,235.94044143879734,707.9979242052425
55.94329350842073,-3.186297257191364,NE,55.943505640455086,-3.186085125157008,325.97700229899857,754.731214171221
55.943505640455086,-3.186085125157008,SSE,55.94322847659533,-3.1859703201272986,325.97700229899857,753.481214171221
55.94322847659533,-3.1859703201272986,SE,55.943016344560974,-3.185758188092943,325.97700229899857,752.231214171221
55.943016344560974,-3.185758188092943,SSE,55.94273918070122,-3.1856433830632334,409.14175605454955,793.1004857887982
55.94273918070122,-3.1856433830632334,ENE,55.94285398573093,-3.18536621920348,479.0617718233267,834.6859466345182
55.94285398573093,-3.18536621920348,WNW,55.94296879076064,-3.1856433830632334,479.0617718233267,833.4359466345182
55.94296879076064,-3.1856433830632334,N,55.94326879076064,-3.1856433830632334,479.0617718233267,832.1859466345182
55.94326879076064,-3.1856433830632334,ENE,55.94338359579035,-3.18536621920348,479.0617718233267,830.9359466345182
55.94338359579035,-3.18536621920348,E,55.94338359579035,-3.1850662192034798,587.6316528025725,914.9795176732405
55.94338359579035,-3.1850662192034798,NNE,55.94366075965011,-3.1849514141737703,612.3983835230608,964.9650451331712
55.94366075965011,-3.1849514141737703,SE,55.94344862761575,-3.1847392821394145,612.3983835230608,963.7150451331712
55.94344862761575,-3.1847392821394145,SE,55.943236495581395,-3.1845271501050587,625.2539813918341,1083.7326484265113
55.943236495581395,-3.1845271501050587,WNW,55.943351300611106,-3.184804313964812,625.2539813918341,1082.4826484265113
55.943351300611106,-3.184804313964812,NW,55.94356343264546,-3.185016445999168,625.2539813918341,1081.2326484265113
55.94356343264546,-3.185016445999168,NNW,55.94384059650522,-3.1851312510288774,625.2539813918341,1079.9826484265113
55.94384059650522,-3.1851312510288774,NW,55.944052728539575,-3.185343383063233,625.2539813918341,1078.7326484265113
55.944052728539575,-3.185343383063233,NNW,55.94432989239933,-3.1854581880929427,625.2539813918341,1077.4826484265113
55.94432989239933,-3.1854581880929427,NW,55.94454202443369,-3.1856703201272984,625.2539813918341,1076.2326484265113
55.94454202443369,-3.1856703201272984,NNW,55.944819188293444,-3.185785125157008,644.2995622104445,1147.875484344695
55.944819188293444,-3.185785125157008,WSW,55.94470438326373,-3.1860622890167614,644.2995622104445,1146.625484344695
55.94470438326373,-3.1860622890167614,W,55.94470438326373,-3.1863622890167616,732.0460539115016,1252.5360762912262
55.94470438326373,-3.1863622890167616,W,55.94470438326373,-3.1866622890167617,752.790081489108,1300.0624223575949
55.94470438326373,-3.1866622890167617,WSW,55.94458957823402,-3.186939452876515,834.0296826868708,1318.9747445840408
55.94458957823402,-3.186939452876515,S,55.94428957823402,-3.186939452876515,907.7074698635454,1428.8775886073174
55.94428957823402,-3.186939452876515,NNE,55.94456674209378,-3.1868246478468056,907.7074698635454,1427.6275886073174
55.94456674209378,-3.1868246478468056,NNE,55.94484390595353,-3.186709842817096,907.7074698635454,1426.3775886073174
55.94484390595353,-3.186709842817096,N,55.945143905953536,-3.186709842817096,907.7074698635454,1425.1275886073174
55.945143905953536,-3.186709842817096,NNE,55.94542106981329,-3.1865950377873866,916.402501544849,1504.1379689952537
55.94542106981329,-3.1865950377873866,N,55.945721069813295,-3.1865950377873866,916.402501544849,1502.8879689952537
55.945721069813295,-3.1865950377873866,NNE,55.94599823367305,-3.186480232757677,967.8503287451662,1608.145669090193
55.94599823367305,-3.186480232757677,W,55.94599823367305,-3.1867802327576773,967.8503287451662,1606.895669090193
55.94599823367305,-3.1867802327576773,S,55.94569823367305,-3.1867802327576773,967.8503287451662,1605.645669090193
55.94569823367305,-3.1867802327576773,WSW,55.94558342864334,-3.1870573966174307,967.8503287451662,1604.395669090193
55.94558342864334,-3.1870573966174307,WNW,55.94569823367305,-3.187334560477184,967.8503287451662,1603.145669090193
55.94569823367305,-3.187334560477184,WNW,55.94581303870276,-3.1876117243369375,967.8503287451662,1601.895669090193
55.94581303870276,-3.1876117243369375,WNW,55.94592784373247,-3.187888888196691,1042.0300903495508,1691.0580084375893
55.94592784373247,-3.187888888196691,WSW,55.94581303870276,-3.1881660520564443,1071.259668756743,1734.6290463916414
55.94581303870276,-3.1881660520564443,SW,55.9456009066684,-3.1883781840908,1086.2392965562942,1757.7109523487663
55.9456009066684,-3.1883781840908,WSW,55.94548610163869,-3.1886553479505535,1086.2392965562942,1756.4609523487663
55.94548610163869,-3.1886553479505535,SW,55.94527396960434,-3.1888674799849093,1086.2392965562942,1755.2109523487663
55.94527396960434,-3.1888674799849093,WSW,55.945159164574626,-3.1891446438446627,1086.2392965562942,1753.9609523487663
55.945159164574626,-3.1891446438446627,SW,55.94494703254027,-3.1893567758790184,1093.3910956546194,1872.0325740041894
55.94494703254027,-3.1893567758790184,SSW,55.94466986868051,-3.189471580908728,1217.1181508219533,1874.8883295383685
55.94466986868051,-3.189471580908728,NNW,55.94494703254027,-3.1895863859384375,1217.1181508219533,1873.6383295383685
55.94494703254027,-3.1895863859384375,NE,55.945159164574626,-3.1893742539040817,1217.1181508219533,1872.3883295383685
55.945159164574626,-3.1893742539040817,NW,55.94537129660898,-3.1895863859384375,1217.1181508219533,1871.1383295383685
55.94537129660898,-3.1895863859384375,NW,55.94558342864334,-3.1897985179727932,1307.6176775529827,1872.8971696615029
55.94558342864334,-3.1897985179727932,WNW,55.94569823367305,-3.1900756818325466,1307.6176775529827,1871.6471696615029
55.94569823367305,-3.1900756818325466,NW,55.945910365707405,-3.1902878138669024,1307.6176775529827,1870.3971696615029
55.945910365707405,-3.1902878138669024,W,55.945910365707405,-3.1905878138669026,1372.3448512051666,1888.9162996324933
55.945910365707405,-3.1905878138669026,ENE,55.946025170737116,-3.190310650007149,1372.3448512051666,1887.6662996324933
55.946025170737116,-3.190310650007149,SSE,55.94574800687736,-3.1901958449774397,1372.3448512051666,1886.4162996324933
55.94574800687736,-3.1901958449774397,NW,55.945960138911715,-3.1904079770117955,1456.843949455995,1900.7220878664905
55.945960138911715,-3.1904079770117955,WNW,55.946074943941426,-3.190685140871549,1456.843949455995,1899.4720878664905
55.946074943941426,-3.190685140871549,W,55.946074943941426,-3.190985140871549,1456.843949455995,1898.2220878664905
55.946074943941426,-3.190985140871549,WNW,55.946189748971136,-3.1912623047313025,1456.843949455995,1896.9720878664905
55.946189748971136,-3.1912623047313025,W,55.946189748971136,-3.1915623047313026,1565.5486902139392,1919.1198529980297
55.946189748971136,-3.1915623047313026,SE,55.94597761693678,-3.191350172696947,1565.5486902139392,1917.8698529980297
55.94597761693678,-3.191350172696947,SSE,55.94570045307702,-3.1912353676672374,1565.5486902139392,1916.6198529980297
55.94570045307702,-3.1912353676672374,SE,55.94548832104267,-3.1910232356328816,1565.5486902139392,1915.3698529980297
55.94548832104267,-3.1910232356328816,SSE,55.94521115718291,-3.190908430603172,1565.5486902139392,1914.1198529980297
55.94521115718291,-3.190908430603172,SE,55.944999025148554,-3.1906962985688163,1565.5486902139392,1912.8698529980297
55.944999025148554,-3.1906962985688163,SSE,55.9447218612888,-3.190581493539107,1623.5390137895388,2005.6894824354138
55.9447218612888,-3.190581493539107,SW,55.94450972925444,-3.1907936255734626,1623.5390137895388,2004.4394824354138
55.94450972925444,-3.1907936255734626,SW,55.944297597220086,-3.1910057576078183,1623.5390137895388,2003.1894824354138
55.944297597220086,-3.1910057576078183,SW,55.94408546518573,-3.191217889642174,1650.0974875566724,2044.873638004457
55.94408546518573,-3.191217889642174,WSW,55.94397066015602,-3.1914950535019275,1650.0974875566724,2043.623638004457
55.94397066015602,-3.1914950535019275,WSW,55.94385585512631,-3.191772217361681,1650.0974875566724,2042.373638004457
55.94385585512631,-3.191772217361681,W,55.94385585512631,-3.192072217361681,1668.6211219150748,2112.034519941598
55.94385585512631,-3.192072217361681,S,55.943555855126306,-3.192072217361681,1668.6211219150748,2110.784519941598
55.943555855126306,-3.192072217361681,SSW,55.94327869126655,-3.1921870223913906,1705.5936267586221,2213.848642840971
55.94327869126655,-3.1921870223913906,ESE,55.94316388623684,-3.1919098585316372,1705.5936267586221,2212.598642840971
55.94316388623684,-3.1919098585316372,SE,55.94295175420248,-3.1916977264972815,1705.5936267586221,2211.348642840971
55.94295175420248,-3.1916977264972815,ESE,55.94283694917277,-3.191420562637528,1708.5918841538307,2274.5467172048666
55.94283694917277,-3.191420562637528,ENE,55.94295175420248,-3.1911433987777746,1708.5918841538307,2273.2967172048666
55.94295175420248,-3.1911433987777746,ENE,55.94306655923219,-3.1908662349180212,1708.5918841538307,2272.0467172048666
55.94306655923219,-3.1908662349180212,ENE,55.9431813642619,-3.190589071058268,1708.5918841538307,2270.7967172048666
55.9431813642619,-3.190589071058268,ENE,55.943296169291614,-3.1903119071985144,1708.5918841538307,2269.5467172048666
55.943296169291614,-3.1903119071985144,ENE,55.943410974321324,-3.190034743338761,1708.5918841538307,2268.2967172048666
55.943410974321324,-3.190034743338761,ENE,55.943525779351035,-3.1897575794790076,1708.5918841538307,2267.0467172048666
55.943525779351035,-3.1897575794790076,ENE,55.943640584380745,-3.189480415619254,1708.5918841538307,2265.7967172048666
55.943640584380745,-3.189480415619254,ENE,55.943755389410455,-3.189203251759501,1708.5918841538307,2264.5467172048666
55.943755389410455,-3.189203251759501,SW,55.9435432573761,-3.1894153837938566,1708.5918841538307,2263.2967172048666
55.9435432573761,-3.1894153837938566,ENE,55.94365806240581,-3.189138219934103,1708.5918841538307,2262.0467172048666
55.94365806240581,-3.189138219934103,ENE,55.94377286743552,-3.1888610560743498,1708.5918841538307,2260.7967172048666
55.94377286743552,-3.1888610560743498,ENE,55.94388767246523,-3.1885838922145964,1708.5918841538307,2259.5467172048666
55.94388767246523,-3.1885838922145964,ENE,55.94400247749494,-3.188306728354843,1708.5918841538307,2258.2967172048666
55.94400247749494,-3.188306728354843,ENE,55.94411728252465,-3.1880295644950896,1708.5918841538307,2257.0467172048666
55.94411728252465,-3.1880295644950896,NNW,55.94439444638441,-3.188144369524799,1708.5918841538307,2255.7967172048666
55.94439444638441,-3.188144369524799,SE,55.94418231435005,-3.1879322374904433,1708.5918841538307,2254.5467172048666
55.94418231435005,-3.1879322374904433,SE,55.943970182315695,-3.1877201054560875,1708.5918841538307,2253.2967172048666
55.943970182315695,-3.1877201054560875,ENE,55.944084987345406,-3.187442941596334,1708.5918841538307,2252.0467172048666
55.944084987345406,-3.187442941596334,ENE,55.944199792375116,-3.1871657777365807,1708.5918841538307,2250.7967172048666
55.944199792375116,-3.1871657777365807,ENE,55.944314597404826,-3.1868886138768273,1708.5918841538307,2249.5467172048666
55.944314597404826,-3.1868886138768273,ENE,55.94442940243454,-3.186611450017074,1708.5918841538307,2248.2967172048666
55.94442940243454,-3.186611450017074,ENE,55.94454420746425,-3.1863342861573205,1708.5918841538307,2247.0467172048666
55.94454420746425,-3.1863342861573205,ENE,55.94465901249396,-3.186057122297567,1708.5918841538307,2245.7967172048666
55.94465901249396,-3.186057122297567,ENE,55.94477381752367,-3.1857799584378137,1708.5918841538307,2244.5467172048666
55.94477381752367,-3.1857799584378137,NNE,55.945050981383424,-3.185665153408104,1708.5918841538307,2243.2967172048666
55.945050981383424,-3.185665153408104,WNW,55.945165786413135,-3.1859423172678576,1708.5918841538307,2242.0467172048666
55.945165786413135,-3.1859423172678576,WSW,55.945050981383424,-3.186219481127611,1708.5918841538307,2240.7967172048666
55.945050981383424,-3.186219481127611,WSW,55.944936176353714,-3.1864966449873644,1708.5918841538307,2239.5467172048666
55.944936176353714,-3.1864966449873644,WSW,55.944821371324004,-3.186773808847118,1708.5918841538307,2238.2967172048666
55.944821371324004,-3.186773808847118,WSW,55.94470656629429,-3.187050972706871,1708.5918841538307,2237.0467172048666
55.94470656629429,-3.187050972706871,WSW,55.94459176126458,-3.1873281365666246,1708.5918841538307,2235.7967172048666
55.94459176126458,-3.1873281365666246,SSW,55.944314597404826,-3.187442941596334,1708.5918841538307,2234.5467172048666
55.944314597404826,-3.187442941596334,ENE,55.94442940243454,-3.1871657777365807,1708.5918841538307,2233.2967172048666
55.94442940243454,-3.1871657777365807,N,55.94472940243454,-3.1871657777365807,1708.5918841538307,2232.0467172048666
55.94472940243454,-3.1871657777365807,ENE,55.94484420746425,-3.1868886138768273,1708.5918841538307,2230.7967172048666
55.94484420746425,-3.1868886138768273,ENE,55.94495901249396,-3.186611450017074,1708.5918841538307,2229.5467172048666
55.94495901249396,-3.186611450017074,ENE,55.94507381752367,-3.1863342861573205,1708.5918841538307,2228.2967172048666
55.94507381752367,-3.1863342861573205,ENE,55.94518862255338,-3.186057122297567,1708.5918841538307,2227.0467172048666
55.94518862255338,-3.186057122297567,SE,55.944976490519025,-3.1858449902632113,1708.5918841538307,2225.7967172048666
55.944976490519025,-3.1858449902632113,ENE,55.945091295548735,-3.185567826403458,1708.5918841538307,2224.5467172048666
55.945091295548735,-3.185567826403458,ENE,55.945206100578446,-3.1852906625437045,1708.5918841538307,2223.2967172048666
55.945206100578446,-3.1852906625437045,S,55.94490610057844,-3.1852906625437045,1708.5918841538307,2222.0467172048666
55.94490610057844,-3.1852906625437045,NE,55.9451182326128,-3.1850785305093487,1708.5918841538307,2220.7967172048666
55.9451182326128,-3.1850785305093487,E,55.9451182326128,-3.1847785305093486,1708.5918841538307,2219.5467172048666
55.9451182326128,-3.1847785305093486,E,55.9451182326128,-3.1844785305093484,1708.5918841538307,2218.2967172048666
55.9451182326128,-3.1844785305093484,N,55.9454182326128,-3.1844785305093484,1792.2554818624853,2298.129175497321
55.9454182326128,-3.1844785305093484,S,55.9451182326128,-3.1844785305093484,1792.2554818624853,2296.879175497321
55.9451182326128,-3.1844785305093484,N,55.9454182326128,-3.1844785305093484,1792.2554818624853,2295.629175497321
55.9454182326128,-3.1844785305093484,S,55.9451182326128,-3.1844785305093484,1792.2554818624853,2294.379175497321
55.9451182326128,-3.1844785305093484,N,55.9454182326128,-3.1844785305093484,1792.2554818624853,2293.129175497321
55.9454182326128,-3.1844785305093484,S,55.9451182326128,-3.1844785305093484,1792.2554818624853,2291.879175497321
55.9451182326128,-3.1844785305093484,N,55.9454182326128,-3.1844785305093484,1792.2554818624853,2290.629175497321
55.9454182326128,-3.1844785305093484,S,55.9451182326128,-3.1844785305093484,1792.2554818624853,2289.379175497321
55.9451182326128,-3.1844785305093484,N,55.9454182326128,-3.1844785305093484,1792.2554818624853,2288.129175497321
55.9454182326128,-3.1844785305093484,S,55.9451182326128,-3.1844785305093484,1792.2554818624853,2286.879175497321
55.9451182326128,-3.1844785305093484,N,55.9454182326128,-3.1844785305093484,1792.2554818624853,2285.629175497321
55.9454182326128,-3.1844785305093484,S,55.9451182326128,-3.1844785305093484,1792.2554818624853,2284.379175497321
55.9451182326128,-3.1844785305093484,N,55.9454182326128,-3.1844785305093484,1792.2554818624853,2283.129175497321
55.9454182326128,-3.1844785305093484,S,55.9451182326128,-3.1844785305093484,1792.2554818624853,2281.879175497321
55.9451182326128,-3.1844785305093484,N,55.9454182326128,-3.1844785305093484,1792.2554818624853,2280.629175497321
55.9454182326128,-3.1844785305093484,S,55.9451182326128,-3.1844785305093484,1792.2554818624853,2279.379175497321
55.9451182326128,-3.1844785305093484,N,55.9454182326128,-3.1844785305093484,1792.2554818624853,2278.129175497321
55.9454182326128,-3.1844785305093484,S,55.9451182326128,-3.1844785305093484,1792.2554818624853,2276.879175497321
55.9451182326128,-3.1844785305093484,N,55.9454182326128,-3.1844785305093484,1792.2554818624853,2275.629175497321
55.9454182326128,-3.1844785305093484,S,55.9451182326128,-3.1844785305093484,1792.2554818624853,2274.379175497321
55.9451182326128,-3.1844785305093484,N,55.9454182326128,-3.1844785305093484,1792.2554818624853,2273.129175497321
55.9454182326128,-3.1844785305093484,S,55.9451182326128,-3.1844785305093484,1792.2554818624853,2271.879175497321
55.9451182326128,-3.1844785305093484,N,55.9454182326128,-3.1844785305093484,1792.2554818624853,2270.629175497321
55.9454182326128,-3.1844785305093484,S,55.9451182326128,-3.1844785305093484,1792.2554818624853,2269.379175497321
55.9451182326128,-3.1844785305093484,N,55.9454182326128,-3.1844785305093484,1792.2554818624853,2268.129175497321
55.9454182326128,-3.1844785305093484,S,55.9451182326128,-3.1844785305093484,1792.2554818624853,2266.879175497321
55.9451182326128,-3.1844785305093484,N,55.9454182326128,-3.1844785305093484,1792.2554818624853,2265.629175497321
55.9454182326128,-3.1844785305093484,S,55.9451182326128,-3.1844785305093484,1792.2554818624853,2264.379175497321
55.9451182326128,-3.1844785305093484,N,55.9454182326128,-3.1844785305093484,1792.2554818624853,2263.129175497321
55.9454182326128,-3.1844785305093484,S,55.9451182326128,-3.1844785305093484,1792.2554818624853,2261.879175497321
55.9451182326128,-3.1844785305093484,N,55.9454182326128,-3.1844785305093484,1792.2554818624853,2260.629175497321
55.9454182326128,-3.1844785305093484,S,55.9451182326128,-3.1844785305093484,1792.2554818624853,2259.379175497321
55.9451182326128,-3.1844785305093484,N,55.9454182326128,-3.1844785305093484,1792.2554818624853,2258.129175497321
55.9454182326128,-3.1844785305093484,S,55.9451182326128,-3.1844785305093484,1792.2554818624853,2256.879175497321
55.9451182326128,-3.1844785305093484,N,55.9454182326128,-3.1844785305093484,1792.2554818624853,2255.629175497321
55.9454182326128,-3.1844785305093484,S,55.9451182326128,-3.1844785305093484,1792.2554818624853,2254.379175497321
55.9451182326128,-3.1844785305093484,N,55.9454182326128,-3.1844785305093484,1792.2554818624853,2253.129175497321
55.9454182326128,-3.1844785305093484,S,55.9451182326128,-3.1844785305093484,1792.2554818624853,2251.879175497321
55.9451182326128,-3.1844785305093484,N,55.9454182326128,-3.1844785305093484,1792.2554818624853,2250.629175497321
55.9454182326128,-3.1844785305093484,S,55.9451182326128,-3.1844785305093484,1792.2554818624853,2249.379175497321
55.9451182326128,-3.1844785305093484,N,55.9454182326128,-3.1844785305093484,1792.2554818624853,2248.129175497321
55.9454182326128,-3.1844785305093484,S,55.9451182326128,-3.1844785305093484,1792.2554818624853,2246.879175497321
55.9451182326128,-3.1844785305093484,N,55.9454182326128,-3.1844785305093484,1792.2554818624853,2245.629175497321
55.9454182326128,-3.1844785305093484,S,55.9451182326128,-3.1844785305093484,1792.2554818624853,2244.379175497321
55.9451182326128,-3.1844785305093484,N,55.9454182326128,-3.1844785305093484,1792.2554818624853,2243.129175497321
55.9454182326128,-3.1844785305093484,S,55.9451182326128,-3.1844785305093484,1792.2554818624853,2241.879175497321
55.9451182326128,-3.1844785305093484,N,55.9454182326128,-3.1844785305093484,1792.2554818624853,2240.629175497321
55.9454182326128,-3.1844785305093484,S,55.9451182326128,-3.1844785305093484,1792.2554818624853,2239.379175497321
55.9451182326128,-3.1844785305093484,N,55.9454182326128,-3.1844785305093484,1792.2554818624853,2238.129175497321
55.9454182326128,-3.1844785305093484,S,55.9451182326128,-3.1844785305093484,1792.2554818624853,2236.879175497321
55.9451182326128,-3.1844785305093484,N,55.9454182326128,-3.1844785305093484,1792.2554818624853,2235.629175497321
55.9454182326128,-3.1844785305093484,S,55.9451182326128,-3.1844785305093484,1792.2554818624853,2234.379175497321
55.9451182326128,-3.1844785305093484,N,55.9454182326128,-3.1844785305093484,1792.2554818624853,2233.129175497321
55.9454182326128,-3.1844785305093484,S,55.9451182326128,-3.1844785305093484,1792.2554818624853,2231.879175497321
55.9451182326128,-3.1844785305093484,N,55.9454182326128,-3.1844785305093484,1792.2554818624853,2230.629175497321
55.9454182326128,-3.1844785305093484,S,55.9451182326128,-3.1844785305093484,1792.2554818624853,2229.379175497321
55.9451182326128,-3.1844785305093484,N,55.9454182326128,-3.1844785305093484,1792.2554818624853,2228.129175497321
55.9454182326128,-3.1844785305093484,S,55.9451182326128,-3.1844785305093484,1792.2554818624853,2226.879175497321
55.9451182326128,-3.1844785305093484,N,55.9454182326128,-3.1844785305093484,1792.2554818624853,2225.629175497321
55.9454182326128,-3.1844785305093484,S,55.9451182326128,-3.1844785305093484,1792.2554818624853,2224.379175497321
55.9451182326128,-3.1844785305093484,N,55.9454182326128,-3.1844785305093484,1792.2554818624853,2223.129175497321
55.9454182326128,-3.1844785305093484,S,55.9451182326128,-3.1844785305093484,1792.2554818624853,2221.879175497321
55.9451182326128,-3.1844785305093484,N,55.9454182326128,-3.1844785305093484,1792.2554818624853,2220.629175497321
55.9454182326128,-3.1844785305093484,S,55.9451182326128,-3.1844785305093484,1792.2554818624853,2219.379175497321
55.9451182326128,-3.1844785305093484,N,55.9454182326128,-3.1844785305093484,1792.2554818624853,2218.129175497321
55.9454182326128,-3.1844785305093484,S,55.9451182326128,-3.1844785305093484,1792.2554818624853,2216.879175497321
55.9451182326128,-3.1844785305093484,N,55.9454182326128,-3.1844785305093484,1792.2554818624853,2215.629175497321
55.9454182326128,-3.1844785305093484,S,55.9451182326128,-3.1844785305093484,1792.2554818624853,2214.379175497321
55.9451182326128,-3.1844785305093484,N,55.9454182326128,-3.1844785305093484,1792.2554818624853,2213.129175497321
55.9454182326128,-3.1844785305093484,S,55.9451182326128,-3.1844785305093484,1792.2554818624853,2211.879175497321
55.9451182326128,-3.1844785305093484,N,55.9454182326128,-3.1844785305093484,1792.2554818624853,2210.629175497321
55.9454182326128,-3.1844785305093484,S,55.9451182326128,-3.1844785305093484,1792.2554818624853,2209.379175497321
55.9451182326128,-3.1844785305093484,N,55.9454182326128,-3.1844785305093484,1792.2554818624853,2208.129175497321
55.9454182326128,-3.1844785305093484,S,55.9451182326128,-3.1844785305093484,1792.2554818624853,2206.879175497321
55.9451182326128,-3.1844785305093484,N,55.9454182326128,-3.1844785305093484,1792.2554818624853,2205.629175497321
55.9454182326128,-3.1844785305093484,S,55.9451182326128,-3.1844785305093484,1792.2554818624853,2204.379175497321
55.9451182326128,-3.1844785305093484,N,55.9454182326128,-3.1844785305093484,1792.2554818624853,2203.129175497321
55.9454182326128,-3.1844785305093484,S,55.9451182326128,-3.1844785305093484,1792.2554818624853,2201.879175497321
55.9451182326128,-3.1844785305093484,N,55.9454182326128,-3.1844785305093484,1792.2554818624853,2200.629175497321
55.9454182326128,-3.1844785305093484,S,55.9451182326128,-3.1844785305093484,1792.2554818624853,2199.379175497321
55.9451182326128,-3.1844785305093484,N,55.9454182326128,-3.1844785305093484,1792.2554818624853,2198.129175497321
55.9454182326128,-3.1844785305093484,S,55.9451182326128,-3.1844785305093484,1792.2554818624853,2196.879175497321
55.9451182326128,-3.1844785305093484,N,55.9454182326128,-3.1844785305093484,1792.2554818624853,2195.629175497321
55.9454182326128,-3.1844785305093484,S,55.9451182326128,-3.1844785305093484,1792.2554818624853,2194.379175497321
55.9451182326128,-3.1844785305093484,N,55.9454182326128,-3.1844785305093484,1792.2554818624853,2193.129175497321
55.9454182326128,-3.1844785305093484,S,55.9451182326128,-3.1844785305093484,1792.2554818624853,2191.879175497321
55.9451182326128,-3.1844785305093484,N,55.9454182326128,-3.1844785305093484,1792.2554818624853,2190.629175497321
55.9454182326128,-3.1844785305093484,S,55.9451182326128,-3.1844785305093484,1792.2554818624853,2189.379175497321
55.9451182326128,-3.1844785305093484,N,55.9454182326128,-3.1844785305093484,1792.2554818624853,2188.129175497321
55.9454182326128,-3.1844785305093484,S,55.9451182326128,-3.1844785305093484,1792.2554818624853,2186.879175497321
55.9451182326128,-3.1844785305093484,N,55.9454182326128,-3.1844785305093484,1792.2554818624853,2185.629175497321
55.9454182326128,-3.1844785305093484,S,55.9451182326128,-3.1844785305093484,1792.2554818624853,2184.379175497321
55.9451182326128,-3.1844785305093484,N,55.9454182326128,-3.1844785305093484,1792.2554818624853,2183.129175497321
55.9454182326128,-3.1844785305093484,S,55.9451182326128,-3.1844785305093484,1792.2554818624853,2181.879175497321
55.9451182326128,-3.1844785305093484,N,55.9454182326128,-3.1844785305093484,1792.2554818624853,2180.629175497321
55.9454182326128,-3.1844785305093484,S,55.9451182326128,-3.1844785305093484,1792.2554818624853,2179.379175497321
55.9451182326128,-3.1844785305093484,N,55.9454182326128,-3.1844785305093484,1792.2554818624853,2178.129175497321
55.9454182326128,-3.1844785305093484,S,55.9451182326128,-3.1844785305093484,1792.2554818624853,2176.879175497321
55.9451182326128,-3.1844785305093484,N,55.9454182326128,-3.1844785305093484,1792.2554818624853,2175.629175497321
55.9454182326128,-3.1844785305093484,S,55.9451182326128,-3.1844785305093484,1792.2554818624853,2174.379175497321
55.9451182326128,-3.1844785305093484,N,55.9454182326128,-3.1844785305093484,1792.2554818624853,2173.129175497321
55.9454182326128,-3.1844785305093484,S,55.9451182326128,-3.1844785305093484,1792.2554818624853,2171.879175497321
55.9451182326128,-3.1844785305093484,N,55.9454182326128,-3.1844785305093484,1792.2554818624853,2170.629175497321
55.9454182326128,-3.1844785305093484,S,55.9451182326128,-3.1844785305093484,1792.2554818624853,2169.379175497321
55.9451182326128,-3.1844785305093484,N,55.9454182326128,-3.1844785305093484,1792.2554818624853,2168.129175497321
55.9454182326128,-3.1844785305093484,S,55.9451182326128,-3.1844785305093484,1792.2554818624853,2166.879175497321
55.9451182326128,-3.1844785305093484,N,55.9454182326128,-3.1844785305093484,1792.2554818624853,2165.629175497321
55.9454182326128,-3.1844785305093484,S,55.9451182326128,-3.1844785305093484,1792.2554818624853,2164.379175497321
55.9451182326128,-3.1844785305093484,N,55.9454182326128,-3.1844785305093484,1792.2554818624853,2163.129175497321
55.9454182326128,-3.1844785305093484,S,55.9451182326128,-3.1844785305093484,1792.2554818624853,2161.879175497321
55.9451182326128,-3.1844785305093484,N,55.9454182326128,-3.1844785305093484,1792.2554818624853,2160.629175497321
55.9454182326128,-3.1844785305093484,S,55.9451182326128,-3.1844785305093484,1792.2554818624853,2159.379175497321
55.9451182326128,-3.1844785305093484,N,55.9454182326128,-3.1844785305093484,1792.2554818624853,2158.129175497321
55.9454182326128,-3.1844785305093484,S,55.9451182326128,-3.1844785305093484,1792.2554818624853,2156.879175497321
55.9451182326128,-3.1844785305093484,N,55.9454182326128,-3.1844785305093484,1792.2554818624853,2155.629175497321
55.9454182326128,-3.1844785305093484,S,55.9451182326128,-3.1844785305093484,1792.2554818624853,2154.379175497321
55.9451182326128,-3.1844785305093484,N,55.9454182326128,-3.1844785305093484,1792.2554818624853,2153.129175497321
