55.944425,-3.188396,NW,55.94463713203436,-3.188608132034356,43.51750672133503,300.22946288273465
55.94463713203436,-3.188608132034356,SW,55.944425,-3.1888202640687116,165.146686123375,397.26542483112416
55.944425,-3.1888202640687116,NW,55.94463713203436,-3.1890323961030673,268.8378410992918,495.06040979373944
55.94463713203436,-3.1890323961030673,NE,55.944849264068715,-3.1888202640687116,268.8378410992918,493.81040979373944
55.944849264068715,-3.1888202640687116,NNE,55.94512642792847,-3.188705459039002,323.576297369135,587.5003719589346
55.94512642792847,-3.188705459039002,NW,55.94533855996283,-3.188917591073358,323.576297369135,586.2503719589346
55.94533855996283,-3.188917591073358,NW,55.945550691997184,-3.1891297231077136,323.576297369135,585.0003719589346
55.945550691997184,-3.1891297231077136,NW,55.94576282403154,-3.1893418551420694,323.576297369135,583.7503719589346
55.94576282403154,-3.1893418551420694,NW,55.945974956065896,-3.189553987176425,349.49109797633366,703.2354523908054
55.945974956065896,-3.189553987176425,W,55.945974956065896,-3.1898539871764253,349.49109797633366,701.9854523908054
55.945974956065896,-3.1898539871764253,WNW,55.94608976109561,-3.1901311510361787,401.08568800256563,799.5909033210444
55.94608976109561,-3.1901311510361787,SSW,55.94581259723585,-3.1902459560658882,401.08568800256563,798.3409033210444
55.94581259723585,-3.1902459560658882,SSE,55.945535433376094,-3.1901311510361787,401.08568800256563,797.0909033210444
55.945535433376094,-3.1901311510361787,SSW,55.94525826951634,-3.1902459560658882,401.08568800256563,795.8409033210444
55.94525826951634,-3.1902459560658882,WSW,55.94514346448663,-3.1905231199256416,521.8983822387802,832.8657429239719
55.94514346448663,-3.1905231199256416,W,55.94514346448663,-3.190823119925642,615.9467655314423,896.053768604379
55.94514346448663,-3.190823119925642,SSW,55.94486630062687,-3.1909379249553513,615.9467655314423,894.803768604379
55.94486630062687,-3.1909379249553513,SSW,55.944589136767114,-3.191052729985061,615.9467655314423,893.553768604379
55.944589136767114,-3.191052729985061,SSW,55.94431197290736,-3.1911675350147704,694.2063897202378,936.4806589743363
55.94431197290736,-3.1911675350147704,WSW,55.94419716787765,-3.1914446988745238,694.2063897202378,935.2306589743363
55.94419716787765,-3.1914446988745238,W,55.94419716787765,-3.191744698874524,696.4365802391578,962.7964529324421
55.94419716787765,-3.191744698874524,W,55.94419716787765,-3.192044698874524,821.418421075666,1052.7531928982116
55.94419716787765,-3.192044698874524,NNW,55.9444743317374,-3.1921595039042336,821.418421075666,1051.5031928982116
55.9444743317374,-3.1921595039042336,NNW,55.94475149559716,-3.192274308933943,852.611613391374,1144.401345230009
55.94475149559716,-3.192274308933943,NNE,55.945028659456916,-3.1921595039042336,963.1003015780244,1203.0274247133318
55.945028659456916,-3.1921595039042336,N,55.94532865945692,-3.1921595039042336,963.1003015780244,1201.7774247133318
55.94532865945692,-3.1921595039042336,N,55.94562865945692,-3.1921595039042336,1016.1192327090921,1260.008936095089
55.94562865945692,-3.1921595039042336,NNE,55.94590582331668,-3.192044698874524,1076.621317435759,1362.2570000979504
55.94590582331668,-3.192044698874524,SE,55.94569369128232,-3.1918325668401684,1076.621317435759,1361.0070000979504
55.94569369128232,-3.1918325668401684,SE,55.945481559247966,-3.1916204348058126,1076.621317435759,1359.7570000979504
55.945481559247966,-3.1916204348058126,SE,55.94526942721361,-3.191408302771457,1076.621317435759,1358.5070000979504
55.94526942721361,-3.191408302771457,SE,55.945057295179254,-3.191196170737101,1076.621317435759,1357.2570000979504
55.945057295179254,-3.191196170737101,SE,55.9448451631449,-3.1909840387027453,1076.621317435759,1356.0070000979504
55.9448451631449,-3.1909840387027453,SSE,55.94456799928514,-3.1908692336730358,1076.621317435759,1354.7570000979504
55.94456799928514,-3.1908692336730358,SE,55.944355867250785,-3.19065710163868,1076.621317435759,1353.5070000979504
55.944355867250785,-3.19065710163868,ESE,55.944241062221074,-3.1903799377789266,1076.621317435759,1352.2570000979504
55.944241062221074,-3.1903799377789266,S,55.94394106222107,-3.1903799377789266,1076.621317435759,1351.0070000979504
55.94394106222107,-3.1903799377789266,SSE,55.943663898361315,-3.190265132749217,1076.621317435759,1349.7570000979504
55.943663898361315,-3.190265132749217,SE,55.94345176632696,-3.1900530007148613,1153.9011506218637,1421.531196801163
55.94345176632696,-3.1900530007148613,ESE,55.94333696129725,-3.189775836855108,1153.9011506218637,1420.281196801163
55.94333696129725,-3.189775836855108,ESE,55.94322215626754,-3.1894986729953545,1259.6145483528353,1480.1053930865464
55.94322215626754,-3.1894986729953545,SSE,55.94294499240778,-3.189383867965645,1263.2986686798984,1573.5806782598452
55.94294499240778,-3.189383867965645,NE,55.94315712444214,-3.189171735931289,1263.2986686798984,1572.3306782598452
55.94315712444214,-3.189171735931289,NE,55.943369256476494,-3.1889596038969334,1263.2986686798984,1571.0806782598452
55.943369256476494,-3.1889596038969334,NE,55.94358138851085,-3.1887474718625777,1263.2986686798984,1569.8306782598452
55.94358138851085,-3.1887474718625777,NE,55.943793520545206,-3.188535339828222,1308.3998117296946,1691.9833119733626
55.943793520545206,-3.188535339828222,SE,55.94358138851085,-3.188323207793866,1353.2969597731021,1786.724551474904
55.94358138851085,-3.188323207793866,NE,55.943793520545206,-3.1881110757595104,1468.6050472247803,1902.8799324545603
55.943793520545206,-3.1881110757595104,ENE,55.94390832557492,-3.187833911899757,1468.6050472247803,1901.6299324545603
55.94390832557492,-3.187833911899757,ENE,55.94402313060463,-3.1875567480400036,1468.6050472247803,1900.3799324545603
55.94402313060463,-3.1875567480400036,ENE,55.94413793563434,-3.18727958418025,1468.6050472247803,1899.1299324545603
55.94413793563434,-3.18727958418025,ENE,55.94425274066405,-3.1870024203204967,1468.6050472247803,1897.8799324545603
55.94425274066405,-3.1870024203204967,ENE,55.94436754569376,-3.1867252564607433,1468.6050472247803,1896.6299324545603
55.94436754569376,-3.1867252564607433,ENE,55.94448235072347,-3.18644809260099,1507.0733777393034,1915.3573197996461
55.94448235072347,-3.18644809260099,ESE,55.94436754569376,-3.1861709287412365,1507.0733777393034,1914.1073197996461
55.94436754569376,-3.1861709287412365,ESE,55.94425274066405,-3.185893764881483,1537.3412498337696,1931.414864918828
55.94425274066405,-3.185893764881483,ENE,55.94436754569376,-3.1856166010217297,1612.13348502721,2025.8853219842993
55.94436754569376,-3.1856166010217297,SSW,55.944090381834,-3.1857314060514392,1612.13348502721,2024.6353219842993
55.944090381834,-3.1857314060514392,S,55.943790381834,-3.1857314060514392,1720.5691589046696,2035.6830030578433
55.943790381834,-3.1857314060514392,SE,55.94357824979964,-3.1855192740170835,1720.5691589046696,2034.4330030578433
55.94357824979964,-3.1855192740170835,SSE,55.943301085939886,-3.185404468987374,1754.8800850955765,2111.3092412599453
55.943301085939886,-3.185404468987374,E,55.943301085939886,-3.1851044689873738,1850.9984262546068,2211.251695982624
55.943301085939886,-3.1851044689873738,N,55.94360108593989,-3.1851044689873738,1850.9984262546068,2210.001695982624
55.94360108593989,-3.1851044689873738,N,55.94390108593989,-3.1851044689873738,1850.9984262546068,2208.751695982624
55.94390108593989,-3.1851044689873738,N,55.944201085939895,-3.1851044689873738,1850.9984262546068,2207.501695982624
55.944201085939895,-3.1851044689873738,N,55.9445010859399,-3.1851044689873738,1850.9984262546068,2206.251695982624
55.9445010859399,-3.1851044689873738,N,55.9448010859399,-3.1851044689873738,1850.9984262546068,2205.001695982624
55.9448010859399,-3.1851044689873738,N,55.9451010859399,-3.1851044689873738,1850.9984262546068,2203.751695982624
55.9451010859399,-3.1851044689873738,NNW,55.94537824979966,-3.1852192740170833,1902.1653621957566,2218.749342937547
55.94537824979966,-3.1852192740170833,NNE,55.945655413659416,-3.1851044689873738,1918.7036600541371,2247.4481465886392
55.945655413659416,-3.1851044689873738,NE,55.94586754569377,-3.184892336953018,1918.7036600541371,2246.1981465886392
55.94586754569377,-3.184892336953018,NE,55.94607967772813,-3.184680204918662,2042.1475807893494,2353.9884100093373
55.94607967772813,-3.184680204918662,W,55.94607967772813,-3.1849802049186624,2042.1475807893494,2352.7384100093373
55.94607967772813,-3.1849802049186624,WSW,55.94596487269842,-3.185257368778416,2042.1475807893494,2351.4884100093373
55.94596487269842,-3.185257368778416,WSW,55.94585006766871,-3.185534532638169,2042.1475807893494,2350.2384100093373
55.94585006766871,-3.185534532638169,WSW,55.945735262639,-3.1858116964979226,2042.1475807893494,2348.9884100093373
55.945735262639,-3.1858116964979226,W,55.945735262639,-3.186111696497923,2042.1475807893494,2347.7384100093373
55.945735262639,-3.186111696497923,W,55.945735262639,-3.186411696497923,2042.1475807893494,2346.4884100093373
55.945735262639,-3.186411696497923,W,55.945735262639,-3.186711696497923,2155.2911436223835,2423.901177456923
55.945735262639,-3.186711696497923,E,55.945735262639,-3.186411696497923,2155.2911436223835,2422.651177456923
55.945735262639,-3.186411696497923,W,55.945735262639,-3.186711696497923,2155.2911436223835,2421.401177456923
55.945735262639,-3.186711696497923,E,55.945735262639,-3.186411696497923,2155.2911436223835,2420.151177456923
55.945735262639,-3.186411696497923,W,55.945735262639,-3.186711696497923,2155.2911436223835,2418.901177456923
55.945735262639,-3.186711696497923,E,55.945735262639,-3.186411696497923,2155.2911436223835,2417.651177456923
55.945735262639,-3.186411696497923,W,55.945735262639,-3.186711696497923,2155.2911436223835,2416.401177456923
55.945735262639,-3.186711696497923,E,55.945735262639,-3.186411696497923,2155.2911436223835,2415.151177456923
55.945735262639,-3.186411696497923,W,55.945735262639,-3.186711696497923,2155.2911436223835,2413.901177456923
55.945735262639,-3.186711696497923,E,55.945735262639,-3.186411696497923,2155.2911436223835,2412.651177456923
55.945735262639,-3.186411696497923,W,55.945735262639,-3.186711696497923,2155.2911436223835,2411.401177456923
55.945735262639,-3.186711696497923,E,55.945735262639,-3.186411696497923,2155.2911436223835,2410.151177456923
55.945735262639,-3.186411696497923,W,55.945735262639,-3.186711696497923,2155.2911436223835,2408.901177456923
55.945735262639,-3.186711696497923,E,55.945735262639,-3.186411696497923,2155.2911436223835,2407.651177456923
55.945735262639,-3.186411696497923,W,55.945735262639,-3.186711696497923,2155.2911436223835,2406.401177456923
55.945735262639,-3.186711696497923,E,55.945735262639,-3.186411696497923,2155.2911436223835,2405.151177456923
55.945735262639,-3.186411696497923,W,55.945735262639,-3.186711696497923,2155.2911436223835,2403.901177456923
55.945735262639,-3.186711696497923,E,55.945735262639,-3.186411696497923,2155.2911436223835,2402.651177456923
55.945735262639,-3.186411696497923,W,55.945735262639,-3.186711696497923,2155.2911436223835,2401.401177456923
55.945735262639,-3.186711696497923,E,55.945735262639,-3.186411696497923,2155.2911436223835,2400.151177456923
55.945735262639,-3.186411696497923,W,55.945735262639,-3.186711696497923,2155.2911436223835,2398.901177456923
55.945735262639,-3.186711696497923,E,55.945735262639,-3.186411696497923,2155.2911436223835,2397.651177456923
55.945735262639,-3.186411696497923,W,55.945735262639,-3.186711696497923,2155.2911436223835,2396.401177456923
55.945735262639,-3.186711696497923,E,55.945735262639,-3.186411696497923,2155.2911436223835,2395.151177456923
55.945735262639,-3.186411696497923,W,55.945735262639,-3.186711696497923,2155.2911436223835,2393.901177456923
55.945735262639,-3.186711696497923,E,55.945735262639,-3.186411696497923,2155.2911436223835,2392.651177456923
55.945735262639,-3.186411696497923,W,55.945735262639,-3.186711696497923,2155.2911436223835,2391.401177456923
55.945735262639,-3.186711696497923,E,55.945735262639,-3.186411696497923,2155.2911436223835,2390.151177456923
55.945735262639,-3.186411696497923,W,55.945735262639,-3.186711696497923,2155.2911436223835,2388.901177456923
55.945735262639,-3.186711696497923,E,55.945735262639,-3.186411696497923,2155.2911436223835,2387.651177456923
55.945735262639,-3.186411696497923,W,55.945735262639,-3.186711696497923,2155.2911436223835,2386.401177456923
55.945735262639,-3.186711696497923,E,55.945735262639,-3.186411696497923,2155.2911436223835,2385.151177456923
55.945735262639,-3.186411696497923,W,55.945735262639,-3.186711696497923,2155.2911436223835,2383.901177456923
55.945735262639,-3.186711696497923,E,55.945735262639,-3.186411696497923,2155.2911436223835,2382.651177456923
55.945735262639,-3.186411696497923,W,55.945735262639,-3.186711696497923,2155.2911436223835,2381.401177456923
55.945735262639,-3.186711696497923,E,55.945735262639,-3.186411696497923,2155.2911436223835,2380.151177456923
55.945735262639,-3.186411696497923,W,55.945735262639,-3.186711696497923,2155.2911436223835,2378.901177456923
55.945735262639,-3.186711696497923,E,55.945735262639,-3.186411696497923,2155.2911436223835,2377.651177456923
55.945735262639,-3.186411696497923,W,55.945735262639,-3.186711696497923,2155.2911436223835,2376.401177456923
55.945735262639,-3.186711696497923,E,55.945735262639,-3.186411696497923,2155.2911436223835,2375.151177456923
55.945735262639,-3.186411696497923,W,55.945735262639,-3.186711696497923,2155.2911436223835,2373.901177456923
55.945735262639,-3.186711696497923,E,55.945735262639,-3.186411696497923,2155.2911436223835,2372.651177456923
55.945735262639,-3.186411696497923,W,55.945735262639,-3.186711696497923,2155.2911436223835,2371.401177456923
55.945735262639,-3.186711696497923,E,55.945735262639,-3.186411696497923,2155.2911436223835,2370.151177456923
55.945735262639,-3.186411696497923,W,55.945735262639,-3.186711696497923,2155.2911436223835,2368.901177456923
55.945735262639,-3.186711696497923,E,55.945735262639,-3.186411696497923,2155.2911436223835,2367.651177456923
55.945735262639,-3.186411696497923,W,55.945735262639,-3.186711696497923,2155.2911436223835,2366.401177456923
55.945735262639,-3.186711696497923,E,55.945735262639,-3.186411696497923,2155.2911436223835,2365.151177456923
55.945735262639,-3.186411696497923,W,55.945735262639,-3.186711696497923,2155.2911436223835,2363.901177456923
55.945735262639,-3.186711696497923,E,55.945735262639,-3.186411696497923,2155.2911436223835,2362.651177456923
55.945735262639,-3.186411696497923,W,55.945735262639,-3.186711696497923,2155.2911436223835,2361.401177456923
55.945735262639,-3.186711696497923,E,55.945735262639,-3.186411696497923,2155.2911436223835,2360.151177456923
55.945735262639,-3.186411696497923,W,55.945735262639,-3.186711696497923,2155.2911436223835,2358.901177456923
55.945735262639,-3.186711696497923,E,55.945735262639,-3.186411696497923,2155.2911436223835,2357.651177456923
55.945735262639,-3.186411696497923,W,55.945735262639,-3.186711696497923,2155.2911436223835,2356.401177456923
55.945735262639,-3.186711696497923,E,55.945735262639,-3.186411696497923,2155.2911436223835,2355.151177456923
55.945735262639,-3.186411696497923,W,55.945735262639,-3.186711696497923,2155.2911436223835,2353.901177456923
55.945735262639,-3.186711696497923,E,55.945735262639,-3.186411696497923,2155.2911436223835,2352.651177456923
55.945735262639,-3.186411696497923,W,55.945735262639,-3.186711696497923,2155.2911436223835,2351.401177456923
55.945735262639,-3.186711696497923,E,55.945735262639,-3.186411696497923,2155.2911436223835,2350.151177456923
55.945735262639,-3.186411696497923,W,55.945735262639,-3.186711696497923,2155.2911436223835,2348.901177456923
55.945735262639,-3.186711696497923,E,55.945735262639,-3.186411696497923,2155.2911436223835,2347.651177456923
55.945735262639,-3.186411696497923,W,55.945735262639,-3.186711696497923,2155.2911436223835,2346.401177456923
55.945735262639,-3.186711696497923,E,55.945735262639,-3.186411696497923,2155.2911436223835,2345.151177456923
55.945735262639,-3.186411696497923,W,55.945735262639,-3.186711696497923,2155.2911436223835,2343.901177456923
55.945735262639,-3.186711696497923,E,55.945735262639,-3.186411696497923,2155.2911436223835,2342.651177456923
55.945735262639,-3.186411696497923,W,55.945735262639,-3.186711696497923,2155.2911436223835,2341.401177456923
55.945735262639,-3.186711696497923,E,55.945735262639,-3.186411696497923,2155.2911436223835,2340.151177456923
55.945735262639,-3.186411696497923,W,55.945735262639,-3.186711696497923,2155.2911436223835,2338.901177456923
55.945735262639,-3.186711696497923,E,55.945735262639,-3.186411696497923,2155.2911436223835,2337.651177456923
55.945735262639,-3.186411696497923,W,55.945735262639,-3.186711696497923,2155.2911436223835,2336.401177456923
55.945735262639,-3.186711696497923,E,55.945735262639,-3.186411696497923,2155.2911436223835,2335.151177456923
55.945735262639,-3.186411696497923,W,55.945735262639,-3.186711696497923,2155.2911436223835,2333.901177456923
55.945735262639,-3.186711696497923,E,55.945735262639,-3.186411696497923,2155.2911436223835,2332.651177456923
55.945735262639,-3.186411696497923,W,55.945735262639,-3.186711696497923,2155.2911436223835,2331.401177456923
55.945735262639,-3.186711696497923,E,55.945735262639,-3.186411696497923,2155.2911436223835,2330.151177456923
55.945735262639,-3.186411696497923,W,55.945735262639,-3.186711696497923,2155.2911436223835,2328.901177456923
55.945735262639,-3.186711696497923,E,55.945735262639,-3.186411696497923,2155.2911436223835,2327.651177456923
55.945735262639,-3.186411696497923,W,55.945735262639,-3.186711696497923,2155.2911436223835,2326.401177456923
55.945735262639,-3.186711696497923,E,55.945735262639,-3.186411696497923,2155.2911436223835,2325.151177456923
55.945735262639,-3.186411696497923,W,55.945735262639,-3.186711696497923,2155.2911436223835,2323.901177456923
55.945735262639,-3.186711696497923,E,55.945735262639,-3.186411696497923,2155.2911436223835,2322.651177456923
55.945735262639,-3.186411696497923,W,55.945735262639,-3.186711696497923,2155.2911436223835,2321.401177456923
55.945735262639,-3.186711696497923,E,55.945735262639,-3.186411696497923,2155.2911436223835,2320.151177456923
55.945735262639,-3.186411696497923,W,55.945735262639,-3.186711696497923,2155.2911436223835,2318.901177456923
55.945735262639,-3.186711696497923,E,55.945735262639,-3.186411696497923,2155.2911436223835,2317.651177456923
55.945735262639,-3.186411696497923,W,55.945735262639,-3.186711696497923,2155.2911436223835,2316.401177456923
55.945735262639,-3.186711696497923,E,55.945735262639,-3.186411696497923,2155.2911436223835,2315.151177456923
55.945735262639,-3.186411696497923,W,55.945735262639,-3.186711696497923,2155.2911436223835,2313.901177456923
55.945735262639,-3.186711696497923,E,55.945735262639,-3.186411696497923,2155.2911436223835,2312.651177456923
55.945735262639,-3.186411696497923,W,55.945735262639,-3.186711696497923,2155.2911436223835,2311.401177456923
55.945735262639,-3.186711696497923,E,55.945735262639,-3.186411696497923,2155.2911436223835,2310.151177456923
55.945735262639,-3.186411696497923,W,55.945735262639,-3.186711696497923,2155.2911436223835,2308.901177456923
55.945735262639,-3.186711696497923,E,55.945735262639,-3.186411696497923,2155.2911436223835,2307.651177456923
55.945735262639,-3.186411696497923,W,55.945735262639,-3.186711696497923,2155.2911436223835,2306.401177456923
55.945735262639,-3.186711696497923,E,55.945735262639,-3.186411696497923,2155.2911436223835,2305.151177456923
55.945735262639,-3.186411696497923,W,55.945735262639,-3.186711696497923,2155.2911436223835,2303.901177456923
55.945735262639,-3.186711696497923,E,55.945735262639,-3.186411696497923,2155.2911436223835,2302.651177456923
55.945735262639,-3.186411696497923,W,55.945735262639,-3.186711696497923,2155.2911436223835,2301.401177456923
55.945735262639,-3.186711696497923,E,55.945735262639,-3.186411696497923,2155.2911436223835,2300.151177456923
55.945735262639,-3.186411696497923,W,55.945735262639,-3.186711696497923,2155.2911436223835,2298.901177456923
55.945735262639,-3.186711696497923,E,55.945735262639,-3.186411696497923,2155.2911436223835,2297.651177456923
55.945735262639,-3.186411696497923,W,55.945735262639,-3.186711696497923,2155.2911436223835,2296.401177456923
55.945735262639,-3.186711696497923,E,55.945735262639,-3.186411696497923,2155.2911436223835,2295.151177456923
55.945735262639,-3.186411696497923,W,55.945735262639,-3.186711696497923,2155.2911436223835,2293.901177456923
55.945735262639,-3.186711696497923,E,55.945735262639,-3.186411696497923,2155.2911436223835,2292.651177456923
55.945735262639,-3.186411696497923,W,55.945735262639,-3.186711696497923,2155.2911436223835,2291.401177456923
55.945735262639,-3.186711696497923,E,55.945735262639,-3.186411696497923,2155.2911436223835,2290.151177456923
55.945735262639,-3.186411696497923,W,55.945735262639,-3.186711696497923,2155.2911436223835,2288.901177456923
55.945735262639,-3.186711696497923,E,55.945735262639,-3.186411696497923,2155.2911436223835,2287.651177456923
55.945735262639,-3.186411696497923,W,55.945735262639,-3.186711696497923,2155.2911436223835,2286.401177456923
55.945735262639,-3.186711696497923,E,55.945735262639,-3.186411696497923,2155.2911436223835,2285.151177456923
55.945735262639,-3.186411696497923,W,55.945735262639,-3.186711696497923,2155.2911436223835,2283.901177456923
55.945735262639,-3.186711696497923,E,55.945735262639,-3.186411696497923,2155.2911436223835,2282.651177456923
55.945735262639,-3.186411696497923,W,55.945735262639,-3.186711696497923,2155.2911436223835,2281.401177456923
55.945735262639,-3.186711696497923,E,55.945735262639,-3.186411696497923,2155.2911436223835,2280.151177456923
55.945735262639,-3.186411696497923,W,55.945735262639,-3.186711696497923,2155.2911436223835,2278.901177456923
55.945735262639,-3.186711696497923,E,55.945735262639,-3.186411696497923,2155.2911436223835,2277.651177456923
55.945735262639,-3.186411696497923,W,55.945735262639,-3.186711696497923,2155.2911436223835,2276.401177456923
55.945735262639,-3.186711696497923,E,55.945735262639,-3.186411696497923,2155.2911436223835,2275.151177456923
55.945735262639,-3.186411696497923,W,55.945735262639,-3.186711696497923,2155.2911436223835,2273.901177456923
55.945735262639,-3.186711696497923,E,55.945735262639,-3.186411696497923,2155.2911436223835,2272.651177456923
55.945735262639,-3.186411696497923,W,55.945735262639,-3.186711696497923,2155.2911436223835,2271.401177456923
55.945735262639,-3.186711696497923,E,55.945735262639,-3.186411696497923,2155.2911436223835,2270.151177456923
55.945735262639,-3.186411696497923,W,55.945735262639,-3.186711696497923,2155.2911436223835,2268.901177456923
55.945735262639,-3.186711696497923,E,55.945735262639,-3.186411696497923,2155.2911436223835,2267.651177456923
55.945735262639,-3.186411696497923,W,55.945735262639,-3.186711696497923,2155.2911436223835,2266.401177456923
55.945735262639,-3.186711696497923,E,55.945735262639,-3.186411696497923,2155.2911436223835,2265.151177456923
55.945735262639,-3.186411696497923,W,55.945735262639,-3.186711696497923,2155.2911436223835,2263.901177456923
55.945735262639,-3.186711696497923,E,55.945735262639,-3.186411696497923,2155.2911436223835,2262.651177456923
55.945735262639,-3.186411696497923,W,55.945735262639,-3.186711696497923,2155.2911436223835,2261.401177456923
55.945735262639,-3.186711696497923,E,55.945735262639,-3.186411696497923,2155.2911436223835,2260.151177456923
55.945735262639,-3.186411696497923,W,55.945735262639,-3.186711696497923,2155.2911436223835,2258.901177456923
55.945735262639,-3.186711696497923,E,55.945735262639,-3.186411696497923,2155.2911436223835,2257.651177456923
55.945735262639,-3.186411696497923,W,55.945735262639,-3.186711696497923,2155.2911436223835,2256.401177456923
55.945735262639,-3.186711696497923,E,55.945735262639,-3.186411696497923,2155.2911436223835,2255.151177456923
55.945735262639,-3.186411696497923,W,55.945735262639,-3.186711696497923,2155.2911436223835,2253.901177456923
55.945735262639,-3.186711696497923,E,55.945735262639,-3.186411696497923,2155.2911436223835,2252.651177456923
55.945735262639,-3.186411696497923,W,55.945735262639,-3.186711696497923,2155.2911436223835,2251.401177456923
55.945735262639,-3.186711696497923,E,55.945735262639,-3.186411696497923,2155.2911436223835,2250.151177456923
55.945735262639,-3.186411696497923,W,55.945735262639,-3.186711696497923,2155.2911436223835,2248.901177456923
55.945735262639,-3.186711696497923,E,55.945735262639,-3.186411696497923,2155.2911436223835,2247.651177456923
55.945735262639,-3.186411696497923,W,55.945735262639,-3.186711696497923,2155.2911436223835,2246.401177456923
55.945735262639,-3.186711696497923,E,55.945735262639,-3.186411696497923,2155.2911436223835,2245.151177456923
55.945735262639,-3.186411696497923,W,55.945735262639,-3.186711696497923,2155.2911436223835,2243.901177456923
55.945735262639,-3.186711696497923,E,55.945735262639,-3.186411696497923,2155.2911436223835,2242.651177456923
55.945735262639,-3.186411696497923,W,55.945735262639,-3.186711696497923,2155.2911436223835,2241.401177456923
55.945735262639,-3.186711696497923,E,55.945735262639,-3.186411696497923,2155.2911436223835,2240.151177456923
55.945735262639,-3.186411696497923,W,55.945735262639,-3.186711696497923,2155.2911436223835,2238.901177456923
55.945735262639,-3.186711696497923,E,55.945735262639,-3.186411696497923,2155.2911436223835,2237.651177456923
55.945735262639,-3.186411696497923,W,55.945735262639,-3.186711696497923,2155.2911436223835,2236.401177456923
55.945735262639,-3.186711696497923,E,55.945735262639,-3.186411696497923,2155.2911436223835,2235.151177456923
55.945735262639,-3.186411696497923,W,55.945735262639,-3.186711696497923,2155.2911436223835,2233.901177456923
55.945735262639,-3.186711696497923,E,55.945735262639,-3.186411696497923,2155.2911436223835,2232.651177456923
55.945735262639,-3.186411696497923,W,55.945735262639,-3.186711696497923,2155.2911436223835,2231.401177456923
55.945735262639,-3.186711696497923,E,55.945735262639,-3.186411696497923,2155.2911436223835,2230.151177456923
55.945735262639,-3.186411696497923,W,55.945735262639,-3.186711696497923,2155.2911436223835,2228.901177456923
55.945735262639,-3.186711696497923,E,55.945735262639,-3.186411696497923,2155.2911436223835,2227.651177456923
55.945735262639,-3.186411696497923,W,55.945735262639,-3.186711696497923,2155.2911436223835,2226.401177456923
55.945735262639,-3.186711696497923,E,55.945735262639,-3.186411696497923,2155.2911436223835,2225.151177456923
55.945735262639,-3.186411696497923,W,55.945735262639,-3.186711696497923,2155.2911436223835,2223.901177456923
55.945735262639,-3.186711696497923,E,55.945735262639,-3.186411696497923,2155.2911436223835,2222.651177456923
55.945735262639,-3.186411696497923,W,55.945735262639,-3.186711696497923,2155.2911436223835,2221.401177456923
55.945735262639,-3.186711696497923,E,55.945735262639,-3.186411696497923,2155.2911436223835,2220.151177456923
55.945735262639,-3.186411696497923,W,55.945735262639,-3.186711696497923,2155.2911436223835,2218.901177456923
55.945735262639,-3.186711696497923,E,55.945735262639,-3.186411696497923,2155.2911436223835,2217.651177456923
55.945735262639,-3.186411696497923,W,55.945735262639,-3.186711696497923,2155.2911436223835,2216.401177456923
55.945735262639,-3.186711696497923,E,55.945735262639,-3.186411696497923,2155.2911436223835,2215.151177456923
55.945735262639,-3.186411696497923,W,55.945735262639,-3.186711696497923,2155.2911436223835,2213.901177456923
55.945735262639,-3.186711696497923,E,55.945735262639,-3.186411696497923,2155.2911436223835,2212.651177456923
55.945735262639,-3.186411696497923,W,55.945735262639,-3.186711696497923,2155.2911436223835,2211.401177456923
55.945735262639,-3.186711696497923,E,55.945735262639,-3.186411696497923,2155.2911436223835,2210.151177456923
