55.944425,-3.188396,NNW,55.94470216385976,-3.1885108050297095,56.60228002091347,289.7022693043114
55.94470216385976,-3.1885108050297095,W,55.94470216385976,-3.1888108050297097,174.91119543452217,339.6147670139477
55.94470216385976,-3.1888108050297097,N,55.94500216385976,-3.1888108050297097,290.5417701565973,443.7292343885794
55.94500216385976,-3.1888108050297097,NE,55.94521429589412,-3.188598672995354,404.45313638612095,507.4392583820252
55.94521429589412,-3.188598672995354,ENE,55.94532910092383,-3.1883215091356005,459.8543870783126,609.8177952600308
55.94532910092383,-3.1883215091356005,E,55.94532910092383,-3.1880215091356003,459.8543870783126,608.5677952600308
55.94532910092383,-3.1880215091356003,E,55.94532910092383,-3.1877215091356,545.080827381586,624.3176556651829
55.94532910092383,-3.1877215091356,S,55.945029100923826,-3.1877215091356,545.080827381586,623.0676556651829
55.945029100923826,-3.1877215091356,S,55.94472910092382,-3.1877215091356,545.080827381586,621.8176556651829
55.94472910092382,-3.1877215091356,SSE,55.944451937064066,-3.1876067041058906,592.3888254448993,675.9982811996267
55.944451937064066,-3.1876067041058906,SSW,55.94417477320431,-3.1877215091356,592.3888254448993,674.7482811996267
55.94417477320431,-3.1877215091356,SSW,55.94389760934455,-3.1878363141653097,677.8570572732403,733.5263682144059
55.94389760934455,-3.1878363141653097,SSE,55.9436204454848,-3.1877215091356,677.8570572732403,732.2763682144059
55.9436204454848,-3.1877215091356,SSE,55.94334328162504,-3.1876067041058906,799.9570237796913,763.8542876278655
55.94334328162504,-3.1876067041058906,SSW,55.943066117765284,-3.1877215091356,799.9570237796913,762.6042876278655
55.943066117765284,-3.1877215091356,SSW,55.94278895390553,-3.1878363141653097,807.4637175501682,848.8696029405472
55.94278895390553,-3.1878363141653097,WNW,55.94290375893524,-3.188113478025063,807.4637175501682,847.6196029405472
55.94290375893524,-3.188113478025063,WNW,55.94301856396495,-3.1883906418848165,807.4637175501682,846.3696029405472
55.94301856396495,-3.1883906418848165,NW,55.943230695999304,-3.1886027739191722,885.4250800387272,931.2767781758057
55.943230695999304,-3.1886027739191722,NW,55.94344282803366,-3.188814905953528,885.4250800387272,930.0267781758057
55.94344282803366,-3.188814905953528,NW,55.94365496006802,-3.189027037987884,885.4250800387272,928.7767781758057
55.94365496006802,-3.189027037987884,NW,55.94386709210237,-3.1892391700222396,885.4250800387272,927.5267781758057
55.94386709210237,-3.1892391700222396,NW,55.94407922413673,-3.1894513020565953,885.4250800387272,926.2767781758057
55.94407922413673,-3.1894513020565953,NW,55.944291356171085,-3.189663434090951,885.4250800387272,925.0267781758057
55.944291356171085,-3.189663434090951,NNW,55.94456852003084,-3.1897782391206606,930.6843747868159,986.897159803566
55.94456852003084,-3.1897782391206606,WNW,55.94468332506055,-3.190055402980414,930.6843747868159,985.647159803566
55.94468332506055,-3.190055402980414,WNW,55.94479813009026,-3.1903325668401674,942.7595544644497,986.7231300618524
55.94479813009026,-3.1903325668401674,W,55.94479813009026,-3.1906325668401676,1057.7569438015557,1067.1851167981142
55.94479813009026,-3.1906325668401676,SW,55.944585998055906,-3.1908446988745234,1057.7569438015557,1065.9351167981142
55.944585998055906,-3.1908446988745234,N,55.94488599805591,-3.1908446988745234,1057.7569438015557,1064.6851167981142
55.94488599805591,-3.1908446988745234,NW,55.945098130090265,-3.191056830908879,1142.3638523199515,1144.5104215208166
55.945098130090265,-3.191056830908879,W,55.945098130090265,-3.1913568309088793,1142.3638523199515,1143.2604215208166
55.945098130090265,-3.1913568309088793,W,55.945098130090265,-3.1916568309088795,1142.3638523199515,1142.0104215208166
55.945098130090265,-3.1916568309088795,W,55.945098130090265,-3.1919568309088797,1142.3638523199515,1140.7604215208166
55.945098130090265,-3.1919568309088797,W,55.945098130090265,-3.19225683090888,1226.4499049679835,1225.3342686745525
55.945098130090265,-3.19225683090888,N,55.94539813009027,-3.19225683090888,1242.7838686697678,1334.5008437861038
55.94539813009027,-3.19225683090888,NE,55.945610262124625,-3.192044698874524,1242.7838686697678,1333.2508437861038
55.945610262124625,-3.192044698874524,NE,55.94582239415898,-3.1918325668401684,1242.7838686697678,1332.0008437861038
55.94582239415898,-3.1918325668401684,NE,55.94603452619334,-3.1916204348058126,1352.643394945108,1448.233579336143
55.94603452619334,-3.1916204348058126,S,55.945734526193334,-3.1916204348058126,1352.643394945108,1446.983579336143
55.945734526193334,-3.1916204348058126,S,55.94543452619333,-3.1916204348058126,1352.643394945108,1445.733579336143
55.94543452619333,-3.1916204348058126,SSW,55.945157362333575,-3.191735239835522,1352.643394945108,1444.483579336143
55.945157362333575,-3.191735239835522,S,55.94485736233357,-3.191735239835522,1352.643394945108,1443.233579336143
55.94485736233357,-3.191735239835522,SSW,55.944580198473815,-3.1918500448652316,1352.643394945108,1441.983579336143
55.944580198473815,-3.1918500448652316,S,55.94428019847381,-3.1918500448652316,1371.8426006398804,1488.9286746612242
55.94428019847381,-3.1918500448652316,SW,55.944068066439456,-3.1920621768995874,1371.8426006398804,1487.6786746612242
55.944068066439456,-3.1920621768995874,WSW,55.943953261409746,-3.192339340759341,1488.60655704494,1511.8363040355632
55.943953261409746,-3.192339340759341,ESE,55.943838456380035,-3.1920621768995874,1488.60655704494,1510.5863040355632
55.943838456380035,-3.1920621768995874,SSE,55.94356129252028,-3.191947371869878,1488.60655704494,1509.3363040355632
55.94356129252028,-3.191947371869878,ESE,55.94344648749057,-3.1916702080101245,1488.60655704494,1508.0863040355632
55.94344648749057,-3.1916702080101245,E,55.94344648749057,-3.1913702080101243,1612.9109062115845,1619.3103566669029
55.94344648749057,-3.1913702080101243,SE,55.94323435545621,-3.1911580759757685,1612.9109062115845,1618.0603566669029
55.94323435545621,-3.1911580759757685,SE,55.943022223421856,-3.1909459439414127,1612.9109062115845,1616.8103566669029
55.943022223421856,-3.1909459439414127,SE,55.9428100913875,-3.190733811907057,1641.0114616608585,1727.642645117521
55.9428100913875,-3.190733811907057,NNE,55.94308725524726,-3.1906190068773475,1641.0114616608585,1726.392645117521
55.94308725524726,-3.1906190068773475,NE,55.94329938728161,-3.1904068748429917,1641.0114616608585,1725.142645117521
55.94329938728161,-3.1904068748429917,NNE,55.94357655114137,-3.190292069813282,1641.0114616608585,1723.892645117521
55.94357655114137,-3.190292069813282,NE,55.943788683175725,-3.1900799377789264,1641.0114616608585,1722.642645117521
55.943788683175725,-3.1900799377789264,NNE,55.94406584703548,-3.189965132749217,1641.0114616608585,1721.392645117521
55.94406584703548,-3.189965132749217,NE,55.94427797906984,-3.189753000714861,1641.0114616608585,1720.142645117521
55.94427797906984,-3.189753000714861,NNE,55.944555142929595,-3.1896381956851516,1641.0114616608585,1718.892645117521
55.944555142929595,-3.1896381956851516,ENE,55.944669947959305,-3.189361031825398,1641.0114616608585,1717.642645117521
55.944669947959305,-3.189361031825398,SW,55.94445781592495,-3.189573163859754,1641.0114616608585,1716.392645117521
55.94445781592495,-3.189573163859754,ENE,55.94457262095466,-3.1892960000000006,1641.0114616608585,1715.142645117521
55.94457262095466,-3.1892960000000006,ENE,55.94468742598437,-3.189018836140247,1641.0114616608585,1713.892645117521
55.94468742598437,-3.189018836140247,E,55.94468742598437,-3.188718836140247,1641.0114616608585,1712.642645117521
55.94468742598437,-3.188718836140247,N,55.94498742598437,-3.188718836140247,1641.0114616608585,1711.392645117521
55.94498742598437,-3.188718836140247,N,55.945287425984375,-3.188718836140247,1641.0114616608585,1710.142645117521
55.945287425984375,-3.188718836140247,ENE,55.945402231014086,-3.1884416722804936,1641.0114616608585,1708.892645117521
55.945402231014086,-3.1884416722804936,SW,55.94519009897973,-3.1886538043148493,1641.0114616608585,1707.642645117521
55.94519009897973,-3.1886538043148493,SE,55.94497796694537,-3.1884416722804936,1641.0114616608585,1706.392645117521
55.94497796694537,-3.1884416722804936,NNW,55.94525513080513,-3.188556477310203,1641.0114616608585,1705.142645117521
55.94525513080513,-3.188556477310203,WNW,55.94536993583484,-3.1888336411699565,1641.0114616608585,1703.892645117521
55.94536993583484,-3.1888336411699565,N,55.94566993583484,-3.1888336411699565,1641.0114616608585,1702.642645117521
55.94566993583484,-3.1888336411699565,NNE,55.9459470996946,-3.188718836140247,1721.2760791846388,1754.298873167455
55.9459470996946,-3.188718836140247,NE,55.946159231728956,-3.188506704105891,1721.2760791846388,1753.048873167455
55.946159231728956,-3.188506704105891,E,55.946159231728956,-3.188206704105891,1721.2760791846388,1751.798873167455
55.946159231728956,-3.188206704105891,E,55.946159231728956,-3.187906704105891,1721.2760791846388,1750.548873167455
55.946159231728956,-3.187906704105891,E,55.946159231728956,-3.1876067041058906,1721.2760791846388,1749.298873167455
55.946159231728956,-3.1876067041058906,E,55.946159231728956,-3.1873067041058905,1721.2760791846388,1748.048873167455
55.946159231728956,-3.1873067041058905,E,55.946159231728956,-3.1870067041058903,1781.0754751209688,1864.6411667106008
55.946159231728956,-3.1870067041058903,SE,55.9459470996946,-3.1867945720715345,1781.0754751209688,1863.3911667106008
55.9459470996946,-3.1867945720715345,SE,55.94573496766024,-3.1865824400371787,1868.7223196444297,1913.7722884444183
55.94573496766024,-3.1865824400371787,ENE,55.945849772689954,-3.1863052761774253,1868.7223196444297,1912.5222884444183
55.945849772689954,-3.1863052761774253,ENE,55.945964577719664,-3.186028112317672,1868.7223196444297,1911.2722884444183
55.945964577719664,-3.186028112317672,ENE,55.946079382749375,-3.1857509484579185,1868.7223196444297,1910.0222884444183
55.946079382749375,-3.1857509484579185,E,55.946079382749375,-3.1854509484579183,1932.0847053408606,1921.183473024924
55.946079382749375,-3.1854509484579183,E,55.946079382749375,-3.185150948457918,1932.0847053408606,1919.933473024924
55.946079382749375,-3.185150948457918,E,55.946079382749375,-3.184850948457918,1932.0847053408606,1918.683473024924
55.946079382749375,-3.184850948457918,E,55.946079382749375,-3.1845509484579178,1956.7210456135133,2027.1296029728449
55.946079382749375,-3.1845509484579178,SSW,55.94580221888962,-3.1846657534876273,1956.7210456135133,2025.8796029728449
55.94580221888962,-3.1846657534876273,SSW,55.94552505502986,-3.1847805585173368,1956.7210456135133,2024.6296029728449
55.94552505502986,-3.1847805585173368,SSW,55.945247891170105,-3.1848953635470463,1956.7210456135133,2023.3796029728449
55.945247891170105,-3.1848953635470463,SSW,55.94497072731035,-3.185010168576756,1956.7210456135133,2022.1296029728449
55.94497072731035,-3.185010168576756,SSW,55.94469356345059,-3.1851249736064653,1956.7210456135133,2020.8796029728449
55.94469356345059,-3.1851249736064653,SSW,55.944416399590835,-3.185239778636175,1956.7210456135133,2019.6296029728449
55.944416399590835,-3.185239778636175,SW,55.94420426755648,-3.1854519106705306,1986.4519709856957,2101.9429123178743
55.94420426755648,-3.1854519106705306,SW,55.94399213552212,-3.1856640427048863,2070.8855966125498,2177.230614984622
55.94399213552212,-3.1856640427048863,S,55.94369213552212,-3.1856640427048863,2070.8855966125498,2175.980614984622
55.94369213552212,-3.1856640427048863,SSE,55.943414971662364,-3.185549237675177,2103.554513651255,2293.8205771958105
55.943414971662364,-3.185549237675177,W,55.943414971662364,-3.185849237675177,2103.554513651255,2292.5705771958105
55.943414971662364,-3.185849237675177,W,55.943414971662364,-3.186149237675177,2127.8303188814825,2311.8596365268277
55.943414971662364,-3.186149237675177,ESE,55.94330016663265,-3.185872073815424,2127.8303188814825,2310.6096365268277
55.94330016663265,-3.185872073815424,ESE,55.94318536160294,-3.1855949099556704,2127.8303188814825,2309.3596365268277
55.94318536160294,-3.1855949099556704,ESE,55.94307055657323,-3.185317746095917,2127.8303188814825,2308.1096365268277
55.94307055657323,-3.185317746095917,ESE,55.94295575154352,-3.1850405822361636,2127.8303188814825,2306.8596365268277
55.94295575154352,-3.1850405822361636,E,55.94295575154352,-3.1847405822361634,2154.3050239933036,2390.524389703255
55.94295575154352,-3.1847405822361634,NE,55.94316788357788,-3.1845284502018076,2208.0573514115354,2506.4539838756705
55.94316788357788,-3.1845284502018076,SW,55.94295575154352,-3.1847405822361634,2208.0573514115354,2505.2039838756705
55.94295575154352,-3.1847405822361634,NE,55.94316788357788,-3.1845284502018076,2208.0573514115354,2503.9539838756705
55.94316788357788,-3.1845284502018076,SW,55.94295575154352,-3.1847405822361634,2208.0573514115354,2502.7039838756705
55.94295575154352,-3.1847405822361634,NE,55.94316788357788,-3.1845284502018076,2208.0573514115354,2501.4539838756705
55.94316788357788,-3.1845284502018076,SW,55.94295575154352,-3.1847405822361634,2208.0573514115354,2500.2039838756705
55.94295575154352,-3.1847405822361634,NE,55.94316788357788,-3.1845284502018076,2208.0573514115354,2498.9539838756705
55.94316788357788,-3.1845284502018076,SW,55.94295575154352,-3.1847405822361634,2208.0573514115354,2497.7039838756705
55.94295575154352,-3.1847405822361634,NE,55.94316788357788,-3.1845284502018076,2208.0573514115354,2496.4539838756705
55.94316788357788,-3.1845284502018076,SW,55.94295575154352,-3.1847405822361634,2208.0573514115354,2495.2039838756705
55.94295575154352,-3.1847405822361634,NE,55.94316788357788,-3.1845284502018076,2208.0573514115354,2493.9539838756705
55.94316788357788,-3.1845284502018076,SW,55.94295575154352,-3.1847405822361634,2208.0573514115354,2492.7039838756705
55.94295575154352,-3.1847405822361634,NE,55.94316788357788,-3.1845284502018076,2208.0573514115354,2491.4539838756705
55.94316788357788,-3.1845284502018076,SW,55.94295575154352,-3.1847405822361634,2208.0573514115354,2490.2039838756705
55.94295575154352,-3.1847405822361634,NE,55.94316788357788,-3.1845284502018076,2208.0573514115354,2488.9539838756705
55.94316788357788,-3.1845284502018076,SW,55.94295575154352,-3.1847405822361634,2208.0573514115354,2487.7039838756705
55.94295575154352,-3.1847405822361634,NE,55.94316788357788,-3.1845284502018076,2208.0573514115354,2486.4539838756705
55.94316788357788,-3.1845284502018076,SW,55.94295575154352,-3.1847405822361634,2208.0573514115354,2485.2039838756705
55.94295575154352,-3.1847405822361634,NE,55.94316788357788,-3.1845284502018076,2208.0573514115354,2483.9539838756705
55.94316788357788,-3.1845284502018076,SW,55.94295575154352,-3.1847405822361634,2208.0573514115354,2482.7039838756705
55.94295575154352,-3.1847405822361634,NE,55.94316788357788,-3.1845284502018076,2208.0573514115354,2481.4539838756705
55.94316788357788,-3.1845284502018076,SW,55.94295575154352,-3.1847405822361634,2208.0573514115354,2480.2039838756705
55.94295575154352,-3.1847405822361634,NE,55.94316788357788,-3.1845284502018076,2208.0573514115354,2478.9539838756705
55.94316788357788,-3.1845284502018076,SW,55.94295575154352,-3.1847405822361634,2208.0573514115354,2477.7039838756705
55.94295575154352,-3.1847405822361634,NE,55.94316788357788,-3.1845284502018076,2208.0573514115354,2476.4539838756705
55.94316788357788,-3.1845284502018076,SW,55.94295575154352,-3.1847405822361634,2208.0573514115354,2475.2039838756705
55.94295575154352,-3.1847405822361634,NE,55.94316788357788,-3.1845284502018076,2208.0573514115354,2473.9539838756705
55.94316788357788,-3.1845284502018076,SW,55.94295575154352,-3.1847405822361634,2208.0573514115354,2472.7039838756705
55.94295575154352,-3.1847405822361634,NE,55.94316788357788,-3.1845284502018076,2208.0573514115354,2471.4539838756705
55.94316788357788,-3.1845284502018076,SW,55.94295575154352,-3.1847405822361634,2208.0573514115354,2470.2039838756705
55.94295575154352,-3.1847405822361634,NE,55.94316788357788,-3.1845284502018076,2208.0573514115354,2468.9539838756705
55.94316788357788,-3.1845284502018076,SW,55.94295575154352,-3.1847405822361634,2208.0573514115354,2467.7039838756705
55.94295575154352,-3.1847405822361634,NE,55.94316788357788,-3.1845284502018076,2208.0573514115354,2466.4539838756705
55.94316788357788,-3.1845284502018076,SW,55.94295575154352,-3.1847405822361634,2208.0573514115354,2465.2039838756705
55.94295575154352,-3.1847405822361634,NE,55.94316788357788,-3.1845284502018076,2208.0573514115354,2463.9539838756705
55.94316788357788,-3.1845284502018076,SW,55.94295575154352,-3.1847405822361634,2208.0573514115354,2462.7039838756705
55.94295575154352,-3.1847405822361634,NE,55.94316788357788,-3.1845284502018076,2208.0573514115354,2461.4539838756705
55.94316788357788,-3.1845284502018076,SW,55.94295575154352,-3.1847405822361634,2208.0573514115354,2460.2039838756705
55.94295575154352,-3.1847405822361634,NE,55.94316788357788,-3.1845284502018076,2208.0573514115354,2458.9539838756705
55.94316788357788,-3.1845284502018076,SW,55.94295575154352,-3.1847405822361634,2208.0573514115354,2457.7039838756705
55.94295575154352,-3.1847405822361634,NE,55.94316788357788,-3.1845284502018076,2208.0573514115354,2456.4539838756705
55.94316788357788,-3.1845284502018076,SW,55.94295575154352,-3.1847405822361634,2208.0573514115354,2455.2039838756705
55.94295575154352,-3.1847405822361634,NE,55.94316788357788,-3.1845284502018076,2208.0573514115354,2453.9539838756705
55.94316788357788,-3.1845284502018076,SW,55.94295575154352,-3.1847405822361634,2208.0573514115354,2452.7039838756705
55.94295575154352,-3.1847405822361634,NE,55.94316788357788,-3.1845284502018076,2208.0573514115354,2451.4539838756705
55.94316788357788,-3.1845284502018076,SW,55.94295575154352,-3.1847405822361634,2208.0573514115354,2450.2039838756705
55.94295575154352,-3.1847405822361634,NE,55.94316788357788,-3.1845284502018076,2208.0573514115354,2448.9539838756705
55.94316788357788,-3.1845284502018076,SW,55.94295575154352,-3.1847405822361634,2208.0573514115354,2447.7039838756705
55.94295575154352,-3.1847405822361634,NE,55.94316788357788,-3.1845284502018076,2208.0573514115354,2446.4539838756705
55.94316788357788,-3.1845284502018076,SW,55.94295575154352,-3.1847405822361634,2208.0573514115354,2445.2039838756705
55.94295575154352,-3.1847405822361634,NE,55.94316788357788,-3.1845284502018076,2208.0573514115354,2443.9539838756705
55.94316788357788,-3.1845284502018076,SW,55.94295575154352,-3.1847405822361634,2208.0573514115354,2442.7039838756705
55.94295575154352,-3.1847405822361634,NE,55.94316788357788,-3.1845284502018076,2208.0573514115354,2441.4539838756705
55.94316788357788,-3.1845284502018076,SW,55.94295575154352,-3.1847405822361634,2208.0573514115354,2440.2039838756705
55.94295575154352,-3.1847405822361634,NE,55.94316788357788,-3.1845284502018076,2208.0573514115354,2438.9539838756705
55.94316788357788,-3.1845284502018076,SW,55.94295575154352,-3.1847405822361634,2208.0573514115354,2437.7039838756705
55.94295575154352,-3.1847405822361634,NE,55.94316788357788,-3.1845284502018076,2208.0573514115354,2436.4539838756705
55.94316788357788,-3.1845284502018076,SW,55.94295575154352,-3.1847405822361634,2208.0573514115354,2435.2039838756705
55.94295575154352,-3.1847405822361634,NE,55.94316788357788,-3.1845284502018076,2208.0573514115354,2433.9539838756705
55.94316788357788,-3.1845284502018076,SW,55.94295575154352,-3.1847405822361634,2208.0573514115354,2432.7039838756705
55.94295575154352,-3.1847405822361634,NE,55.94316788357788,-3.1845284502018076,2208.0573514115354,2431.4539838756705
55.94316788357788,-3.1845284502018076,SW,55.94295575154352,-3.1847405822361634,2208.0573514115354,2430.2039838756705
55.94295575154352,-3.1847405822361634,NE,55.94316788357788,-3.1845284502018076,2208.0573514115354,2428.9539838756705
55.94316788357788,-3.1845284502018076,SW,55.94295575154352,-3.1847405822361634,2208.0573514115354,2427.7039838756705
55.94295575154352,-3.1847405822361634,NE,55.94316788357788,-3.1845284502018076,2208.0573514115354,2426.4539838756705
55.94316788357788,-3.1845284502018076,SW,55.94295575154352,-3.1847405822361634,2208.0573514115354,2425.2039838756705
55.94295575154352,-3.1847405822361634,NE,55.94316788357788,-3.1845284502018076,2208.0573514115354,2423.9539838756705
55.94316788357788,-3.1845284502018076,SW,55.94295575154352,-3.1847405822361634,2208.0573514115354,2422.7039838756705
55.94295575154352,-3.1847405822361634,NE,55.94316788357788,-3.1845284502018076,2208.0573514115354,2421.4539838756705
55.94316788357788,-3.1845284502018076,SW,55.94295575154352,-3.1847405822361634,2208.0573514115354,2420.2039838756705
55.94295575154352,-3.1847405822361634,NE,55.94316788357788,-3.1845284502018076,2208.0573514115354,2418.9539838756705
55.94316788357788,-3.1845284502018076,SW,55.94295575154352,-3.1847405822361634,2208.0573514115354,2417.7039838756705
55.94295575154352,-3.1847405822361634,NE,55.94316788357788,-3.1845284502018076,2208.0573514115354,2416.4539838756705
55.94316788357788,-3.1845284502018076,SW,55.94295575154352,-3.1847405822361634,2208.0573514115354,2415.2039838756705
55.94295575154352,-3.1847405822361634,NE,55.94316788357788,-3.1845284502018076,2208.0573514115354,2413.9539838756705
55.94316788357788,-3.1845284502018076,SW,55.94295575154352,-3.1847405822361634,2208.0573514115354,2412.7039838756705
55.94295575154352,-3.1847405822361634,NE,55.94316788357788,-3.1845284502018076,2208.0573514115354,2411.4539838756705
55.94316788357788,-3.1845284502018076,SW,55.94295575154352,-3.1847405822361634,2208.0573514115354,2410.2039838756705
55.94295575154352,-3.1847405822361634,NE,55.94316788357788,-3.1845284502018076,2208.0573514115354,2408.9539838756705
55.94316788357788,-3.1845284502018076,SW,55.94295575154352,-3.1847405822361634,2208.0573514115354,2407.7039838756705
55.94295575154352,-3.1847405822361634,NE,55.94316788357788,-3.1845284502018076,2208.0573514115354,2406.4539838756705
55.94316788357788,-3.1845284502018076,SW,55.94295575154352,-3.1847405822361634,2208.0573514115354,2405.2039838756705
55.94295575154352,-3.1847405822361634,NE,55.94316788357788,-3.1845284502018076,2208.0573514115354,2403.9539838756705
55.94316788357788,-3.1845284502018076,SW,55.94295575154352,-3.1847405822361634,2208.0573514115354,2402.7039838756705
55.94295575154352,-3.1847405822361634,NE,55.94316788357788,-3.1845284502018076,2208.0573514115354,2401.4539838756705
55.94316788357788,-3.1845284502018076,SW,55.94295575154352,-3.1847405822361634,2208.0573514115354,2400.2039838756705
55.94295575154352,-3.1847405822361634,NE,55.94316788357788,-3.1845284502018076,2208.0573514115354,2398.9539838756705
55.94316788357788,-3.1845284502018076,SW,55.94295575154352,-3.1847405822361634,2208.0573514115354,2397.7039838756705
55.94295575154352,-3.1847405822361634,NE,55.94316788357788,-3.1845284502018076,2208.0573514115354,2396.4539838756705
55.94316788357788,-3.1845284502018076,SW,55.94295575154352,-3.1847405822361634,2208.0573514115354,2395.2039838756705
55.94295575154352,-3.1847405822361634,NE,55.94316788357788,-3.1845284502018076,2208.0573514115354,2393.9539838756705
55.94316788357788,-3.1845284502018076,SW,55.94295575154352,-3.1847405822361634,2208.0573514115354,2392.7039838756705
55.94295575154352,-3.1847405822361634,NE,55.94316788357788,-3.1845284502018076,2208.0573514115354,2391.4539838756705
55.94316788357788,-3.1845284502018076,SW,55.94295575154352,-3.1847405822361634,2208.0573514115354,2390.2039838756705
55.94295575154352,-3.1847405822361634,NE,55.94316788357788,-3.1845284502018076,2208.0573514115354,2388.9539838756705
55.94316788357788,-3.1845284502018076,SW,55.94295575154352,-3.1847405822361634,2208.0573514115354,2387.7039838756705
55.94295575154352,-3.1847405822361634,NE,55.94316788357788,-3.1845284502018076,2208.0573514115354,2386.4539838756705
55.94316788357788,-3.1845284502018076,SW,55.94295575154352,-3.1847405822361634,2208.0573514115354,2385.2039838756705
55.94295575154352,-3.1847405822361634,NE,55.94316788357788,-3.1845284502018076,2208.0573514115354,2383.9539838756705
55.94316788357788,-3.1845284502018076,SW,55.94295575154352,-3.1847405822361634,2208.0573514115354,2382.7039838756705
55.94295575154352,-3.1847405822361634,NE,55.94316788357788,-3.1845284502018076,2208.0573514115354,2381.4539838756705
55.94316788357788,-3.1845284502018076,SW,55.94295575154352,-3.1847405822361634,2208.0573514115354,2380.2039838756705
55.94295575154352,-3.1847405822361634,NE,55.94316788357788,-3.1845284502018076,2208.0573514115354,2378.9539838756705
55.94316788357788,-3.1845284502018076,SW,55.94295575154352,-3.1847405822361634,2208.0573514115354,2377.7039838756705
55.94295575154352,-3.1847405822361634,NE,55.94316788357788,-3.1845284502018076,2208.0573514115354,2376.4539838756705
55.94316788357788,-3.1845284502018076,SW,55.94295575154352,-3.1847405822361634,2208.0573514115354,2375.2039838756705
55.94295575154352,-3.1847405822361634,NE,55.94316788357788,-3.1845284502018076,2208.0573514115354,2373.9539838756705
55.94316788357788,-3.1845284502018076,SW,55.94295575154352,-3.1847405822361634,2208.0573514115354,2372.7039838756705
55.94295575154352,-3.1847405822361634,NE,55.94316788357788,-3.1845284502018076,2208.0573514115354,2371.4539838756705
55.94316788357788,-3.1845284502018076,SW,55.94295575154352,-3.1847405822361634,2208.0573514115354,2370.2039838756705
55.94295575154352,-3.1847405822361634,NE,55.94316788357788,-3.1845284502018076,2208.0573514115354,2368.9539838756705
55.94316788357788,-3.1845284502018076,SW,55.94295575154352,-3.1847405822361634,2208.0573514115354,2367.7039838756705
55.94295575154352,-3.1847405822361634,NE,55.94316788357788,-3.1845284502018076,2208.0573514115354,2366.4539838756705
55.94316788357788,-3.1845284502018076,SW,55.94295575154352,-3.1847405822361634,2208.0573514115354,2365.2039838756705
55.94295575154352,-3.1847405822361634,NE,55.94316788357788,-3.1845284502018076,2208.0573514115354,2363.9539838756705
55.94316788357788,-3.1845284502018076,SW,55.94295575154352,-3.1847405822361634,2208.0573514115354,2362.7039838756705
55.94295575154352,-3.1847405822361634,NE,55.94316788357788,-3.1845284502018076,2208.0573514115354,2361.4539838756705
55.94316788357788,-3.1845284502018076,SW,55.94295575154352,-3.1847405822361634,2208.0573514115354,2360.2039838756705
55.94295575154352,-3.1847405822361634,NE,55.94316788357788,-3.1845284502018076,2208.0573514115354,2358.9539838756705
55.94316788357788,-3.1845284502018076,SW,55.94295575154352,-3.1847405822361634,2208.0573514115354,2357.7039838756705
55.94295575154352,-3.1847405822361634,NE,55.94316788357788,-3.1845284502018076,2208.0573514115354,2356.4539838756705
55.94316788357788,-3.1845284502018076,SW,55.94295575154352,-3.1847405822361634,2208.0573514115354,2355.2039838756705
55.94295575154352,-3.1847405822361634,NE,55.94316788357788,-3.1845284502018076,2208.0573514115354,2353.9539838756705
55.94316788357788,-3.1845284502018076,SW,55.94295575154352,-3.1847405822361634,2208.0573514115354,2352.7039838756705
55.94295575154352,-3.1847405822361634,NE,55.94316788357788,-3.1845284502018076,2208.0573514115354,2351.4539838756705
55.94316788357788,-3.1845284502018076,SW,55.94295575154352,-3.1847405822361634,2208.0573514115354,2350.2039838756705
55.94295575154352,-3.1847405822361634,NE,55.94316788357788,-3.1845284502018076,2208.0573514115354,2348.9539838756705
55.94316788357788,-3.1845284502018076,SW,55.94295575154352,-3.1847405822361634,2208.0573514115354,2347.7039838756705
55.94295575154352,-3.1847405822361634,NE,55.94316788357788,-3.1845284502018076,2208.0573514115354,2346.4539838756705
55.94316788357788,-3.1845284502018076,SW,55.94295575154352,-3.1847405822361634,2208.0573514115354,2345.2039838756705
55.94295575154352,-3.1847405822361634,NE,55.94316788357788,-3.1845284502018076,2208.0573514115354,2343.9539838756705
55.94316788357788,-3.1845284502018076,SW,55.94295575154352,-3.1847405822361634,2208.0573514115354,2342.7039838756705
55.94295575154352,-3.1847405822361634,NE,55.94316788357788,-3.1845284502018076,2208.0573514115354,2341.4539838756705
55.94316788357788,-3.1845284502018076,SW,55.94295575154352,-3.1847405822361634,2208.0573514115354,2340.2039838756705
55.94295575154352,-3.1847405822361634,NE,55.94316788357788,-3.1845284502018076,2208.0573514115354,2338.9539838756705
55.94316788357788,-3.1845284502018076,SW,55.94295575154352,-3.1847405822361634,2208.0573514115354,2337.7039838756705
55.94295575154352,-3.1847405822361634,NE,55.94316788357788,-3.1845284502018076,2208.0573514115354,2336.4539838756705
55.94316788357788,-3.1845284502018076,SW,55.94295575154352,-3.1847405822361634,2208.0573514115354,2335.2039838756705
55.94295575154352,-3.1847405822361634,NE,55.94316788357788,-3.1845284502018076,2208.0573514115354,2333.9539838756705
55.94316788357788,-3.1845284502018076,SW,55.94295575154352,-3.1847405822361634,2208.0573514115354,2332.7039838756705
55.94295575154352,-3.1847405822361634,NE,55.94316788357788,-3.1845284502018076,2208.0573514115354,2331.4539838756705
55.94316788357788,-3.1845284502018076,SW,55.94295575154352,-3.1847405822361634,2208.0573514115354,2330.2039838756705
55.94295575154352,-3.1847405822361634,NE,55.94316788357788,-3.1845284502018076,2208.0573514115354,2328.9539838756705
