55.944425,-3.188396,E,55.944425,-3.188096,109.58252510537324,287.01900096405086
55.944425,-3.188096,N,55.944725000000005,-3.188096,109.58252510537324,285.76900096405086
55.944725000000005,-3.188096,N,55.94502500000001,-3.188096,117.27076306527115,309.05576510728395
55.94502500000001,-3.188096,NNE,55.945302163859765,-3.1879811949702903,241.34277871488285,339.2048585341274
55.945302163859765,-3.1879811949702903,W,55.945302163859765,-3.1882811949702905,241.34277871488285,337.9548585341274
55.945302163859765,-3.1882811949702905,ESE,55.945187358830054,-3.188004031110537,241.34277871488285,336.7048585341274
55.945187358830054,-3.188004031110537,W,55.945187358830054,-3.1883040311105373,241.34277871488285,335.4548585341274
55.945187358830054,-3.1883040311105373,ENE,55.945302163859765,-3.188026867250784,241.34277871488285,334.2048585341274
55.945302163859765,-3.188026867250784,NE,55.94551429589412,-3.187814735216428,241.34277871488285,332.9548585341274
55.94551429589412,-3.187814735216428,NNW,55.94579145975388,-3.1879295402461376,319.92418426186396,401.13228757570073
55.94579145975388,-3.1879295402461376,NE,55.946003591788234,-3.187717408211782,387.69396963632914,445.64903079415956
55.946003591788234,-3.187717408211782,SE,55.94579145975388,-3.187505276177426,387.69396963632914,444.39903079415956
55.94579145975388,-3.187505276177426,SE,55.94557932771952,-3.1872931441430703,511.82421982703454,535.0418693112529
55.94557932771952,-3.1872931441430703,SSE,55.945302163859765,-3.187178339113361,634.4619600572971,610.295064514463
55.945302163859765,-3.187178339113361,SW,55.94509003182541,-3.1873904711477166,662.0316621192695,622.8463183493955
55.94509003182541,-3.1873904711477166,ENE,55.94520483685512,-3.187113307287963,662.0316621192695,621.5963183493955
55.94520483685512,-3.187113307287963,E,55.94520483685512,-3.186813307287963,671.7237483366875,664.6297126243774
55.94520483685512,-3.186813307287963,NW,55.945416968889475,-3.1870254393223187,671.7237483366875,663.3797126243774
55.945416968889475,-3.1870254393223187,NNE,55.94569413274923,-3.1869106342926092,671.7237483366875,662.1297126243774
55.94569413274923,-3.1869106342926092,NE,55.94590626478359,-3.1866985022582535,686.0043636308944,759.2027216697503
55.94590626478359,-3.1866985022582535,WSW,55.94579145975388,-3.186975666118007,686.0043636308944,757.9527216697503
55.94579145975388,-3.186975666118007,SSW,55.94551429589412,-3.1870904711477164,686.0043636308944,756.7027216697503
55.94551429589412,-3.1870904711477164,SSE,55.945237132034364,-3.186975666118007,686.0043636308944,755.4527216697503
55.945237132034364,-3.186975666118007,SSE,55.94495996817461,-3.1868608610882974,686.0043636308944,754.2027216697503
55.94495996817461,-3.1868608610882974,SSE,55.94468280431485,-3.186746056058588,686.0043636308944,752.9527216697503
55.94468280431485,-3.186746056058588,S,55.94438280431485,-3.186746056058588,686.0043636308944,751.7027216697503
55.94438280431485,-3.186746056058588,SE,55.94417067228049,-3.186533924024232,772.4800787104227,795.8358121685602
55.94417067228049,-3.186533924024232,ESE,55.94405586725078,-3.1862567601644787,827.4258029169074,871.7277429448752
55.94405586725078,-3.1862567601644787,NE,55.94426799928514,-3.186044628130123,882.0068962997901,904.9159583484785
55.94426799928514,-3.186044628130123,ESE,55.94415319425543,-3.1857674642703695,925.8274764245159,929.5490227120345
55.94415319425543,-3.1857674642703695,WSW,55.94403838922572,-3.186044628130123,925.8274764245159,928.2990227120345
55.94403838922572,-3.186044628130123,W,55.94403838922572,-3.186344628130123,925.8274764245159,927.0490227120345
55.94403838922572,-3.186344628130123,SW,55.94382625719136,-3.186556760164479,948.3043200419245,1048.8543508031398
55.94382625719136,-3.186556760164479,SW,55.943614125157005,-3.1867688921988346,948.3043200419245,1047.6043508031398
55.943614125157005,-3.1867688921988346,SW,55.94340199312265,-3.1869810242331904,967.8390983884256,1109.5612403509851
55.94340199312265,-3.1869810242331904,W,55.94340199312265,-3.1872810242331906,967.8390983884256,1108.3112403509851
55.94340199312265,-3.1872810242331906,WNW,55.94351679815236,-3.187558188092944,973.8672877804166,1137.412806790718
55.94351679815236,-3.187558188092944,S,55.943216798152356,-3.187558188092944,973.8672877804166,1136.162806790718
55.943216798152356,-3.187558188092944,SSW,55.9429396342926,-3.1876729931226535,1012.559663413895,1244.7156940641366
55.9429396342926,-3.1876729931226535,E,55.9429396342926,-3.1873729931226533,1012.559663413895,1243.4656940641366
55.9429396342926,-3.1873729931226533,E,55.9429396342926,-3.187072993122653,1012.559663413895,1242.2156940641366
55.9429396342926,-3.187072993122653,E,55.9429396342926,-3.186772993122653,1012.559663413895,1240.9656940641366
55.9429396342926,-3.186772993122653,E,55.9429396342926,-3.1864729931226528,1012.559663413895,1239.7156940641366
55.9429396342926,-3.1864729931226528,E,55.9429396342926,-3.1861729931226526,1012.559663413895,1238.4656940641366
55.9429396342926,-3.1861729931226526,ESE,55.94282482926289,-3.185895829262899,1047.8240658862753,1245.7866846696654
55.94282482926289,-3.185895829262899,NNE,55.943101993122646,-3.1857810242331897,1047.8240658862753,1244.5366846696654
55.943101993122646,-3.1857810242331897,E,55.943101993122646,-3.1854810242331895,1047.8240658862753,1243.2866846696654
55.943101993122646,-3.1854810242331895,E,55.943101993122646,-3.1851810242331893,1047.8240658862753,1242.0366846696654
55.943101993122646,-3.1851810242331893,ENE,55.943216798152356,-3.184903860373436,1047.8240658862753,1240.7866846696654
55.943216798152356,-3.184903860373436,E,55.943216798152356,-3.1846038603734357,1090.663063220047,1313.995473896792
55.943216798152356,-3.1846038603734357,N,55.94351679815236,-3.1846038603734357,1090.663063220047,1312.745473896792
55.94351679815236,-3.1846038603734357,N,55.94381679815236,-3.1846038603734357,1090.663063220047,1311.495473896792
55.94381679815236,-3.1846038603734357,N,55.944116798152365,-3.1846038603734357,1090.663063220047,1310.245473896792
55.944116798152365,-3.1846038603734357,N,55.94441679815237,-3.1846038603734357,1090.663063220047,1308.995473896792
55.94441679815237,-3.1846038603734357,NNE,55.944693962012124,-3.184489055343726,1090.663063220047,1307.745473896792
55.944693962012124,-3.184489055343726,N,55.94499396201213,-3.184489055343726,1090.663063220047,1306.495473896792
55.94499396201213,-3.184489055343726,NNE,55.945271125871884,-3.1843742503140167,1090.663063220047,1305.245473896792
55.945271125871884,-3.1843742503140167,N,55.945571125871886,-3.1843742503140167,1209.6201411195561,1375.568924661437
55.945571125871886,-3.1843742503140167,W,55.945571125871886,-3.184674250314017,1209.6201411195561,1374.318924661437
55.945571125871886,-3.184674250314017,SW,55.94535899383753,-3.1848863823483726,1209.6201411195561,1373.068924661437
55.94535899383753,-3.1848863823483726,N,55.94565899383753,-3.1848863823483726,1209.6201411195561,1371.818924661437
55.94565899383753,-3.1848863823483726,WNW,55.94577379886724,-3.185163546208126,1209.6201411195561,1370.568924661437
55.94577379886724,-3.185163546208126,W,55.94577379886724,-3.185463546208126,1209.6201411195561,1369.318924661437
55.94577379886724,-3.185463546208126,W,55.94577379886724,-3.1857635462081264,1209.6201411195561,1368.068924661437
55.94577379886724,-3.1857635462081264,W,55.94577379886724,-3.1860635462081266,1209.6201411195561,1366.818924661437
55.94577379886724,-3.1860635462081266,W,55.94577379886724,-3.186363546208127,1209.6201411195561,1365.568924661437
55.94577379886724,-3.186363546208127,SW,55.94556166683289,-3.1865756782424826,1209.6201411195561,1364.318924661437
55.94556166683289,-3.1865756782424826,NW,55.94577379886724,-3.1867878102768383,1209.6201411195561,1363.068924661437
55.94577379886724,-3.1867878102768383,W,55.94577379886724,-3.1870878102768385,1209.6201411195561,1361.818924661437
55.94577379886724,-3.1870878102768385,W,55.94577379886724,-3.1873878102768387,1209.6201411195561,1360.568924661437
55.94577379886724,-3.1873878102768387,W,55.94577379886724,-3.187687810276839,1209.6201411195561,1359.318924661437
55.94577379886724,-3.187687810276839,W,55.94577379886724,-3.187987810276839,1209.6201411195561,1358.068924661437
55.94577379886724,-3.187987810276839,WNW,55.945888603896954,-3.1882649741365925,1209.6201411195561,1356.818924661437
55.945888603896954,-3.1882649741365925,W,55.945888603896954,-3.1885649741365927,1291.2481228480071,1377.9759470668625
55.945888603896954,-3.1885649741365927,WSW,55.94577379886724,-3.188842137996346,1291.2481228480071,1376.7259470668625
55.94577379886724,-3.188842137996346,SW,55.94556166683289,-3.189054270030702,1291.2481228480071,1375.4759470668625
55.94556166683289,-3.189054270030702,WSW,55.94544686180318,-3.1893314338904553,1291.2481228480071,1374.2259470668625
55.94544686180318,-3.1893314338904553,WNW,55.94556166683289,-3.1896085977502087,1291.2481228480071,1372.9759470668625
55.94556166683289,-3.1896085977502087,W,55.94556166683289,-3.189908597750209,1311.7636964798373,1439.231010188684
55.94556166683289,-3.189908597750209,WNW,55.9456764718626,-3.1901857616099623,1418.1547235568848,1501.1666497332055
55.9456764718626,-3.1901857616099623,W,55.9456764718626,-3.1904857616099624,1418.1547235568848,1499.9166497332055
55.9456764718626,-3.1904857616099624,W,55.9456764718626,-3.1907857616099626,1539.5067837087481,1560.5170882715097
55.9456764718626,-3.1907857616099626,ESE,55.94556166683289,-3.1905085977502092,1539.5067837087481,1559.2670882715097
55.94556166683289,-3.1905085977502092,SSE,55.94528450297313,-3.1903937927204997,1539.5067837087481,1558.0170882715097
55.94528450297313,-3.1903937927204997,SW,55.945072370938774,-3.1906059247548555,1539.5067837087481,1556.7670882715097
55.945072370938774,-3.1906059247548555,SW,55.94486023890442,-3.1908180567892113,1539.5067837087481,1555.5170882715097
55.94486023890442,-3.1908180567892113,SW,55.94464810687006,-3.191030188823567,1539.5067837087481,1554.2670882715097
55.94464810687006,-3.191030188823567,SSW,55.944370943010306,-3.1911449938532765,1548.6346584615467,1593.3571000303764
55.944370943010306,-3.1911449938532765,WNW,55.944485748040016,-3.19142215771303,1663.7018441773282,1683.2437949691434
55.944485748040016,-3.19142215771303,SSW,55.94420858418026,-3.1915369627427395,1733.8587580838068,1765.7438514494359
55.94420858418026,-3.1915369627427395,SW,55.9439964521459,-3.1917490947770952,1733.8587580838068,1764.4938514494359
55.9439964521459,-3.1917490947770952,SW,55.94378432011155,-3.191961226811451,1733.8587580838068,1763.2438514494359
55.94378432011155,-3.191961226811451,SSW,55.94350715625179,-3.1920760318411605,1733.8587580838068,1761.9938514494359
55.94350715625179,-3.1920760318411605,SW,55.943295024217434,-3.1922881638755163,1733.8587580838068,1760.7438514494359
55.943295024217434,-3.1922881638755163,SSW,55.94301786035768,-3.192402968905226,1840.0072494274912,1883.9232264419409
55.94301786035768,-3.192402968905226,E,55.94301786035768,-3.1921029689052256,1840.0072494274912,1882.6732264419409
55.94301786035768,-3.1921029689052256,E,55.94301786035768,-3.1918029689052254,1840.0072494274912,1881.4232264419409
55.94301786035768,-3.1918029689052254,E,55.94301786035768,-3.1915029689052252,1840.0072494274912,1880.1732264419409
55.94301786035768,-3.1915029689052252,E,55.94301786035768,-3.191202968905225,1840.0072494274912,1878.9232264419409
55.94301786035768,-3.191202968905225,E,55.94301786035768,-3.190902968905225,1840.0072494274912,1877.6732264419409
55.94301786035768,-3.190902968905225,E,55.94301786035768,-3.1906029689052247,1840.0072494274912,1876.4232264419409
55.94301786035768,-3.1906029689052247,E,55.94301786035768,-3.1903029689052245,1840.0072494274912,1875.1732264419409
55.94301786035768,-3.1903029689052245,ESE,55.94290305532797,-3.190025805045471,1858.7095585068832,1992.7605704058287
55.94290305532797,-3.190025805045471,NNE,55.943180219187724,-3.1899110000157616,1858.7095585068832,1991.5105704058287
55.943180219187724,-3.1899110000157616,N,55.94348021918773,-3.1899110000157616,1858.7095585068832,1990.2605704058287
55.94348021918773,-3.1899110000157616,NNE,55.94375738304748,-3.189796194986052,1858.7095585068832,1989.0105704058287
55.94375738304748,-3.189796194986052,N,55.944057383047486,-3.189796194986052,1858.7095585068832,1987.7605704058287
55.944057383047486,-3.189796194986052,NNE,55.94433454690724,-3.1896813899563425,1904.5533393128417,2020.138346958841
55.94433454690724,-3.1896813899563425,WNW,55.94444935193695,-3.189958553816096,1904.5533393128417,2018.888346958841
55.94444935193695,-3.189958553816096,NW,55.94466148397131,-3.1901706858504517,1904.5533393128417,2017.638346958841
55.94466148397131,-3.1901706858504517,WNW,55.94477628900102,-3.190447849710205,1904.5533393128417,2016.388346958841
55.94477628900102,-3.190447849710205,NW,55.944988421035376,-3.190659981744561,1904.5533393128417,2015.138346958841
55.944988421035376,-3.190659981744561,WNW,55.945103226065086,-3.1909371456043143,1904.5533393128417,2013.888346958841
55.945103226065086,-3.1909371456043143,NW,55.94531535809944,-3.19114927763867,1904.5533393128417,2012.638346958841
55.94531535809944,-3.19114927763867,WNW,55.94543016312915,-3.1914264414984235,1904.5533393128417,2011.388346958841
55.94543016312915,-3.1914264414984235,NW,55.94564229516351,-3.1916385735327792,1904.5533393128417,2010.138346958841
55.94564229516351,-3.1916385735327792,SSE,55.94536513130375,-3.1915237685030697,1904.5533393128417,2008.888346958841
55.94536513130375,-3.1915237685030697,NW,55.94557726333811,-3.1917359005374255,1904.5533393128417,2007.638346958841
55.94557726333811,-3.1917359005374255,NW,55.945789395372465,-3.1919480325717813,1904.5533393128417,2006.388346958841
55.945789395372465,-3.1919480325717813,NW,55.94600152740682,-3.192160164606137,1949.6706561516883,2114.0367844153357
55.94600152740682,-3.192160164606137,SE,55.945789395372465,-3.1919480325717813,1949.6706561516883,2112.7867844153357
55.945789395372465,-3.1919480325717813,NW,55.94600152740682,-3.192160164606137,1949.6706561516883,2111.5367844153357
55.94600152740682,-3.192160164606137,SE,55.945789395372465,-3.1919480325717813,1949.6706561516883,2110.2867844153357
55.945789395372465,-3.1919480325717813,NW,55.94600152740682,-3.192160164606137,1949.6706561516883,2109.0367844153357
55.94600152740682,-3.192160164606137,SE,55.945789395372465,-3.1919480325717813,1949.6706561516883,2107.7867844153357
55.945789395372465,-3.1919480325717813,NW,55.94600152740682,-3.192160164606137,1949.6706561516883,2106.5367844153357
55.94600152740682,-3.192160164606137,SE,55.945789395372465,-3.1919480325717813,1949.6706561516883,2105.2867844153357
55.945789395372465,-3.1919480325717813,NW,55.94600152740682,-3.192160164606137,1949.6706561516883,2104.0367844153357
55.94600152740682,-3.192160164606137,SE,55.945789395372465,-3.1919480325717813,1949.6706561516883,2102.7867844153357
55.945789395372465,-3.1919480325717813,NW,55.94600152740682,-3.192160164606137,1949.6706561516883,2101.5367844153357
55.94600152740682,-3.192160164606137,SE,55.945789395372465,-3.1919480325717813,1949.6706561516883,2100.2867844153357
55.945789395372465,-3.1919480325717813,NW,55.94600152740682,-3.192160164606137,1949.6706561516883,2099.0367844153357
55.94600152740682,-3.192160164606137,SE,55.945789395372465,-3.1919480325717813,1949.6706561516883,2097.7867844153357
55.945789395372465,-3.1919480325717813,NW,55.94600152740682,-3.192160164606137,1949.6706561516883,2096.5367844153357
55.94600152740682,-3.192160164606137,SE,55.945789395372465,-3.1919480325717813,1949.6706561516883,2095.2867844153357
55.945789395372465,-3.1919480325717813,NW,55.94600152740682,-3.192160164606137,1949.6706561516883,2094.0367844153357
55.94600152740682,-3.192160164606137,SE,55.945789395372465,-3.1919480325717813,1949.6706561516883,2092.7867844153357
55.945789395372465,-3.1919480325717813,NW,55.94600152740682,-3.192160164606137,1949.6706561516883,2091.5367844153357
55.94600152740682,-3.192160164606137,SE,55.945789395372465,-3.1919480325717813,1949.6706561516883,2090.2867844153357
55.945789395372465,-3.1919480325717813,NW,55.94600152740682,-3.192160164606137,1949.6706561516883,2089.0367844153357
55.94600152740682,-3.192160164606137,SE,55.945789395372465,-3.1919480325717813,1949.6706561516883,2087.7867844153357
55.945789395372465,-3.1919480325717813,NW,55.94600152740682,-3.192160164606137,1949.6706561516883,2086.5367844153357
55.94600152740682,-3.192160164606137,SE,55.945789395372465,-3.1919480325717813,1949.6706561516883,2085.2867844153357
55.945789395372465,-3.1919480325717813,NW,55.94600152740682,-3.192160164606137,1949.6706561516883,2084.0367844153357
55.94600152740682,-3.192160164606137,SE,55.945789395372465,-3.1919480325717813,1949.6706561516883,2082.7867844153357
55.945789395372465,-3.1919480325717813,NW,55.94600152740682,-3.192160164606137,1949.6706561516883,2081.5367844153357
55.94600152740682,-3.192160164606137,SE,55.945789395372465,-3.1919480325717813,1949.6706561516883,2080.2867844153357
55.945789395372465,-3.1919480325717813,NW,55.94600152740682,-3.192160164606137,1949.6706561516883,2079.0367844153357
55.94600152740682,-3.192160164606137,SE,55.945789395372465,-3.1919480325717813,1949.6706561516883,2077.7867844153357
55.945789395372465,-3.1919480325717813,NW,55.94600152740682,-3.192160164606137,1949.6706561516883,2076.5367844153357
55.94600152740682,-3.192160164606137,SE,55.945789395372465,-3.1919480325717813,1949.6706561516883,2075.2867844153357
55.945789395372465,-3.1919480325717813,NW,55.94600152740682,-3.192160164606137,1949.6706561516883,2074.0367844153357
55.94600152740682,-3.192160164606137,SE,55.945789395372465,-3.1919480325717813,1949.6706561516883,2072.7867844153357
55.945789395372465,-3.1919480325717813,NW,55.94600152740682,-3.192160164606137,1949.6706561516883,2071.5367844153357
55.94600152740682,-3.192160164606137,SE,55.945789395372465,-3.1919480325717813,1949.6706561516883,2070.2867844153357
55.945789395372465,-3.1919480325717813,NW,55.94600152740682,-3.192160164606137,1949.6706561516883,2069.0367844153357
55.94600152740682,-3.192160164606137,SE,55.945789395372465,-3.1919480325717813,1949.6706561516883,2067.7867844153357
55.945789395372465,-3.1919480325717813,NW,55.94600152740682,-3.192160164606137,1949.6706561516883,2066.5367844153357
55.94600152740682,-3.192160164606137,SE,55.945789395372465,-3.1919480325717813,1949.6706561516883,2065.2867844153357
55.945789395372465,-3.1919480325717813,NW,55.94600152740682,-3.192160164606137,1949.6706561516883,2064.0367844153357
55.94600152740682,-3.192160164606137,SE,55.945789395372465,-3.1919480325717813,1949.6706561516883,2062.7867844153357
55.945789395372465,-3.1919480325717813,NW,55.94600152740682,-3.192160164606137,1949.6706561516883,2061.5367844153357
55.94600152740682,-3.192160164606137,SE,55.945789395372465,-3.1919480325717813,1949.6706561516883,2060.2867844153357
55.945789395372465,-3.1919480325717813,NW,55.94600152740682,-3.192160164606137,1949.6706561516883,2059.0367844153357
55.94600152740682,-3.192160164606137,SE,55.945789395372465,-3.1919480325717813,1949.6706561516883,2057.7867844153357
55.945789395372465,-3.1919480325717813,NW,55.94600152740682,-3.192160164606137,1949.6706561516883,2056.5367844153357
55.94600152740682,-3.192160164606137,SE,55.945789395372465,-3.1919480325717813,1949.6706561516883,2055.2867844153357
55.945789395372465,-3.1919480325717813,NW,55.94600152740682,-3.192160164606137,1949.6706561516883,2054.0367844153357
55.94600152740682,-3.192160164606137,SE,55.945789395372465,-3.1919480325717813,1949.6706561516883,2052.7867844153357
55.945789395372465,-3.1919480325717813,NW,55.94600152740682,-3.192160164606137,1949.6706561516883,2051.5367844153357
55.94600152740682,-3.192160164606137,SE,55.945789395372465,-3.1919480325717813,1949.6706561516883,2050.2867844153357
55.945789395372465,-3.1919480325717813,NW,55.94600152740682,-3.192160164606137,1949.6706561516883,2049.0367844153357
55.94600152740682,-3.192160164606137,SE,55.945789395372465,-3.1919480325717813,1949.6706561516883,2047.7867844153357
55.945789395372465,-3.1919480325717813,NW,55.94600152740682,-3.192160164606137,1949.6706561516883,2046.5367844153357
55.94600152740682,-3.192160164606137,SE,55.945789395372465,-3.1919480325717813,1949.6706561516883,2045.2867844153357
55.945789395372465,-3.1919480325717813,NW,55.94600152740682,-3.192160164606137,1949.6706561516883,2044.0367844153357
55.94600152740682,-3.192160164606137,SE,55.945789395372465,-3.1919480325717813,1949.6706561516883,2042.7867844153357
55.945789395372465,-3.1919480325717813,NW,55.94600152740682,-3.192160164606137,1949.6706561516883,2041.5367844153357
55.94600152740682,-3.192160164606137,SE,55.945789395372465,-3.1919480325717813,1949.6706561516883,2040.2867844153357
55.945789395372465,-3.1919480325717813,NW,55.94600152740682,-3.192160164606137,1949.6706561516883,2039.0367844153357
55.94600152740682,-3.192160164606137,SE,55.945789395372465,-3.1919480325717813,1949.6706561516883,2037.7867844153357
55.945789395372465,-3.1919480325717813,NW,55.94600152740682,-3.192160164606137,1949.6706561516883,2036.5367844153357
55.94600152740682,-3.192160164606137,SE,55.945789395372465,-3.1919480325717813,1949.6706561516883,2035.2867844153357
55.945789395372465,-3.1919480325717813,NW,55.94600152740682,-3.192160164606137,1949.6706561516883,2034.0367844153357
55.94600152740682,-3.192160164606137,SE,55.945789395372465,-3.1919480325717813,1949.6706561516883,2032.7867844153357
55.945789395372465,-3.1919480325717813,NW,55.94600152740682,-3.192160164606137,1949.6706561516883,2031.5367844153357
55.94600152740682,-3.192160164606137,SE,55.945789395372465,-3.1919480325717813,1949.6706561516883,2030.2867844153357
55.945789395372465,-3.1919480325717813,NW,55.94600152740682,-3.192160164606137,1949.6706561516883,2029.0367844153357
55.94600152740682,-3.192160164606137,SE,55.945789395372465,-3.1919480325717813,1949.6706561516883,2027.7867844153357
55.945789395372465,-3.1919480325717813,NW,55.94600152740682,-3.192160164606137,1949.6706561516883,2026.5367844153357
55.94600152740682,-3.192160164606137,SE,55.945789395372465,-3.1919480325717813,1949.6706561516883,2025.2867844153357
55.945789395372465,-3.1919480325717813,NW,55.94600152740682,-3.192160164606137,1949.6706561516883,2024.0367844153357
55.94600152740682,-3.192160164606137,SE,55.945789395372465,-3.1919480325717813,1949.6706561516883,2022.7867844153357
55.945789395372465,-3.1919480325717813,NW,55.94600152740682,-3.192160164606137,1949.6706561516883,2021.5367844153357
55.94600152740682,-3.192160164606137,SE,55.945789395372465,-3.1919480325717813,1949.6706561516883,2020.2867844153357
55.945789395372465,-3.1919480325717813,NW,55.94600152740682,-3.192160164606137,1949.6706561516883,2019.0367844153357
55.94600152740682,-3.192160164606137,SE,55.945789395372465,-3.1919480325717813,1949.6706561516883,2017.7867844153357
55.945789395372465,-3.1919480325717813,NW,55.94600152740682,-3.192160164606137,1949.6706561516883,2016.5367844153357
55.94600152740682,-3.192160164606137,SE,55.945789395372465,-3.1919480325717813,1949.6706561516883,2015.2867844153357
55.945789395372465,-3.1919480325717813,NW,55.94600152740682,-3.192160164606137,1949.6706561516883,2014.0367844153357
55.94600152740682,-3.192160164606137,SE,55.945789395372465,-3.1919480325717813,1949.6706561516883,2012.7867844153357
55.945789395372465,-3.1919480325717813,NW,55.94600152740682,-3.192160164606137,1949.6706561516883,2011.5367844153357
55.94600152740682,-3.192160164606137,SE,55.945789395372465,-3.1919480325717813,1949.6706561516883,2010.2867844153357
55.945789395372465,-3.1919480325717813,NW,55.94600152740682,-3.192160164606137,1949.6706561516883,2009.0367844153357
55.94600152740682,-3.192160164606137,SE,55.945789395372465,-3.1919480325717813,1949.6706561516883,2007.7867844153357
55.945789395372465,-3.1919480325717813,NW,55.94600152740682,-3.192160164606137,1949.6706561516883,2006.5367844153357
55.94600152740682,-3.192160164606137,SE,55.945789395372465,-3.1919480325717813,1949.6706561516883,2005.2867844153357
55.945789395372465,-3.1919480325717813,NW,55.94600152740682,-3.192160164606137,1949.6706561516883,2004.0367844153357
55.94600152740682,-3.192160164606137,SE,55.945789395372465,-3.1919480325717813,1949.6706561516883,2002.7867844153357
55.945789395372465,-3.1919480325717813,NW,55.94600152740682,-3.192160164606137,1949.6706561516883,2001.5367844153357
55.94600152740682,-3.192160164606137,SE,55.945789395372465,-3.1919480325717813,1949.6706561516883,2000.2867844153357
55.945789395372465,-3.1919480325717813,NW,55.94600152740682,-3.192160164606137,1949.6706561516883,1999.0367844153357
55.94600152740682,-3.192160164606137,SE,55.945789395372465,-3.1919480325717813,1949.6706561516883,1997.7867844153357
55.945789395372465,-3.1919480325717813,NW,55.94600152740682,-3.192160164606137,1949.6706561516883,1996.5367844153357
55.94600152740682,-3.192160164606137,SE,55.945789395372465,-3.1919480325717813,1949.6706561516883,1995.2867844153357
55.945789395372465,-3.1919480325717813,NW,55.94600152740682,-3.192160164606137,1949.6706561516883,1994.0367844153357
55.94600152740682,-3.192160164606137,SE,55.945789395372465,-3.1919480325717813,1949.6706561516883,1992.7867844153357
55.945789395372465,-3.1919480325717813,NW,55.94600152740682,-3.192160164606137,1949.6706561516883,1991.5367844153357
55.94600152740682,-3.192160164606137,SE,55.945789395372465,-3.1919480325717813,1949.6706561516883,1990.2867844153357
55.945789395372465,-3.1919480325717813,NW,55.94600152740682,-3.192160164606137,1949.6706561516883,1989.0367844153357
55.94600152740682,-3.192160164606137,SE,55.945789395372465,-3.1919480325717813,1949.6706561516883,1987.7867844153357
55.945789395372465,-3.1919480325717813,NW,55.94600152740682,-3.192160164606137,1949.6706561516883,1986.5367844153357
55.94600152740682,-3.192160164606137,SE,55.945789395372465,-3.1919480325717813,1949.6706561516883,1985.2867844153357
55.945789395372465,-3.1919480325717813,NW,55.94600152740682,-3.192160164606137,1949.6706561516883,1984.0367844153357
55.94600152740682,-3.192160164606137,SE,55.945789395372465,-3.1919480325717813,1949.6706561516883,1982.7867844153357
55.945789395372465,-3.1919480325717813,NW,55.94600152740682,-3.192160164606137,1949.6706561516883,1981.5367844153357
55.94600152740682,-3.192160164606137,SE,55.945789395372465,-3.1919480325717813,1949.6706561516883,1980.2867844153357
55.945789395372465,-3.1919480325717813,NW,55.94600152740682,-3.192160164606137,1949.6706561516883,1979.0367844153357
55.94600152740682,-3.192160164606137,SE,55.945789395372465,-3.1919480325717813,1949.6706561516883,1977.7867844153357
55.945789395372465,-3.1919480325717813,NW,55.94600152740682,-3.192160164606137,1949.6706561516883,1976.5367844153357
55.94600152740682,-3.192160164606137,SE,55.945789395372465,-3.1919480325717813,1949.6706561516883,1975.2867844153357
55.945789395372465,-3.1919480325717813,NW,55.94600152740682,-3.192160164606137,1949.6706561516883,1974.0367844153357
55.94600152740682,-3.192160164606137,SE,55.945789395372465,-3.1919480325717813,1949.6706561516883,1972.7867844153357
55.945789395372465,-3.1919480325717813,NW,55.94600152740682,-3.192160164606137,1949.6706561516883,1971.5367844153357
55.94600152740682,-3.192160164606137,SE,55.945789395372465,-3.1919480325717813,1949.6706561516883,1970.2867844153357
55.945789395372465,-3.1919480325717813,NW,55.94600152740682,-3.192160164606137,1949.6706561516883,1969.0367844153357
55.94600152740682,-3.192160164606137,SE,55.945789395372465,-3.1919480325717813,1949.6706561516883,1967.7867844153357
55.945789395372465,-3.1919480325717813,NW,55.94600152740682,-3.192160164606137,1949.6706561516883,1966.5367844153357
55.94600152740682,-3.192160164606137,SE,55.945789395372465,-3.1919480325717813,1949.6706561516883,1965.2867844153357
55.945789395372465,-3.1919480325717813,NW,55.94600152740682,-3.192160164606137,1949.6706561516883,1964.0367844153357
55.94600152740682,-3.192160164606137,SE,55.945789395372465,-3.1919480325717813,1949.6706561516883,1962.7867844153357
55.945789395372465,-3.1919480325717813,NW,55.94600152740682,-3.192160164606137,1949.6706561516883,1961.5367844153357
55.94600152740682,-3.192160164606137,SE,55.945789395372465,-3.1919480325717813,1949.6706561516883,1960.2867844153357
55.945789395372465,-3.1919480325717813,NW,55.94600152740682,-3.192160164606137,1949.6706561516883,1959.0367844153357
55.94600152740682,-3.192160164606137,SE,55.945789395372465,-3.1919480325717813,1949.6706561516883,1957.7867844153357
55.945789395372465,-3.1919480325717813,NW,55.94600152740682,-3.192160164606137,1949.6706561516883,1956.5367844153357
55.94600152740682,-3.192160164606137,SE,55.945789395372465,-3.1919480325717813,1949.6706561516883,1955.2867844153357
55.945789395372465,-3.1919480325717813,NW,55.94600152740682,-3.192160164606137,1949.6706561516883,1954.0367844153357
55.94600152740682,-3.192160164606137,SE,55.945789395372465,-3.1919480325717813,1949.6706561516883,1952.7867844153357
55.945789395372465,-3.1919480325717813,NW,55.94600152740682,-3.192160164606137,1949.6706561516883,1951.5367844153357
