55.944425,-3.188396,SSW,55.944147836140246,-3.1885108050297095,44.846348869420794,367.9385884319481
55.944147836140246,-3.1885108050297095,WSW,55.944033031110536,-3.188787968889463,63.36474357220696,392.16972628970444
55.944033031110536,-3.188787968889463,NW,55.94424516314489,-3.1890001009238187,63.36474357220696,390.91972628970444
55.94424516314489,-3.1890001009238187,NW,55.94445729517925,-3.1892122329581745,123.57036224953728,484.14281949415005
55.94445729517925,-3.1892122329581745,NW,55.944669427213604,-3.1894243649925302,123.57036224953728,482.89281949415005
55.944669427213604,-3.1894243649925302,NNW,55.94494659107336,-3.1895391700222397,150.53936782265532,580.8861766631618
55.94494659107336,-3.1895391700222397,W,55.94494659107336,-3.18983917002224,150.53936782265532,579.6361766631618
55.94494659107336,-3.18983917002224,WSW,55.94483178604365,-3.1901163338819933,228.82619610788925,659.7842054824231
55.94483178604365,-3.1901163338819933,WNW,55.94494659107336,-3.1903934977417467,276.19369591218395,708.4799023043423
55.94494659107336,-3.1903934977417467,N,55.945246591073364,-3.1903934977417467,276.19369591218395,707.2299023043423
55.945246591073364,-3.1903934977417467,N,55.94554659107337,-3.1903934977417467,297.4111833848021,796.0113665809859
55.94554659107337,-3.1903934977417467,ENE,55.94566139610308,-3.1901163338819933,297.4111833848021,794.7613665809859
55.94566139610308,-3.1901163338819933,E,55.94566139610308,-3.189816333881993,332.0299700517351,893.1570334340767
55.94566139610308,-3.189816333881993,ENE,55.94577620113279,-3.1895391700222397,420.7849516378653,964.2050616984088
55.94577620113279,-3.1895391700222397,E,55.94577620113279,-3.1892391700222396,542.0285918428916,1034.9114036112283
55.94577620113279,-3.1892391700222396,ESE,55.94566139610308,-3.188962006162486,542.0285918428916,1033.6614036112283
55.94566139610308,-3.188962006162486,E,55.94566139610308,-3.188662006162486,542.0285918428916,1032.4114036112283
55.94566139610308,-3.188662006162486,ESE,55.94554659107337,-3.1883848423027326,542.0285918428916,1031.1614036112283
55.94554659107337,-3.1883848423027326,E,55.94554659107337,-3.1880848423027324,560.5625551938716,1046.1072630996387
55.94554659107337,-3.1880848423027324,ENE,55.94566139610308,-3.187807678442979,560.5625551938716,1044.8572630996387
55.94566139610308,-3.187807678442979,ENE,55.94577620113279,-3.1875305145832256,560.5625551938716,1043.6072630996387
55.94577620113279,-3.1875305145832256,ENE,55.9458910061625,-3.187253350723472,560.5625551938716,1042.3572630996387
55.9458910061625,-3.187253350723472,E,55.9458910061625,-3.186953350723472,659.319389699022,1142.9831848758752
55.9458910061625,-3.186953350723472,E,55.9458910061625,-3.186653350723472,687.9324103860051,1197.6530642597254
55.9458910061625,-3.186653350723472,E,55.9458910061625,-3.1863533507234716,687.9324103860051,1196.4030642597254
55.9458910061625,-3.1863533507234716,WSW,55.94577620113279,-3.186630514583225,687.9324103860051,1195.1530642597254
55.94577620113279,-3.186630514583225,WNW,55.9458910061625,-3.1869076784429784,687.9324103860051,1193.9030642597254
55.9458910061625,-3.1869076784429784,SSW,55.94561384230274,-3.187022483472688,687.9324103860051,1192.6530642597254
55.94561384230274,-3.187022483472688,SSE,55.945336678442985,-3.1869076784429784,687.9324103860051,1191.4030642597254
55.945336678442985,-3.1869076784429784,SSE,55.94505951458323,-3.186792873413269,745.0593799070994,1236.3083262852076
55.94505951458323,-3.186792873413269,ESE,55.94494470955352,-3.1865157095535155,745.0593799070994,1235.0583262852076
55.94494470955352,-3.1865157095535155,ESE,55.94482990452381,-3.186238545693762,824.7831901272394,1253.384619901549
55.94482990452381,-3.186238545693762,E,55.94482990452381,-3.185938545693762,824.7831901272394,1252.134619901549
55.94482990452381,-3.185938545693762,E,55.94482990452381,-3.1856385456937617,824.7831901272394,1250.884619901549
55.94482990452381,-3.1856385456937617,ESE,55.9447150994941,-3.1853613818340083,824.7831901272394,1249.634619901549
55.9447150994941,-3.1853613818340083,E,55.9447150994941,-3.185061381834008,937.3117826379016,1278.966016149392
55.9447150994941,-3.185061381834008,E,55.9447150994941,-3.184761381834008,1060.9495539701709,1328.0924192807083
55.9447150994941,-3.184761381834008,NNE,55.94499226335385,-3.1846465768042984,1060.9495539701709,1326.8424192807083
55.94499226335385,-3.1846465768042984,NNE,55.94526942721361,-3.184531771774589,1062.9351486541705,1390.8929566692864
55.94526942721361,-3.184531771774589,NNW,55.94554659107337,-3.1846465768042984,1062.9351486541705,1389.6429566692864
55.94554659107337,-3.1846465768042984,N,55.94584659107337,-3.1846465768042984,1062.9351486541705,1388.3929566692864
55.94584659107337,-3.1846465768042984,NNW,55.946123754933126,-3.184761381834008,1084.9338870997626,1424.1933033619027
55.946123754933126,-3.184761381834008,SSW,55.94584659107337,-3.1848761868637174,1084.9338870997626,1422.9433033619027
55.94584659107337,-3.1848761868637174,S,55.94554659107337,-3.1848761868637174,1084.9338870997626,1421.6933033619027
55.94554659107337,-3.1848761868637174,SSW,55.94526942721361,-3.184990991893427,1084.9338870997626,1420.4433033619027
55.94526942721361,-3.184990991893427,S,55.94496942721361,-3.184990991893427,1084.9338870997626,1419.1933033619027
55.94496942721361,-3.184990991893427,SSW,55.94469226335385,-3.1851057969231364,1084.9338870997626,1417.9433033619027
55.94469226335385,-3.1851057969231364,S,55.94439226335385,-3.1851057969231364,1084.9338870997626,1416.6933033619027
55.94439226335385,-3.1851057969231364,SSW,55.94411509949409,-3.185220601952846,1084.9338870997626,1415.4433033619027
55.94411509949409,-3.185220601952846,S,55.94381509949409,-3.185220601952846,1084.9338870997626,1414.1933033619027
55.94381509949409,-3.185220601952846,SW,55.94360296745973,-3.1854327339872017,1085.0276781283214,1524.9506773991827
55.94360296745973,-3.1854327339872017,SSW,55.943325803599976,-3.1855475390169112,1085.0276781283214,1523.7006773991827
55.943325803599976,-3.1855475390169112,SW,55.94311367156562,-3.185759671051267,1085.0276781283214,1522.4506773991827
55.94311367156562,-3.185759671051267,SSW,55.94283650770586,-3.1858744760809765,1093.9701214343606,1553.5682776405954
55.94283650770586,-3.1858744760809765,W,55.94283650770586,-3.1861744760809767,1183.118690603749,1585.661944452618
55.94283650770586,-3.1861744760809767,NW,55.94304863974022,-3.1863866081153325,1183.118690603749,1584.411944452618
55.94304863974022,-3.1863866081153325,NW,55.943260771774575,-3.1865987401496882,1183.118690603749,1583.161944452618
55.943260771774575,-3.1865987401496882,NW,55.94347290380893,-3.186810872184044,1183.118690603749,1581.911944452618
55.94347290380893,-3.186810872184044,WNW,55.94358770883864,-3.1870880360437974,1183.118690603749,1580.661944452618
55.94358770883864,-3.1870880360437974,NW,55.943799840873,-3.187300168078153,1183.118690603749,1579.411944452618
55.943799840873,-3.187300168078153,WNW,55.94391464590271,-3.1875773319379066,1231.9311595368374,1632.9486540021726
55.94391464590271,-3.1875773319379066,WSW,55.943799840873,-3.18785449579766,1231.9311595368374,1631.6986540021726
55.943799840873,-3.18785449579766,WSW,55.94368503584329,-3.1881316596574134,1231.9311595368374,1630.4486540021726
55.94368503584329,-3.1881316596574134,WSW,55.94357023081358,-3.188408823517167,1231.9311595368374,1629.1986540021726
55.94357023081358,-3.188408823517167,WSW,55.94345542578387,-3.18868598737692,1231.9311595368374,1627.9486540021726
55.94345542578387,-3.18868598737692,WNW,55.94357023081358,-3.1889631512366736,1231.9311595368374,1626.6986540021726
55.94357023081358,-3.1889631512366736,S,55.943270230813575,-3.1889631512366736,1231.9311595368374,1625.4486540021726
55.943270230813575,-3.1889631512366736,WSW,55.943155425783864,-3.189240315096427,1256.5738503903008,1626.3369256835017
55.943155425783864,-3.189240315096427,WNW,55.943270230813575,-3.1895174789561804,1256.5738503903008,1625.0869256835017
55.943270230813575,-3.1895174789561804,NW,55.94348236284793,-3.189729610990536,1256.5738503903008,1623.8369256835017
55.94348236284793,-3.189729610990536,NW,55.94369449488229,-3.189941743024892,1256.5738503903008,1622.5869256835017
55.94369449488229,-3.189941743024892,NW,55.94390662691664,-3.1901538750592477,1256.5738503903008,1621.3369256835017
55.94390662691664,-3.1901538750592477,NW,55.944118758951,-3.1903660070936035,1373.4390403983493,1653.410910221129
55.944118758951,-3.1903660070936035,W,55.944118758951,-3.1906660070936037,1428.2265010279548,1662.2157212575903
55.944118758951,-3.1906660070936037,S,55.943818758951,-3.1906660070936037,1439.6030406503878,1776.9695174730318
55.943818758951,-3.1906660070936037,SW,55.94360662691664,-3.1908781391279595,1489.307832818311,1885.357886342523
55.94360662691664,-3.1908781391279595,WSW,55.94349182188693,-3.191155302987713,1489.307832818311,1884.107886342523
55.94349182188693,-3.191155302987713,WSW,55.94337701685722,-3.1914324668474663,1489.307832818311,1882.857886342523
55.94337701685722,-3.1914324668474663,WSW,55.94326221182751,-3.1917096307072197,1489.307832818311,1881.607886342523
55.94326221182751,-3.1917096307072197,WSW,55.9431474067978,-3.191986794566973,1601.1539263583686,1891.4441033900368
55.9431474067978,-3.191986794566973,N,55.9434474067978,-3.191986794566973,1601.1539263583686,1890.1941033900368
55.9434474067978,-3.191986794566973,N,55.943747406797804,-3.191986794566973,1601.1539263583686,1888.9441033900368
55.943747406797804,-3.191986794566973,N,55.94404740679781,-3.191986794566973,1601.1539263583686,1887.6941033900368
55.94404740679781,-3.191986794566973,NNW,55.944324570657564,-3.1921015995966826,1601.1539263583686,1886.4441033900368
55.944324570657564,-3.1921015995966826,N,55.94462457065757,-3.1921015995966826,1653.535248096156,1973.4524830512391
55.94462457065757,-3.1921015995966826,N,55.94492457065757,-3.1921015995966826,1653.535248096156,1972.2024830512391
55.94492457065757,-3.1921015995966826,N,55.94522457065757,-3.1921015995966826,1653.535248096156,1970.9524830512391
55.94522457065757,-3.1921015995966826,N,55.945524570657575,-3.1921015995966826,1756.1274750924485,2004.544912692559
55.945524570657575,-3.1921015995966826,ENE,55.945639375687286,-3.191824435736929,1811.1410971663395,2068.587350946054
55.945639375687286,-3.191824435736929,ENE,55.945754180716996,-3.191547271877176,1811.1410971663395,2067.337350946054
55.945754180716996,-3.191547271877176,NE,55.94596631275135,-3.19133513984282,1849.1636319890379,2092.323184976332
55.94596631275135,-3.19133513984282,SW,55.945754180716996,-3.191547271877176,1849.1636319890379,2091.073184976332
55.945754180716996,-3.191547271877176,NE,55.94596631275135,-3.19133513984282,1849.1636319890379,2089.823184976332
55.94596631275135,-3.19133513984282,SW,55.945754180716996,-3.191547271877176,1849.1636319890379,2088.573184976332
55.945754180716996,-3.191547271877176,NE,55.94596631275135,-3.19133513984282,1849.1636319890379,2087.323184976332
55.94596631275135,-3.19133513984282,SW,55.945754180716996,-3.191547271877176,1849.1636319890379,2086.073184976332
55.945754180716996,-3.191547271877176,NE,55.94596631275135,-3.19133513984282,1849.1636319890379,2084.823184976332
55.94596631275135,-3.19133513984282,SW,55.945754180716996,-3.191547271877176,1849.1636319890379,2083.573184976332
55.945754180716996,-3.191547271877176,NE,55.94596631275135,-3.19133513984282,1849.1636319890379,2082.323184976332
55.94596631275135,-3.19133513984282,SW,55.945754180716996,-3.191547271877176,1849.1636319890379,2081.073184976332
55.945754180716996,-3.191547271877176,NE,55.94596631275135,-3.19133513984282,1849.1636319890379,2079.823184976332
55.94596631275135,-3.19133513984282,SW,55.945754180716996,-3.191547271877176,1849.1636319890379,2078.573184976332
55.945754180716996,-3.191547271877176,NE,55.94596631275135,-3.19133513984282,1849.1636319890379,2077.323184976332
55.94596631275135,-3.19133513984282,SW,55.945754180716996,-3.191547271877176,1849.1636319890379,2076.073184976332
55.945754180716996,-3.191547271877176,NE,55.94596631275135,-3.19133513984282,1849.1636319890379,2074.823184976332
55.94596631275135,-3.19133513984282,SW,55.945754180716996,-3.191547271877176,1849.1636319890379,2073.573184976332
55.945754180716996,-3.191547271877176,NE,55.94596631275135,-3.19133513984282,1849.1636319890379,2072.323184976332
55.94596631275135,-3.19133513984282,SW,55.945754180716996,-3.191547271877176,1849.1636319890379,2071.073184976332
55.945754180716996,-3.191547271877176,NE,55.94596631275135,-3.19133513984282,1849.1636319890379,2069.823184976332
55.94596631275135,-3.19133513984282,SW,55.945754180716996,-3.191547271877176,1849.1636319890379,2068.573184976332
55.945754180716996,-3.191547271877176,NE,55.94596631275135,-3.19133513984282,1849.1636319890379,2067.323184976332
55.94596631275135,-3.19133513984282,SW,55.945754180716996,-3.191547271877176,1849.1636319890379,2066.073184976332
55.945754180716996,-3.191547271877176,NE,55.94596631275135,-3.19133513984282,1849.1636319890379,2064.823184976332
55.94596631275135,-3.19133513984282,SW,55.945754180716996,-3.191547271877176,1849.1636319890379,2063.573184976332
55.945754180716996,-3.191547271877176,NE,55.94596631275135,-3.19133513984282,1849.1636319890379,2062.323184976332
55.94596631275135,-3.19133513984282,SW,55.945754180716996,-3.191547271877176,1849.1636319890379,2061.073184976332
55.945754180716996,-3.191547271877176,NE,55.94596631275135,-3.19133513984282,1849.1636319890379,2059.823184976332
55.94596631275135,-3.19133513984282,SW,55.945754180716996,-3.191547271877176,1849.1636319890379,2058.573184976332
55.945754180716996,-3.191547271877176,NE,55.94596631275135,-3.19133513984282,1849.1636319890379,2057.323184976332
55.94596631275135,-3.19133513984282,SW,55.945754180716996,-3.191547271877176,1849.1636319890379,2056.073184976332
55.945754180716996,-3.191547271877176,NE,55.94596631275135,-3.19133513984282,1849.1636319890379,2054.823184976332
55.94596631275135,-3.19133513984282,SW,55.945754180716996,-3.191547271877176,1849.1636319890379,2053.573184976332
55.945754180716996,-3.191547271877176,NE,55.94596631275135,-3.19133513984282,1849.1636319890379,2052.323184976332
55.94596631275135,-3.19133513984282,SW,55.945754180716996,-3.191547271877176,1849.1636319890379,2051.073184976332
55.945754180716996,-3.191547271877176,NE,55.94596631275135,-3.19133513984282,1849.1636319890379,2049.823184976332
55.94596631275135,-3.19133513984282,SW,55.945754180716996,-3.191547271877176,1849.1636319890379,2048.573184976332
55.945754180716996,-3.191547271877176,NE,55.94596631275135,-3.19133513984282,1849.1636319890379,2047.323184976332
55.94596631275135,-3.19133513984282,SW,55.945754180716996,-3.191547271877176,1849.1636319890379,2046.073184976332
55.945754180716996,-3.191547271877176,NE,55.94596631275135,-3.19133513984282,1849.1636319890379,2044.823184976332
55.94596631275135,-3.19133513984282,SW,55.945754180716996,-3.191547271877176,1849.1636319890379,2043.573184976332
55.945754180716996,-3.191547271877176,NE,55.94596631275135,-3.19133513984282,1849.1636319890379,2042.323184976332
55.94596631275135,-3.19133513984282,SW,55.945754180716996,-3.191547271877176,1849.1636319890379,2041.073184976332
55.945754180716996,-3.191547271877176,NE,55.94596631275135,-3.19133513984282,1849.1636319890379,2039.823184976332
55.94596631275135,-3.19133513984282,SW,55.945754180716996,-3.191547271877176,1849.1636319890379,2038.573184976332
55.945754180716996,-3.191547271877176,NE,55.94596631275135,-3.19133513984282,1849.1636319890379,2037.323184976332
55.94596631275135,-3.19133513984282,SW,55.945754180716996,-3.191547271877176,1849.1636319890379,2036.073184976332
55.945754180716996,-3.191547271877176,NE,55.94596631275135,-3.19133513984282,1849.1636319890379,2034.823184976332
55.94596631275135,-3.19133513984282,SW,55.945754180716996,-3.191547271877176,1849.1636319890379,2033.573184976332
55.945754180716996,-3.191547271877176,NE,55.94596631275135,-3.19133513984282,1849.1636319890379,2032.323184976332
55.94596631275135,-3.19133513984282,SW,55.945754180716996,-3.191547271877176,1849.1636319890379,2031.073184976332
55.945754180716996,-3.191547271877176,NE,55.94596631275135,-3.19133513984282,1849.1636319890379,2029.823184976332
55.94596631275135,-3.19133513984282,SW,55.945754180716996,-3.191547271877176,1849.1636319890379,2028.573184976332
55.945754180716996,-3.191547271877176,NE,55.94596631275135,-3.19133513984282,1849.1636319890379,2027.323184976332
55.94596631275135,-3.19133513984282,SW,55.945754180716996,-3.191547271877176,1849.1636319890379,2026.073184976332
55.945754180716996,-3.191547271877176,NE,55.94596631275135,-3.19133513984282,1849.1636319890379,2024.823184976332
55.94596631275135,-3.19133513984282,SW,55.945754180716996,-3.191547271877176,1849.1636319890379,2023.573184976332
55.945754180716996,-3.191547271877176,NE,55.94596631275135,-3.19133513984282,1849.1636319890379,2022.323184976332
55.94596631275135,-3.19133513984282,SW,55.945754180716996,-3.191547271877176,1849.1636319890379,2021.073184976332
55.945754180716996,-3.191547271877176,NE,55.94596631275135,-3.19133513984282,1849.1636319890379,2019.823184976332
55.94596631275135,-3.19133513984282,SW,55.945754180716996,-3.191547271877176,1849.1636319890379,2018.573184976332
55.945754180716996,-3.191547271877176,NE,55.94596631275135,-3.19133513984282,1849.1636319890379,2017.323184976332
55.94596631275135,-3.19133513984282,SW,55.945754180716996,-3.191547271877176,1849.1636319890379,2016.073184976332
55.945754180716996,-3.191547271877176,NE,55.94596631275135,-3.19133513984282,1849.1636319890379,2014.823184976332
55.94596631275135,-3.19133513984282,SW,55.945754180716996,-3.191547271877176,1849.1636319890379,2013.573184976332
55.945754180716996,-3.191547271877176,NE,55.94596631275135,-3.19133513984282,1849.1636319890379,2012.323184976332
55.94596631275135,-3.19133513984282,SW,55.945754180716996,-3.191547271877176,1849.1636319890379,2011.073184976332
55.945754180716996,-3.191547271877176,NE,55.94596631275135,-3.19133513984282,1849.1636319890379,2009.823184976332
55.94596631275135,-3.19133513984282,SW,55.945754180716996,-3.191547271877176,1849.1636319890379,2008.573184976332
55.945754180716996,-3.191547271877176,NE,55.94596631275135,-3.19133513984282,1849.1636319890379,2007.323184976332
55.94596631275135,-3.19133513984282,SW,55.945754180716996,-3.191547271877176,1849.1636319890379,2006.073184976332
55.945754180716996,-3.191547271877176,NE,55.94596631275135,-3.19133513984282,1849.1636319890379,2004.823184976332
55.94596631275135,-3.19133513984282,SW,55.945754180716996,-3.191547271877176,1849.1636319890379,2003.573184976332
55.945754180716996,-3.191547271877176,NE,55.94596631275135,-3.19133513984282,1849.1636319890379,2002.323184976332
55.94596631275135,-3.19133513984282,SW,55.945754180716996,-3.191547271877176,1849.1636319890379,2001.073184976332
55.945754180716996,-3.191547271877176,NE,55.94596631275135,-3.19133513984282,1849.1636319890379,1999.823184976332
55.94596631275135,-3.19133513984282,SW,55.945754180716996,-3.191547271877176,1849.1636319890379,1998.573184976332
55.945754180716996,-3.191547271877176,NE,55.94596631275135,-3.19133513984282,1849.1636319890379,1997.323184976332
55.94596631275135,-3.19133513984282,SW,55.945754180716996,-3.191547271877176,1849.1636319890379,1996.073184976332
55.945754180716996,-3.191547271877176,NE,55.94596631275135,-3.19133513984282,1849.1636319890379,1994.823184976332
55.94596631275135,-3.19133513984282,SW,55.945754180716996,-3.191547271877176,1849.1636319890379,1993.573184976332
55.945754180716996,-3.191547271877176,NE,55.94596631275135,-3.19133513984282,1849.1636319890379,1992.323184976332
55.94596631275135,-3.19133513984282,SW,55.945754180716996,-3.191547271877176,1849.1636319890379,1991.073184976332
55.945754180716996,-3.191547271877176,NE,55.94596631275135,-3.19133513984282,1849.1636319890379,1989.823184976332
55.94596631275135,-3.19133513984282,SW,55.945754180716996,-3.191547271877176,1849.1636319890379,1988.573184976332
55.945754180716996,-3.191547271877176,NE,55.94596631275135,-3.19133513984282,1849.1636319890379,1987.323184976332
55.94596631275135,-3.19133513984282,SW,55.945754180716996,-3.191547271877176,1849.1636319890379,1986.073184976332
55.945754180716996,-3.191547271877176,NE,55.94596631275135,-3.19133513984282,1849.1636319890379,1984.823184976332
55.94596631275135,-3.19133513984282,SW,55.945754180716996,-3.191547271877176,1849.1636319890379,1983.573184976332
55.945754180716996,-3.191547271877176,NE,55.94596631275135,-3.19133513984282,1849.1636319890379,1982.323184976332
55.94596631275135,-3.19133513984282,SW,55.945754180716996,-3.191547271877176,1849.1636319890379,1981.073184976332
55.945754180716996,-3.191547271877176,NE,55.94596631275135,-3.19133513984282,1849.1636319890379,1979.823184976332
55.94596631275135,-3.19133513984282,SW,55.945754180716996,-3.191547271877176,1849.1636319890379,1978.573184976332
55.945754180716996,-3.191547271877176,NE,55.94596631275135,-3.19133513984282,1849.1636319890379,1977.323184976332
55.94596631275135,-3.19133513984282,SW,55.945754180716996,-3.191547271877176,1849.1636319890379,1976.073184976332
55.945754180716996,-3.191547271877176,NE,55.94596631275135,-3.19133513984282,1849.1636319890379,1974.823184976332
55.94596631275135,-3.19133513984282,SW,55.945754180716996,-3.191547271877176,1849.1636319890379,1973.573184976332
55.945754180716996,-3.191547271877176,NE,55.94596631275135,-3.19133513984282,1849.1636319890379,1972.323184976332
55.94596631275135,-3.19133513984282,SW,55.945754180716996,-3.191547271877176,1849.1636319890379,1971.073184976332
55.945754180716996,-3.191547271877176,NE,55.94596631275135,-3.19133513984282,1849.1636319890379,1969.823184976332
55.94596631275135,-3.19133513984282,SW,55.945754180716996,-3.191547271877176,1849.1636319890379,1968.573184976332
55.945754180716996,-3.191547271877176,NE,55.94596631275135,-3.19133513984282,1849.1636319890379,1967.323184976332
55.94596631275135,-3.19133513984282,SW,55.945754180716996,-3.191547271877176,1849.1636319890379,1966.073184976332
55.945754180716996,-3.191547271877176,NE,55.94596631275135,-3.19133513984282,1849.1636319890379,1964.823184976332
55.94596631275135,-3.19133513984282,SW,55.945754180716996,-3.191547271877176,1849.1636319890379,1963.573184976332
55.945754180716996,-3.191547271877176,NE,55.94596631275135,-3.19133513984282,1849.1636319890379,1962.323184976332
55.94596631275135,-3.19133513984282,SW,55.945754180716996,-3.191547271877176,1849.1636319890379,1961.073184976332
55.945754180716996,-3.191547271877176,NE,55.94596631275135,-3.19133513984282,1849.1636319890379,1959.823184976332
55.94596631275135,-3.19133513984282,SW,55.945754180716996,-3.191547271877176,1849.1636319890379,1958.573184976332
55.945754180716996,-3.191547271877176,NE,55.94596631275135,-3.19133513984282,1849.1636319890379,1957.323184976332
55.94596631275135,-3.19133513984282,SW,55.945754180716996,-3.191547271877176,1849.1636319890379,1956.073184976332
55.945754180716996,-3.191547271877176,NE,55.94596631275135,-3.19133513984282,1849.1636319890379,1954.823184976332
55.94596631275135,-3.19133513984282,SW,55.945754180716996,-3.191547271877176,1849.1636319890379,1953.573184976332
55.945754180716996,-3.191547271877176,NE,55.94596631275135,-3.19133513984282,1849.1636319890379,1952.323184976332
55.94596631275135,-3.19133513984282,SW,55.945754180716996,-3.191547271877176,1849.1636319890379,1951.073184976332
55.945754180716996,-3.191547271877176,NE,55.94596631275135,-3.19133513984282,1849.1636319890379,1949.823184976332
55.94596631275135,-3.19133513984282,SW,55.945754180716996,-3.191547271877176,1849.1636319890379,1948.573184976332
55.945754180716996,-3.191547271877176,NE,55.94596631275135,-3.19133513984282,1849.1636319890379,1947.323184976332
55.94596631275135,-3.19133513984282,SW,55.945754180716996,-3.191547271877176,1849.1636319890379,1946.073184976332
55.945754180716996,-3.191547271877176,NE,55.94596631275135,-3.19133513984282,1849.1636319890379,1944.823184976332
55.94596631275135,-3.19133513984282,SW,55.945754180716996,-3.191547271877176,1849.1636319890379,1943.573184976332
55.945754180716996,-3.191547271877176,NE,55.94596631275135,-3.19133513984282,1849.1636319890379,1942.323184976332
55.94596631275135,-3.19133513984282,SW,55.945754180716996,-3.191547271877176,1849.1636319890379,1941.073184976332
55.945754180716996,-3.191547271877176,NE,55.94596631275135,-3.19133513984282,1849.1636319890379,1939.823184976332
55.94596631275135,-3.19133513984282,SW,55.945754180716996,-3.191547271877176,1849.1636319890379,1938.573184976332
55.945754180716996,-3.191547271877176,NE,55.94596631275135,-3.19133513984282,1849.1636319890379,1937.323184976332
55.94596631275135,-3.19133513984282,SW,55.945754180716996,-3.191547271877176,1849.1636319890379,1936.073184976332
55.945754180716996,-3.191547271877176,NE,55.94596631275135,-3.19133513984282,1849.1636319890379,1934.823184976332
55.94596631275135,-3.19133513984282,SW,55.945754180716996,-3.191547271877176,1849.1636319890379,1933.573184976332
55.945754180716996,-3.191547271877176,NE,55.94596631275135,-3.19133513984282,1849.1636319890379,1932.323184976332
55.94596631275135,-3.19133513984282,SW,55.945754180716996,-3.191547271877176,1849.1636319890379,1931.073184976332
55.945754180716996,-3.191547271877176,NE,55.94596631275135,-3.19133513984282,1849.1636319890379,1929.823184976332
55.94596631275135,-3.19133513984282,SW,55.945754180716996,-3.191547271877176,1849.1636319890379,1928.573184976332
55.945754180716996,-3.191547271877176,NE,55.94596631275135,-3.19133513984282,1849.1636319890379,1927.323184976332
55.94596631275135,-3.19133513984282,SW,55.945754180716996,-3.191547271877176,1849.1636319890379,1926.073184976332
55.945754180716996,-3.191547271877176,NE,55.94596631275135,-3.19133513984282,1849.1636319890379,1924.823184976332
55.94596631275135,-3.19133513984282,SW,55.945754180716996,-3.191547271877176,1849.1636319890379,1923.573184976332
55.945754180716996,-3.191547271877176,NE,55.94596631275135,-3.19133513984282,1849.1636319890379,1922.323184976332
55.94596631275135,-3.19133513984282,SW,55.945754180716996,-3.191547271877176,1849.1636319890379,1921.073184976332
55.945754180716996,-3.191547271877176,NE,55.94596631275135,-3.19133513984282,1849.1636319890379,1919.823184976332
55.94596631275135,-3.19133513984282,SW,55.945754180716996,-3.191547271877176,1849.1636319890379,1918.573184976332
55.945754180716996,-3.191547271877176,NE,55.94596631275135,-3.19133513984282,1849.1636319890379,1917.323184976332
55.94596631275135,-3.19133513984282,SW,55.945754180716996,-3.191547271877176,1849.1636319890379,1916.073184976332
55.945754180716996,-3.191547271877176,NE,55.94596631275135,-3.19133513984282,1849.1636319890379,1914.823184976332
55.94596631275135,-3.19133513984282,SW,55.945754180716996,-3.191547271877176,1849.1636319890379,1913.573184976332
55.945754180716996,-3.191547271877176,NE,55.94596631275135,-3.19133513984282,1849.1636319890379,1912.323184976332
55.94596631275135,-3.19133513984282,SW,55.945754180716996,-3.191547271877176,1849.1636319890379,1911.073184976332
55.945754180716996,-3.191547271877176,NE,55.94596631275135,-3.19133513984282,1849.1636319890379,1909.823184976332
55.94596631275135,-3.19133513984282,SW,55.945754180716996,-3.191547271877176,1849.1636319890379,1908.573184976332
55.945754180716996,-3.191547271877176,NE,55.94596631275135,-3.19133513984282,1849.1636319890379,1907.323184976332
55.94596631275135,-3.19133513984282,SW,55.945754180716996,-3.191547271877176,1849.1636319890379,1906.073184976332
55.945754180716996,-3.191547271877176,NE,55.94596631275135,-3.19133513984282,1849.1636319890379,1904.823184976332
55.94596631275135,-3.19133513984282,SW,55.945754180716996,-3.191547271877176,1849.1636319890379,1903.573184976332
55.945754180716996,-3.191547271877176,NE,55.94596631275135,-3.19133513984282,1849.1636319890379,1902.323184976332
55.94596631275135,-3.19133513984282,SW,55.945754180716996,-3.191547271877176,1849.1636319890379,1901.073184976332
55.945754180716996,-3.191547271877176,NE,55.94596631275135,-3.19133513984282,1849.1636319890379,1899.823184976332
55.94596631275135,-3.19133513984282,SW,55.945754180716996,-3.191547271877176,1849.1636319890379,1898.573184976332
55.945754180716996,-3.191547271877176,NE,55.94596631275135,-3.19133513984282,1849.1636319890379,1897.323184976332
55.94596631275135,-3.19133513984282,SW,55.945754180716996,-3.191547271877176,1849.1636319890379,1896.073184976332
55.945754180716996,-3.191547271877176,NE,55.94596631275135,-3.19133513984282,1849.1636319890379,1894.823184976332
55.94596631275135,-3.19133513984282,SW,55.945754180716996,-3.191547271877176,1849.1636319890379,1893.573184976332
