55.944425,-3.188396,W,55.944425,-3.188696,15.812402214792701,360.3706239140938
55.944425,-3.188696,N,55.944725000000005,-3.188696,135.88735673397608,442.1580724910169
55.944725000000005,-3.188696,WSW,55.944610194970295,-3.1889731638597536,153.23371111926437,548.0729302835991
55.944610194970295,-3.1889731638597536,N,55.9449101949703,-3.1889731638597536,235.1447018863958,565.4115207275493
55.9449101949703,-3.1889731638597536,SE,55.94469806293594,-3.188761031825398,235.1447018863958,564.1615207275493
55.94469806293594,-3.188761031825398,ENE,55.94481286796565,-3.1884838679656444,235.1447018863958,562.9115207275493
55.94481286796565,-3.1884838679656444,NNE,55.94509003182541,-3.188369062935935,319.7458657602292,677.2228786481593
55.94509003182541,-3.188369062935935,NE,55.945302163859765,-3.188156930901579,319.7458657602292,675.9728786481593
55.945302163859765,-3.188156930901579,N,55.94560216385977,-3.188156930901579,428.07518942553634,698.3460409444069
55.94560216385977,-3.188156930901579,NNE,55.945879327719524,-3.1880421258718696,458.409405253457,767.8764012957238
55.945879327719524,-3.1880421258718696,ESE,55.945764522689814,-3.1877649620121162,458.409405253457,766.6264012957238
55.945764522689814,-3.1877649620121162,SSW,55.94548735883006,-3.1878797670418257,458.409405253457,765.3764012957238
55.94548735883006,-3.1878797670418257,E,55.94548735883006,-3.1875797670418256,506.94333895190556,833.042893136151
55.94548735883006,-3.1875797670418256,NNE,55.945764522689814,-3.187464962012116,506.94333895190556,831.792893136151
55.945764522689814,-3.187464962012116,NE,55.94597665472417,-3.1872528299777603,506.94333895190556,830.542893136151
55.94597665472417,-3.1872528299777603,NE,55.946188786758526,-3.1870406979434045,506.94333895190556,829.292893136151
55.946188786758526,-3.1870406979434045,E,55.946188786758526,-3.1867406979434043,506.94333895190556,828.042893136151
55.946188786758526,-3.1867406979434043,E,55.946188786758526,-3.186440697943404,506.94333895190556,826.792893136151
55.946188786758526,-3.186440697943404,SE,55.94597665472417,-3.1862285659090483,506.94333895190556,825.542893136151
55.94597665472417,-3.1862285659090483,ENE,55.94609145975388,-3.185951402049295,506.94333895190556,824.292893136151
55.94609145975388,-3.185951402049295,W,55.94609145975388,-3.186251402049295,506.94333895190556,823.042893136151
55.94609145975388,-3.186251402049295,WNW,55.94620626478359,-3.1865285659090485,506.94333895190556,821.792893136151
55.94620626478359,-3.1865285659090485,SSE,55.945929100923834,-3.186413760879339,506.94333895190556,820.542893136151
55.945929100923834,-3.186413760879339,SSW,55.94565193706408,-3.1865285659090485,508.53322148159305,863.3309324524704
55.94565193706408,-3.1865285659090485,NNW,55.945929100923834,-3.186643370938758,508.53322148159305,862.0809324524704
55.945929100923834,-3.186643370938758,SSE,55.94565193706408,-3.1865285659090485,508.53322148159305,860.8309324524704
55.94565193706408,-3.1865285659090485,N,55.94595193706408,-3.1865285659090485,508.53322148159305,859.5809324524704
55.94595193706408,-3.1865285659090485,S,55.94565193706408,-3.1865285659090485,508.53322148159305,858.3309324524704
55.94565193706408,-3.1865285659090485,E,55.94565193706408,-3.1862285659090483,508.53322148159305,857.0809324524704
55.94565193706408,-3.1862285659090483,E,55.94565193706408,-3.185928565909048,602.5834791623591,909.7589029760155
55.94565193706408,-3.185928565909048,NNE,55.945929100923834,-3.1858137608793387,602.5834791623591,908.5089029760155
55.945929100923834,-3.1858137608793387,NW,55.94614123295819,-3.1860258929136944,602.5834791623591,907.2589029760155
55.94614123295819,-3.1860258929136944,SSW,55.945864069098434,-3.186140697943404,602.5834791623591,906.0089029760155
55.945864069098434,-3.186140697943404,WNW,55.945978874128144,-3.1864178618031573,602.5834791623591,904.7589029760155
55.945978874128144,-3.1864178618031573,W,55.945978874128144,-3.1867178618031575,602.5834791623591,903.5089029760155
55.945978874128144,-3.1867178618031575,S,55.94567887412814,-3.1867178618031575,602.5834791623591,902.2589029760155
55.94567887412814,-3.1867178618031575,SSE,55.945401710268385,-3.186603056773448,602.5834791623591,901.0089029760155
55.945401710268385,-3.186603056773448,WSW,55.945286905238675,-3.1868802206332014,602.5834791623591,899.7589029760155
55.945286905238675,-3.1868802206332014,ESE,55.945172100208964,-3.186603056773448,602.5834791623591,898.5089029760155
55.945172100208964,-3.186603056773448,ENE,55.945286905238675,-3.1863258929136946,602.5834791623591,897.2589029760155
55.945286905238675,-3.1863258929136946,SE,55.94507477320432,-3.186113760879339,602.5834791623591,896.0089029760155
55.94507477320432,-3.186113760879339,SW,55.94486264116996,-3.1863258929136946,705.8789407421436,954.0468708795771
55.94486264116996,-3.1863258929136946,NNW,55.94513980502972,-3.186440697943404,705.8789407421436,952.7968708795771
55.94513980502972,-3.186440697943404,N,55.94543980502972,-3.186440697943404,705.8789407421436,951.5468708795771
55.94543980502972,-3.186440697943404,SSW,55.945162641169965,-3.1865555029731136,705.8789407421436,950.2968708795771
55.945162641169965,-3.1865555029731136,WSW,55.945047836140255,-3.186832666832867,705.8789407421436,949.0468708795771
55.945047836140255,-3.186832666832867,NNE,55.94532500000001,-3.1867178618031575,705.8789407421436,947.7968708795771
55.94532500000001,-3.1867178618031575,ESE,55.9452101949703,-3.186440697943404,705.8789407421436,946.5468708795771
55.9452101949703,-3.186440697943404,ESE,55.94509538994059,-3.1861635340836507,705.8789407421436,945.2968708795771
55.94509538994059,-3.1861635340836507,SE,55.944883257906234,-3.185951402049295,705.8789407421436,944.0468708795771
55.944883257906234,-3.185951402049295,ENE,55.944998062935944,-3.1856742381895415,705.8789407421436,942.7968708795771
55.944998062935944,-3.1856742381895415,WSW,55.944883257906234,-3.185951402049295,705.8789407421436,941.5468708795771
55.944883257906234,-3.185951402049295,NNE,55.94516042176599,-3.1858365970195854,705.8789407421436,940.2968708795771
55.94516042176599,-3.1858365970195854,SSW,55.944883257906234,-3.185951402049295,705.8789407421436,939.0468708795771
55.944883257906234,-3.185951402049295,W,55.944883257906234,-3.186251402049295,705.8789407421436,937.7968708795771
55.944883257906234,-3.186251402049295,WNW,55.944998062935944,-3.1865285659090485,705.8789407421436,936.5468708795771
55.944998062935944,-3.1865285659090485,N,55.94529806293595,-3.1865285659090485,705.8789407421436,935.2968708795771
55.94529806293595,-3.1865285659090485,SE,55.94508593090159,-3.1863164338746928,705.8789407421436,934.0468708795771
55.94508593090159,-3.1863164338746928,E,55.94508593090159,-3.1860164338746926,705.8789407421436,932.7968708795771
55.94508593090159,-3.1860164338746926,SSE,55.944808767041835,-3.185901628844983,705.8789407421436,931.5468708795771
55.944808767041835,-3.185901628844983,N,55.94510876704184,-3.185901628844983,705.8789407421436,930.2968708795771
55.94510876704184,-3.185901628844983,SSE,55.94483160318208,-3.1857868238152736,705.8789407421436,929.0468708795771
55.94483160318208,-3.1857868238152736,WNW,55.94494640821179,-3.186063987675027,705.8789407421436,927.7968708795771
55.94494640821179,-3.186063987675027,NW,55.94515854024615,-3.1862761197093827,705.8789407421436,926.5468708795771
55.94515854024615,-3.1862761197093827,ESE,55.94504373521644,-3.1859989558496293,705.8789407421436,925.2968708795771
55.94504373521644,-3.1859989558496293,ESE,55.94492893018673,-3.185721791989876,705.8789407421436,924.0468708795771
55.94492893018673,-3.185721791989876,ENE,55.94504373521644,-3.1854446281301225,705.8789407421436,922.7968708795771
55.94504373521644,-3.1854446281301225,NNE,55.945320899076194,-3.185329823100413,705.8789407421436,921.5468708795771
55.945320899076194,-3.185329823100413,W,55.945320899076194,-3.185629823100413,705.8789407421436,920.2968708795771
55.945320899076194,-3.185629823100413,SE,55.94510876704184,-3.1854176910660574,705.8789407421436,919.0468708795771
55.94510876704184,-3.1854176910660574,ENE,55.94522357207155,-3.185140527206304,705.8789407421436,917.7968708795771
55.94522357207155,-3.185140527206304,ENE,55.94533837710126,-3.1848633633465506,705.8789407421436,916.5468708795771
55.94533837710126,-3.1848633633465506,NE,55.945550509135614,-3.184651231312195,723.019877742817,993.6534169761603
55.945550509135614,-3.184651231312195,S,55.94525050913561,-3.184651231312195,723.019877742817,992.4034169761603
55.94525050913561,-3.184651231312195,SE,55.945038377101255,-3.184439099277839,723.019877742817,991.1534169761603
55.945038377101255,-3.184439099277839,NNW,55.94531554096101,-3.1845539043075486,723.019877742817,989.9034169761603
55.94531554096101,-3.1845539043075486,NW,55.94552767299537,-3.1847660363419044,723.019877742817,988.6534169761603
55.94552767299537,-3.1847660363419044,WSW,55.94541286796566,-3.1850432002016578,723.019877742817,987.4034169761603
55.94541286796566,-3.1850432002016578,NNE,55.945690031825414,-3.1849283951719483,723.019877742817,986.1534169761603
55.945690031825414,-3.1849283951719483,NE,55.94590216385977,-3.1847162631375925,723.019877742817,984.9034169761603
55.94590216385977,-3.1847162631375925,WNW,55.94601696888948,-3.184993426997346,723.019877742817,983.6534169761603
55.94601696888948,-3.184993426997346,WNW,55.94613177391919,-3.1852705908570993,723.019877742817,982.4034169761603
55.94613177391919,-3.1852705908570993,SE,55.945919641884835,-3.1850584588227435,723.019877742817,981.1534169761603
55.945919641884835,-3.1850584588227435,S,55.94561964188483,-3.1850584588227435,723.019877742817,979.9034169761603
55.94561964188483,-3.1850584588227435,NNW,55.94589680574459,-3.185173263852453,723.019877742817,978.6534169761603
55.94589680574459,-3.185173263852453,NNW,55.946173969604345,-3.1852880688821625,723.019877742817,977.4034169761603
55.946173969604345,-3.1852880688821625,WSW,55.946059164574635,-3.185565232741916,723.019877742817,976.1534169761603
55.946059164574635,-3.185565232741916,SW,55.94584703254028,-3.1857773647762717,723.019877742817,974.9034169761603
55.94584703254028,-3.1857773647762717,NNW,55.946124196400035,-3.1858921698059812,723.019877742817,973.6534169761603
55.946124196400035,-3.1858921698059812,S,55.94582419640003,-3.1858921698059812,723.019877742817,972.4034169761603
55.94582419640003,-3.1858921698059812,E,55.94582419640003,-3.185592169805981,723.019877742817,971.1534169761603
55.94582419640003,-3.185592169805981,NNW,55.94610136025979,-3.1857069748356905,723.019877742817,969.9034169761603
55.94610136025979,-3.1857069748356905,E,55.94610136025979,-3.1854069748356904,723.019877742817,968.6534169761603
55.94610136025979,-3.1854069748356904,ENE,55.9462161652895,-3.185129810975937,723.019877742817,967.4034169761603
55.9462161652895,-3.185129810975937,SSE,55.94593900142974,-3.1850150059462274,723.019877742817,966.1534169761603
55.94593900142974,-3.1850150059462274,S,55.94563900142974,-3.1850150059462274,723.019877742817,964.9034169761603
55.94563900142974,-3.1850150059462274,NNE,55.945916165289496,-3.184900200916518,723.019877742817,963.6534169761603
55.945916165289496,-3.184900200916518,S,55.94561616528949,-3.184900200916518,723.019877742817,962.4034169761603
55.94561616528949,-3.184900200916518,NE,55.94582829732385,-3.184688068882162,723.019877742817,961.1534169761603
55.94582829732385,-3.184688068882162,E,55.94582829732385,-3.184388068882162,723.019877742817,959.9034169761603
55.94582829732385,-3.184388068882162,N,55.94612829732385,-3.184388068882162,723.019877742817,958.6534169761603
55.94612829732385,-3.184388068882162,W,55.94612829732385,-3.184688068882162,723.019877742817,957.4034169761603
55.94612829732385,-3.184688068882162,W,55.94612829732385,-3.1849880688821623,723.019877742817,956.1534169761603
55.94612829732385,-3.1849880688821623,E,55.94612829732385,-3.184688068882162,723.019877742817,954.9034169761603
55.94612829732385,-3.184688068882162,SSE,55.945851133464096,-3.1845732638524527,723.019877742817,953.6534169761603
55.945851133464096,-3.1845732638524527,SSE,55.94557396960434,-3.184458458822743,723.019877742817,952.4034169761603
55.94557396960434,-3.184458458822743,NW,55.945786101638696,-3.184670590857099,723.019877742817,951.1534169761603
55.945786101638696,-3.184670590857099,NNW,55.94606326549845,-3.1847853958868084,723.019877742817,949.9034169761603
55.94606326549845,-3.1847853958868084,W,55.94606326549845,-3.1850853958868086,723.019877742817,948.6534169761603
55.94606326549845,-3.1850853958868086,SW,55.945851133464096,-3.1852975279211644,723.019877742817,947.4034169761603
55.945851133464096,-3.1852975279211644,SW,55.94563900142974,-3.18550965995552,723.019877742817,946.1534169761603
55.94563900142974,-3.18550965995552,NNE,55.945916165289496,-3.1853948549258106,723.019877742817,944.9034169761603
55.945916165289496,-3.1853948549258106,SW,55.94570403325514,-3.1856069869601664,723.019877742817,943.6534169761603
55.94570403325514,-3.1856069869601664,SE,55.945491901220784,-3.1853948549258106,723.019877742817,942.4034169761603
55.945491901220784,-3.1853948549258106,NW,55.94570403325514,-3.1856069869601664,723.019877742817,941.1534169761603
55.94570403325514,-3.1856069869601664,SSW,55.945426869395384,-3.185721791989876,723.019877742817,939.9034169761603
55.945426869395384,-3.185721791989876,ENE,55.945541674425094,-3.1854446281301225,723.019877742817,938.6534169761603
55.945541674425094,-3.1854446281301225,SSE,55.94526451056534,-3.185329823100413,723.019877742817,937.4034169761603
55.94526451056534,-3.185329823100413,WNW,55.94537931559505,-3.1856069869601664,723.019877742817,936.1534169761603
55.94537931559505,-3.1856069869601664,S,55.945079315595045,-3.1856069869601664,723.019877742817,934.9034169761603
55.945079315595045,-3.1856069869601664,SSE,55.94480215173529,-3.185492181930457,723.019877742817,933.6534169761603
55.94480215173529,-3.185492181930457,SSE,55.94452498787553,-3.1853773769007474,723.019877742817,932.4034169761603
55.94452498787553,-3.1853773769007474,NNE,55.94480215173529,-3.185262571871038,723.019877742817,931.1534169761603
55.94480215173529,-3.185262571871038,NE,55.945014283769645,-3.185050439836682,723.019877742817,929.9034169761603
55.945014283769645,-3.185050439836682,SSW,55.94473711990989,-3.1851652448663916,723.019877742817,928.6534169761603
55.94473711990989,-3.1851652448663916,SSW,55.94445995605013,-3.185280049896101,723.019877742817,927.4034169761603
55.94445995605013,-3.185280049896101,E,55.94445995605013,-3.184980049896101,723.019877742817,926.1534169761603
55.94445995605013,-3.184980049896101,E,55.94445995605013,-3.1846800498961008,834.7248471175493,932.9193050270818
55.94445995605013,-3.1846800498961008,NE,55.94467208808449,-3.184467917861745,834.7248471175493,931.6693050270818
55.94467208808449,-3.184467917861745,NW,55.944884220118844,-3.1846800498961008,834.7248471175493,930.4193050270818
55.944884220118844,-3.1846800498961008,WNW,55.944999025148554,-3.184957213755854,834.7248471175493,929.1693050270818
55.944999025148554,-3.184957213755854,ESE,55.944884220118844,-3.1846800498961008,834.7248471175493,927.9193050270818
55.944884220118844,-3.1846800498961008,NE,55.9450963521532,-3.184467917861745,834.7248471175493,926.6693050270818
55.9450963521532,-3.184467917861745,NNE,55.94537351601296,-3.1843531128320355,834.7248471175493,925.4193050270818
55.94537351601296,-3.1843531128320355,SW,55.9451613839786,-3.1845652448663913,834.7248471175493,924.1693050270818
55.9451613839786,-3.1845652448663913,NNE,55.94543854783836,-3.1844504398366817,834.7248471175493,922.9193050270818
55.94543854783836,-3.1844504398366817,NW,55.94565067987271,-3.1846625718710375,834.7248471175493,921.6693050270818
55.94565067987271,-3.1846625718710375,N,55.945950679872716,-3.1846625718710375,834.7248471175493,920.4193050270818
55.945950679872716,-3.1846625718710375,NE,55.94616281190707,-3.1844504398366817,834.7248471175493,919.1693050270818
55.94616281190707,-3.1844504398366817,WSW,55.94604800687736,-3.184727603696435,834.7248471175493,917.9193050270818
55.94604800687736,-3.184727603696435,WNW,55.94616281190707,-3.1850047675561886,834.7248471175493,916.6693050270818
55.94616281190707,-3.1850047675561886,SSE,55.945885648047316,-3.184889962526479,834.7248471175493,915.4193050270818
55.945885648047316,-3.184889962526479,SE,55.94567351601296,-3.1846778304921233,834.7248471175493,914.1693050270818
55.94567351601296,-3.1846778304921233,NNE,55.945950679872716,-3.1845630254624138,834.7248471175493,912.9193050270818
55.945950679872716,-3.1845630254624138,NE,55.94616281190707,-3.184350893428058,834.7248471175493,911.6693050270818
55.94616281190707,-3.184350893428058,WSW,55.94604800687736,-3.1846280572878114,834.7248471175493,910.4193050270818
55.94604800687736,-3.1846280572878114,E,55.94604800687736,-3.184328057287811,834.7248471175493,909.1693050270818
55.94604800687736,-3.184328057287811,SW,55.945835874843006,-3.184540189322167,834.7248471175493,907.9193050270818
55.945835874843006,-3.184540189322167,N,55.94613587484301,-3.184540189322167,834.7248471175493,906.6693050270818
55.94613587484301,-3.184540189322167,W,55.94613587484301,-3.184840189322167,834.7248471175493,905.4193050270818
55.94613587484301,-3.184840189322167,SSW,55.94585871098325,-3.1849549943518767,834.7248471175493,904.1693050270818
55.94585871098325,-3.1849549943518767,ENE,55.94597351601296,-3.1846778304921233,834.7248471175493,902.9193050270818
55.94597351601296,-3.1846778304921233,SSW,55.945696352153206,-3.184792635521833,834.7248471175493,901.6693050270818
55.945696352153206,-3.184792635521833,ENE,55.945811157182916,-3.1845154716620794,834.7248471175493,900.4193050270818
55.945811157182916,-3.1845154716620794,SW,55.94559902514856,-3.184727603696435,834.7248471175493,899.1693050270818
55.94559902514856,-3.184727603696435,WSW,55.94548422011885,-3.1850047675561886,834.7248471175493,897.9193050270818
55.94548422011885,-3.1850047675561886,NNW,55.945761383978606,-3.185119572585898,834.7248471175493,896.6693050270818
55.945761383978606,-3.185119572585898,SE,55.94554925194425,-3.1849074405515423,834.7248471175493,895.4193050270818
55.94554925194425,-3.1849074405515423,NE,55.945761383978606,-3.1846953085171865,834.7248471175493,894.1693050270818
55.945761383978606,-3.1846953085171865,SE,55.94554925194425,-3.1844831764828307,834.7248471175493,892.9193050270818
55.94554925194425,-3.1844831764828307,NW,55.945761383978606,-3.1846953085171865,834.7248471175493,891.6693050270818
55.945761383978606,-3.1846953085171865,WSW,55.945646578948896,-3.18497247237694,834.7248471175493,890.4193050270818
55.945646578948896,-3.18497247237694,W,55.945646578948896,-3.18527247237694,834.7248471175493,889.1693050270818
55.945646578948896,-3.18527247237694,NW,55.94585871098325,-3.185484604411296,834.7248471175493,887.9193050270818
55.94585871098325,-3.185484604411296,SSW,55.945581547123496,-3.1855994094410054,834.7248471175493,886.6693050270818
55.945581547123496,-3.1855994094410054,S,55.94528154712349,-3.1855994094410054,834.7248471175493,885.4193050270818
55.94528154712349,-3.1855994094410054,NW,55.94549367915785,-3.185811541475361,834.7248471175493,884.1693050270818
55.94549367915785,-3.185811541475361,NW,55.945705811192205,-3.186023673509717,834.7248471175493,882.9193050270818
55.945705811192205,-3.186023673509717,W,55.945705811192205,-3.186323673509717,834.7248471175493,881.6693050270818
55.945705811192205,-3.186323673509717,NNE,55.94598297505196,-3.1862088684800076,834.7248471175493,880.4193050270818
55.94598297505196,-3.1862088684800076,ESE,55.94586817002225,-3.185931704620254,834.7248471175493,879.1693050270818
55.94586817002225,-3.185931704620254,W,55.94586817002225,-3.1862317046202544,834.7248471175493,877.9193050270818
55.94586817002225,-3.1862317046202544,W,55.94586817002225,-3.1865317046202546,834.7248471175493,876.6693050270818
55.94586817002225,-3.1865317046202546,NNW,55.94614533388201,-3.186646509649964,834.7248471175493,875.4193050270818
55.94614533388201,-3.186646509649964,S,55.945845333882005,-3.186646509649964,834.7248471175493,874.1693050270818
55.945845333882005,-3.186646509649964,SE,55.94563320184765,-3.1864343776156083,834.7248471175493,872.9193050270818
55.94563320184765,-3.1864343776156083,ENE,55.94574800687736,-3.186157213755855,834.7248471175493,871.6693050270818
55.94574800687736,-3.186157213755855,ENE,55.94586281190707,-3.1858800498961015,834.7248471175493,870.4193050270818
55.94586281190707,-3.1858800498961015,NW,55.946074943941426,-3.1860921819304573,834.7248471175493,869.1693050270818
55.946074943941426,-3.1860921819304573,ENE,55.946189748971136,-3.185815018070704,834.7248471175493,867.9193050270818
55.946189748971136,-3.185815018070704,SE,55.94597761693678,-3.185602886036348,834.7248471175493,866.6693050270818
55.94597761693678,-3.185602886036348,SSE,55.94570045307702,-3.1854880810066386,834.7248471175493,865.4193050270818
55.94570045307702,-3.1854880810066386,NW,55.94591258511138,-3.1857002130409944,834.7248471175493,864.1693050270818
55.94591258511138,-3.1857002130409944,N,55.94621258511138,-3.1857002130409944,834.7248471175493,862.9193050270818
55.94621258511138,-3.1857002130409944,WSW,55.94609778008167,-3.185977376900748,834.7248471175493,861.6693050270818
55.94609778008167,-3.185977376900748,SSE,55.945820616221916,-3.1858625718710383,834.7248471175493,860.4193050270818
55.945820616221916,-3.1858625718710383,W,55.945820616221916,-3.1861625718710385,834.7248471175493,859.1693050270818
55.945820616221916,-3.1861625718710385,NNE,55.94609778008167,-3.186047766841329,834.7248471175493,857.9193050270818
55.94609778008167,-3.186047766841329,SW,55.945885648047316,-3.1862598988756847,834.7248471175493,856.6693050270818
55.945885648047316,-3.1862598988756847,NNE,55.94616281190707,-3.186145093845975,834.7248471175493,855.4193050270818
55.94616281190707,-3.186145093845975,SSE,55.945885648047316,-3.1860302888162657,834.7248471175493,854.1693050270818
55.945885648047316,-3.1860302888162657,ESE,55.945770843017606,-3.1857531249565123,834.7248471175493,852.9193050270818
55.945770843017606,-3.1857531249565123,S,55.9454708430176,-3.1857531249565123,834.7248471175493,851.6693050270818
55.9454708430176,-3.1857531249565123,SE,55.945258710983246,-3.1855409929221565,834.7248471175493,850.4193050270818
55.945258710983246,-3.1855409929221565,ENE,55.94537351601296,-3.185263829062403,834.7248471175493,849.1693050270818
55.94537351601296,-3.185263829062403,NW,55.94558564804731,-3.185475961096759,834.7248471175493,847.9193050270818
55.94558564804731,-3.185475961096759,ESE,55.9454708430176,-3.1851987972370055,834.7248471175493,846.6693050270818
55.9454708430176,-3.1851987972370055,WSW,55.94535603798789,-3.185475961096759,834.7248471175493,845.4193050270818
55.94535603798789,-3.185475961096759,N,55.945656037987895,-3.185475961096759,834.7248471175493,844.1693050270818
55.945656037987895,-3.185475961096759,NNW,55.94593320184765,-3.1855907661264684,834.7248471175493,842.9193050270818
55.94593320184765,-3.1855907661264684,SSW,55.945656037987895,-3.185705571156178,834.7248471175493,841.6693050270818
55.945656037987895,-3.185705571156178,ESE,55.945541232958185,-3.1854284072964245,834.7248471175493,840.4193050270818
55.945541232958185,-3.1854284072964245,SSE,55.94526406909843,-3.185313602266715,834.7248471175493,839.1693050270818
55.94526406909843,-3.185313602266715,S,55.944964069098425,-3.185313602266715,834.7248471175493,837.9193050270818
55.944964069098425,-3.185313602266715,E,55.944964069098425,-3.185013602266715,834.7248471175493,836.6693050270818
55.944964069098425,-3.185013602266715,NNE,55.94524123295818,-3.1848987972370053,834.7248471175493,835.4193050270818
55.94524123295818,-3.1848987972370053,WNW,55.94535603798789,-3.1851759610967587,834.7248471175493,834.1693050270818
55.94535603798789,-3.1851759610967587,E,55.94535603798789,-3.1848759610967585,834.7248471175493,832.9193050270818
55.94535603798789,-3.1848759610967585,S,55.94505603798789,-3.1848759610967585,834.7248471175493,831.6693050270818
55.94505603798789,-3.1848759610967585,SE,55.94484390595353,-3.1846638290624028,834.7248471175493,830.4193050270818
55.94484390595353,-3.1846638290624028,SSW,55.94456674209378,-3.1847786340921123,834.7248471175493,829.1693050270818
55.94456674209378,-3.1847786340921123,W,55.94456674209378,-3.1850786340921124,834.7248471175493,827.9193050270818
55.94456674209378,-3.1850786340921124,WNW,55.94468154712349,-3.185355797951866,834.7248471175493,826.6693050270818
55.94468154712349,-3.185355797951866,WSW,55.94456674209378,-3.1856329618116193,834.7248471175493,825.4193050270818
55.94456674209378,-3.1856329618116193,E,55.94456674209378,-3.185332961811619,834.7248471175493,824.1693050270818
55.94456674209378,-3.185332961811619,S,55.944266742093774,-3.185332961811619,834.7248471175493,822.9193050270818
55.944266742093774,-3.185332961811619,SW,55.94405461005942,-3.185545093845975,834.7248471175493,821.6693050270818
55.94405461005942,-3.185545093845975,ESE,55.94393980502971,-3.1852679299862214,834.7248471175493,820.4193050270818
55.94393980502971,-3.1852679299862214,SW,55.94372767299535,-3.185480062020577,834.7248471175493,819.1693050270818
55.94372767299535,-3.185480062020577,S,55.94342767299535,-3.185480062020577,834.7248471175493,817.9193050270818
55.94342767299535,-3.185480062020577,ENE,55.94354247802506,-3.185202898160824,834.7248471175493,816.6693050270818
55.94354247802506,-3.185202898160824,SW,55.9433303459907,-3.1854150301951796,834.7248471175493,815.4193050270818
55.9433303459907,-3.1854150301951796,ESE,55.94321554096099,-3.185137866335426,834.7248471175493,814.1693050270818
55.94321554096099,-3.185137866335426,ESE,55.94310073593128,-3.1848607024756728,850.4138441530656,835.0437141547812
55.94310073593128,-3.1848607024756728,E,55.94310073593128,-3.1845607024756726,964.6760189764159,911.8929690576409
55.94310073593128,-3.1845607024756726,WSW,55.94298593090157,-3.184837866335426,964.6760189764159,910.6429690576409
55.94298593090157,-3.184837866335426,S,55.94268593090157,-3.184837866335426,964.6760189764159,909.3929690576409
55.94268593090157,-3.184837866335426,ENE,55.94280073593128,-3.1845607024756726,964.6760189764159,908.1429690576409
55.94280073593128,-3.1845607024756726,NW,55.943012867965635,-3.1847728345100283,964.6760189764159,906.8929690576409
55.943012867965635,-3.1847728345100283,NW,55.94322499999999,-3.184984966544384,964.6760189764159,905.6429690576409
55.94322499999999,-3.184984966544384,WNW,55.9433398050297,-3.1852621304041375,964.6760189764159,904.3929690576409
55.9433398050297,-3.1852621304041375,W,55.9433398050297,-3.1855621304041377,964.6760189764159,903.1429690576409
55.9433398050297,-3.1855621304041377,ESE,55.94322499999999,-3.1852849665443843,964.6760189764159,901.8929690576409
55.94322499999999,-3.1852849665443843,NNE,55.94350216385975,-3.185170161514675,964.6760189764159,900.6429690576409
55.94350216385975,-3.185170161514675,WNW,55.94361696888946,-3.185447325374428,964.6760189764159,899.3929690576409
55.94361696888946,-3.185447325374428,SSE,55.9433398050297,-3.1853325203447187,964.6760189764159,898.1429690576409
55.9433398050297,-3.1853325203447187,ENE,55.94345461005941,-3.1850553564849653,964.6760189764159,896.8929690576409
55.94345461005941,-3.1850553564849653,ESE,55.9433398050297,-3.184778192625212,964.6760189764159,895.6429690576409
55.9433398050297,-3.184778192625212,SSE,55.943062641169945,-3.1846633875955024,964.6760189764159,894.3929690576409
55.943062641169945,-3.1846633875955024,W,55.943062641169945,-3.1849633875955026,964.6760189764159,893.1429690576409
55.943062641169945,-3.1849633875955026,WSW,55.942947836140235,-3.185240551455256,964.6760189764159,891.8929690576409
55.942947836140235,-3.185240551455256,ESE,55.942833031110524,-3.1849633875955026,964.6760189764159,890.6429690576409
55.942833031110524,-3.1849633875955026,ENE,55.942947836140235,-3.184686223735749,964.6760189764159,889.3929690576409
55.942947836140235,-3.184686223735749,NNW,55.94322499999999,-3.1848010287654587,964.6760189764159,888.1429690576409
55.94322499999999,-3.1848010287654587,S,55.94292499999999,-3.1848010287654587,964.6760189764159,886.8929690576409
55.94292499999999,-3.1848010287654587,S,55.942624999999985,-3.1848010287654587,964.6760189764159,885.6429690576409
55.942624999999985,-3.1848010287654587,W,55.942624999999985,-3.185101028765459,964.6760189764159,884.3929690576409
55.942624999999985,-3.185101028765459,W,55.942624999999985,-3.185401028765459,964.6760189764159,883.1429690576409
55.942624999999985,-3.185401028765459,ENE,55.942739805029696,-3.1851238649057056,964.6760189764159,881.8929690576409
55.942739805029696,-3.1851238649057056,NNE,55.94301696888945,-3.185009059875996,964.6760189764159,880.6429690576409
55.944425,-3.188396,W,55.944425,-3.188696,15.812402214792701,360.3706239140938
55.944425,-3.188696,N,55.944725000000005,-3.188696,135.88735673397608,442.1580724910169
55.944725000000005,-3.188696,WSW,55.944610194970295,-3.1889731638597536,153.23371111926437,548.0729302835991
55.944610194970295,-3.1889731638597536,N,55.9449101949703,-3.1889731638597536,235.1447018863958,565.4115207275493
55.9449101949703,-3.1889731638597536,SE,55.94469806293594,-3.188761031825398,235.1447018863958,564.1615207275493
55.94469806293594,-3.188761031825398,ENE,55.94481286796565,-3.1884838679656444,235.1447018863958,562.9115207275493
55.94481286796565,-3.1884838679656444,NNE,55.94509003182541,-3.188369062935935,319.7458657602292,677.2228786481593
55.94509003182541,-3.188369062935935,NE,55.945302163859765,-3.188156930901579,319.7458657602292,675.9728786481593
55.945302163859765,-3.188156930901579,N,55.94560216385977,-3.188156930901579,428.07518942553634,698.3460409444069
55.94560216385977,-3.188156930901579,NNE,55.945879327719524,-3.1880421258718696,458.409405253457,767.8764012957238
55.945879327719524,-3.1880421258718696,ESE,55.945764522689814,-3.1877649620121162,458.409405253457,766.6264012957238
55.945764522689814,-3.1877649620121162,SSW,55.94548735883006,-3.1878797670418257,458.409405253457,765.3764012957238
55.94548735883006,-3.1878797670418257,E,55.94548735883006,-3.1875797670418256,506.94333895190556,833.042893136151
55.94548735883006,-3.1875797670418256,NNE,55.945764522689814,-3.187464962012116,506.94333895190556,831.792893136151
55.945764522689814,-3.187464962012116,NE,55.94597665472417,-3.1872528299777603,506.94333895190556,830.542893136151
55.94597665472417,-3.1872528299777603,NE,55.946188786758526,-3.1870406979434045,506.94333895190556,829.292893136151
55.946188786758526,-3.1870406979434045,E,55.946188786758526,-3.1867406979434043,506.94333895190556,828.042893136151
55.946188786758526,-3.1867406979434043,E,55.946188786758526,-3.186440697943404,506.94333895190556,826.792893136151
55.946188786758526,-3.186440697943404,SE,55.94597665472417,-3.1862285659090483,506.94333895190556,825.542893136151
55.94597665472417,-3.1862285659090483,ENE,55.94609145975388,-3.185951402049295,506.94333895190556,824.292893136151
55.94609145975388,-3.185951402049295,W,55.94609145975388,-3.186251402049295,506.94333895190556,823.042893136151
55.94609145975388,-3.186251402049295,WNW,55.94620626478359,-3.1865285659090485,506.94333895190556,821.792893136151
55.94620626478359,-3.1865285659090485,SSE,55.945929100923834,-3.186413760879339,506.94333895190556,820.542893136151
55.945929100923834,-3.186413760879339,SSW,55.94565193706408,-3.1865285659090485,508.53322148159305,863.3309324524704
55.94565193706408,-3.1865285659090485,NNW,55.945929100923834,-3.186643370938758,508.53322148159305,862.0809324524704
55.945929100923834,-3.186643370938758,SSE,55.94565193706408,-3.1865285659090485,508.53322148159305,860.8309324524704
55.94565193706408,-3.1865285659090485,N,55.94595193706408,-3.1865285659090485,508.53322148159305,859.5809324524704
55.94595193706408,-3.1865285659090485,S,55.94565193706408,-3.1865285659090485,508.53322148159305,858.3309324524704
55.94565193706408,-3.1865285659090485,E,55.94565193706408,-3.1862285659090483,508.53322148159305,857.0809324524704
55.94565193706408,-3.1862285659090483,E,55.94565193706408,-3.185928565909048,602.5834791623591,909.7589029760155
55.94565193706408,-3.185928565909048,NNE,55.945929100923834,-3.1858137608793387,602.5834791623591,908.5089029760155
55.945929100923834,-3.1858137608793387,NW,55.94614123295819,-3.1860258929136944,602.5834791623591,907.2589029760155
55.94614123295819,-3.1860258929136944,SSW,55.945864069098434,-3.186140697943404,602.5834791623591,906.0089029760155
55.945864069098434,-3.186140697943404,WNW,55.945978874128144,-3.1864178618031573,602.5834791623591,904.7589029760155
55.945978874128144,-3.1864178618031573,W,55.945978874128144,-3.1867178618031575,602.5834791623591,903.5089029760155
55.945978874128144,-3.1867178618031575,S,55.94567887412814,-3.1867178618031575,602.5834791623591,902.2589029760155
55.94567887412814,-3.1867178618031575,SSE,55.945401710268385,-3.186603056773448,602.5834791623591,901.0089029760155
55.945401710268385,-3.186603056773448,WSW,55.945286905238675,-3.1868802206332014,602.5834791623591,899.7589029760155
55.945286905238675,-3.1868802206332014,ESE,55.945172100208964,-3.186603056773448,602.5834791623591,898.5089029760155
55.945172100208964,-3.186603056773448,ENE,55.945286905238675,-3.1863258929136946,602.5834791623591,897.2589029760155
55.945286905238675,-3.1863258929136946,SE,55.94507477320432,-3.186113760879339,602.5834791623591,896.0089029760155
55.94507477320432,-3.186113760879339,SW,55.94486264116996,-3.1863258929136946,705.8789407421436,954.0468708795771
55.94486264116996,-3.1863258929136946,NNW,55.94513980502972,-3.186440697943404,705.8789407421436,952.7968708795771
55.94513980502972,-3.186440697943404,N,55.94543980502972,-3.186440697943404,705.8789407421436,951.5468708795771
55.94543980502972,-3.186440697943404,SSW,55.945162641169965,-3.1865555029731136,705.8789407421436,950.2968708795771
55.945162641169965,-3.1865555029731136,WSW,55.945047836140255,-3.186832666832867,705.8789407421436,949.0468708795771
55.945047836140255,-3.186832666832867,NNE,55.94532500000001,-3.1867178618031575,705.8789407421436,947.7968708795771
55.94532500000001,-3.1867178618031575,ESE,55.9452101949703,-3.186440697943404,705.8789407421436,946.5468708795771
55.9452101949703,-3.186440697943404,ESE,55.94509538994059,-3.1861635340836507,705.8789407421436,945.2968708795771
55.94509538994059,-3.1861635340836507,SE,55.944883257906234,-3.185951402049295,705.8789407421436,944.0468708795771
55.944883257906234,-3.185951402049295,ENE,55.944998062935944,-3.1856742381895415,705.8789407421436,942.7968708795771
55.944998062935944,-3.1856742381895415,WSW,55.944883257906234,-3.185951402049295,705.8789407421436,941.5468708795771
55.944883257906234,-3.185951402049295,NNE,55.94516042176599,-3.1858365970195854,705.8789407421436,940.2968708795771
55.94516042176599,-3.1858365970195854,SSW,55.944883257906234,-3.185951402049295,705.8789407421436,939.0468708795771
55.944883257906234,-3.185951402049295,W,55.944883257906234,-3.186251402049295,705.8789407421436,937.7968708795771
55.944883257906234,-3.186251402049295,WNW,55.944998062935944,-3.1865285659090485,705.8789407421436,936.5468708795771
55.944998062935944,-3.1865285659090485,N,55.94529806293595,-3.1865285659090485,705.8789407421436,935.2968708795771
55.94529806293595,-3.1865285659090485,SE,55.94508593090159,-3.1863164338746928,705.8789407421436,934.0468708795771
55.94508593090159,-3.1863164338746928,E,55.94508593090159,-3.1860164338746926,705.8789407421436,932.7968708795771
55.94508593090159,-3.1860164338746926,SSE,55.944808767041835,-3.185901628844983,705.8789407421436,931.5468708795771
55.944808767041835,-3.185901628844983,N,55.94510876704184,-3.185901628844983,705.8789407421436,930.2968708795771
55.94510876704184,-3.185901628844983,SSE,55.94483160318208,-3.1857868238152736,705.8789407421436,929.0468708795771
55.94483160318208,-3.1857868238152736,WNW,55.94494640821179,-3.186063987675027,705.8789407421436,927.7968708795771
55.94494640821179,-3.186063987675027,NW,55.94515854024615,-3.1862761197093827,705.8789407421436,926.5468708795771
55.94515854024615,-3.1862761197093827,ESE,55.94504373521644,-3.1859989558496293,705.8789407421436,925.2968708795771
55.94504373521644,-3.1859989558496293,ESE,55.94492893018673,-3.185721791989876,705.8789407421436,924.0468708795771
55.94492893018673,-3.185721791989876,ENE,55.94504373521644,-3.1854446281301225,705.8789407421436,922.7968708795771
55.94504373521644,-3.1854446281301225,NNE,55.945320899076194,-3.185329823100413,705.8789407421436,921.5468708795771
55.945320899076194,-3.185329823100413,W,55.945320899076194,-3.185629823100413,705.8789407421436,920.2968708795771
55.945320899076194,-3.185629823100413,SE,55.94510876704184,-3.1854176910660574,705.8789407421436,919.0468708795771
55.94510876704184,-3.1854176910660574,ENE,55.94522357207155,-3.185140527206304,705.8789407421436,917.7968708795771
55.94522357207155,-3.185140527206304,ENE,55.94533837710126,-3.1848633633465506,705.8789407421436,916.5468708795771
55.94533837710126,-3.1848633633465506,NE,55.945550509135614,-3.184651231312195,723.019877742817,993.6534169761603
55.945550509135614,-3.184651231312195,S,55.94525050913561,-3.184651231312195,723.019877742817,992.4034169761603
55.94525050913561,-3.184651231312195,SE,55.945038377101255,-3.184439099277839,723.019877742817,991.1534169761603
55.945038377101255,-3.184439099277839,NNW,55.94531554096101,-3.1845539043075486,723.019877742817,989.9034169761603
55.94531554096101,-3.1845539043075486,NW,55.94552767299537,-3.1847660363419044,723.019877742817,988.6534169761603
55.94552767299537,-3.1847660363419044,WSW,55.94541286796566,-3.1850432002016578,723.019877742817,987.4034169761603
55.94541286796566,-3.1850432002016578,NNE,55.945690031825414,-3.1849283951719483,723.019877742817,986.1534169761603
55.945690031825414,-3.1849283951719483,NE,55.94590216385977,-3.1847162631375925,723.019877742817,984.9034169761603
55.94590216385977,-3.1847162631375925,WNW,55.94601696888948,-3.184993426997346,723.019877742817,983.6534169761603
55.94601696888948,-3.184993426997346,WNW,55.94613177391919,-3.1852705908570993,723.019877742817,982.4034169761603
55.94613177391919,-3.1852705908570993,SE,55.945919641884835,-3.1850584588227435,723.019877742817,981.1534169761603
55.945919641884835,-3.1850584588227435,S,55.94561964188483,-3.1850584588227435,723.019877742817,979.9034169761603
55.94561964188483,-3.1850584588227435,NNW,55.94589680574459,-3.185173263852453,723.019877742817,978.6534169761603
55.94589680574459,-3.185173263852453,NNW,55.946173969604345,-3.1852880688821625,723.019877742817,977.4034169761603
55.946173969604345,-3.1852880688821625,WSW,55.946059164574635,-3.185565232741916,723.019877742817,976.1534169761603
55.946059164574635,-3.185565232741916,SW,55.94584703254028,-3.1857773647762717,723.019877742817,974.9034169761603
55.94584703254028,-3.1857773647762717,NNW,55.946124196400035,-3.1858921698059812,723.019877742817,973.6534169761603
55.946124196400035,-3.1858921698059812,S,55.94582419640003,-3.1858921698059812,723.019877742817,972.4034169761603
55.94582419640003,-3.1858921698059812,E,55.94582419640003,-3.185592169805981,723.019877742817,971.1534169761603
55.94582419640003,-3.185592169805981,NNW,55.94610136025979,-3.1857069748356905,723.019877742817,969.9034169761603
55.94610136025979,-3.1857069748356905,E,55.94610136025979,-3.1854069748356904,723.019877742817,968.6534169761603
55.94610136025979,-3.1854069748356904,ENE,55.9462161652895,-3.185129810975937,723.019877742817,967.4034169761603
55.9462161652895,-3.185129810975937,SSE,55.94593900142974,-3.1850150059462274,723.019877742817,966.1534169761603
55.94593900142974,-3.1850150059462274,S,55.94563900142974,-3.1850150059462274,723.019877742817,964.9034169761603
55.94563900142974,-3.1850150059462274,NNE,55.945916165289496,-3.184900200916518,723.019877742817,963.6534169761603
55.945916165289496,-3.184900200916518,S,55.94561616528949,-3.184900200916518,723.019877742817,962.4034169761603
55.94561616528949,-3.184900200916518,NE,55.94582829732385,-3.184688068882162,723.019877742817,961.1534169761603
55.94582829732385,-3.184688068882162,E,55.94582829732385,-3.184388068882162,723.019877742817,959.9034169761603
55.94582829732385,-3.184388068882162,N,55.94612829732385,-3.184388068882162,723.019877742817,958.6534169761603
55.94612829732385,-3.184388068882162,W,55.94612829732385,-3.184688068882162,723.019877742817,957.4034169761603
55.94612829732385,-3.184688068882162,W,55.94612829732385,-3.1849880688821623,723.019877742817,956.1534169761603
55.94612829732385,-3.1849880688821623,E,55.94612829732385,-3.184688068882162,723.019877742817,954.9034169761603
55.94612829732385,-3.184688068882162,SSE,55.945851133464096,-3.1845732638524527,723.019877742817,953.6534169761603
55.945851133464096,-3.1845732638524527,SSE,55.94557396960434,-3.184458458822743,723.019877742817,952.4034169761603
55.94557396960434,-3.184458458822743,NW,55.945786101638696,-3.184670590857099,723.019877742817,951.1534169761603
55.945786101638696,-3.184670590857099,NNW,55.94606326549845,-3.1847853958868084,723.019877742817,949.9034169761603
55.94606326549845,-3.1847853958868084,W,55.94606326549845,-3.1850853958868086,723.019877742817,948.6534169761603
55.94606326549845,-3.1850853958868086,SW,55.945851133464096,-3.1852975279211644,723.019877742817,947.4034169761603
55.945851133464096,-3.1852975279211644,SW,55.94563900142974,-3.18550965995552,723.019877742817,946.1534169761603
55.94563900142974,-3.18550965995552,NNE,55.945916165289496,-3.1853948549258106,723.019877742817,944.9034169761603
55.945916165289496,-3.1853948549258106,SW,55.94570403325514,-3.1856069869601664,723.019877742817,943.6534169761603
55.94570403325514,-3.1856069869601664,SE,55.945491901220784,-3.1853948549258106,723.019877742817,942.4034169761603
55.945491901220784,-3.1853948549258106,NW,55.94570403325514,-3.1856069869601664,723.019877742817,941.1534169761603
55.94570403325514,-3.1856069869601664,SSW,55.945426869395384,-3.185721791989876,723.019877742817,939.9034169761603
55.945426869395384,-3.185721791989876,ENE,55.945541674425094,-3.1854446281301225,723.019877742817,938.6534169761603
55.945541674425094,-3.1854446281301225,SSE,55.94526451056534,-3.185329823100413,723.019877742817,937.4034169761603
55.94526451056534,-3.185329823100413,WNW,55.94537931559505,-3.1856069869601664,723.019877742817,936.1534169761603
55.94537931559505,-3.1856069869601664,S,55.945079315595045,-3.1856069869601664,723.019877742817,934.9034169761603
55.945079315595045,-3.1856069869601664,SSE,55.94480215173529,-3.185492181930457,723.019877742817,933.6534169761603
55.94480215173529,-3.185492181930457,SSE,55.94452498787553,-3.1853773769007474,723.019877742817,932.4034169761603
55.94452498787553,-3.1853773769007474,NNE,55.94480215173529,-3.185262571871038,723.019877742817,931.1534169761603
55.94480215173529,-3.185262571871038,NE,55.945014283769645,-3.185050439836682,723.019877742817,929.9034169761603
55.945014283769645,-3.185050439836682,SSW,55.94473711990989,-3.1851652448663916,723.019877742817,928.6534169761603
55.94473711990989,-3.1851652448663916,SSW,55.94445995605013,-3.185280049896101,723.019877742817,927.4034169761603
55.94445995605013,-3.185280049896101,E,55.94445995605013,-3.184980049896101,723.019877742817,926.1534169761603
55.94445995605013,-3.184980049896101,E,55.94445995605013,-3.1846800498961008,834.7248471175493,932.9193050270818
55.94445995605013,-3.1846800498961008,NE,55.94467208808449,-3.184467917861745,834.7248471175493,931.6693050270818
55.94467208808449,-3.184467917861745,NW,55.944884220118844,-3.1846800498961008,834.7248471175493,930.4193050270818
55.944884220118844,-3.1846800498961008,WNW,55.944999025148554,-3.184957213755854,834.7248471175493,929.1693050270818
55.944999025148554,-3.184957213755854,ESE,55.944884220118844,-3.1846800498961008,834.7248471175493,927.9193050270818
55.944884220118844,-3.1846800498961008,NE,55.9450963521532,-3.184467917861745,834.7248471175493,926.6693050270818
55.9450963521532,-3.184467917861745,NNE,55.94537351601296,-3.1843531128320355,834.7248471175493,925.4193050270818
55.94537351601296,-3.1843531128320355,SW,55.9451613839786,-3.1845652448663913,834.7248471175493,924.1693050270818
55.9451613839786,-3.1845652448663913,NNE,55.94543854783836,-3.1844504398366817,834.7248471175493,922.9193050270818
55.94543854783836,-3.1844504398366817,NW,55.94565067987271,-3.1846625718710375,834.7248471175493,921.6693050270818
55.94565067987271,-3.1846625718710375,N,55.945950679872716,-3.1846625718710375,834.7248471175493,920.4193050270818
55.945950679872716,-3.1846625718710375,NE,55.94616281190707,-3.1844504398366817,834.7248471175493,919.1693050270818
55.94616281190707,-3.1844504398366817,WSW,55.94604800687736,-3.184727603696435,834.7248471175493,917.9193050270818
55.94604800687736,-3.184727603696435,WNW,55.94616281190707,-3.1850047675561886,834.7248471175493,916.6693050270818
55.94616281190707,-3.1850047675561886,SSE,55.945885648047316,-3.184889962526479,834.7248471175493,915.4193050270818
55.945885648047316,-3.184889962526479,SE,55.94567351601296,-3.1846778304921233,834.7248471175493,914.1693050270818
55.94567351601296,-3.1846778304921233,NNE,55.945950679872716,-3.1845630254624138,834.7248471175493,912.9193050270818
55.945950679872716,-3.1845630254624138,NE,55.94616281190707,-3.184350893428058,834.7248471175493,911.6693050270818
55.94616281190707,-3.184350893428058,WSW,55.94604800687736,-3.1846280572878114,834.7248471175493,910.4193050270818
55.94604800687736,-3.1846280572878114,E,55.94604800687736,-3.184328057287811,834.7248471175493,909.1693050270818
55.94604800687736,-3.184328057287811,SW,55.945835874843006,-3.184540189322167,834.7248471175493,907.9193050270818
55.945835874843006,-3.184540189322167,N,55.94613587484301,-3.184540189322167,834.7248471175493,906.6693050270818
55.94613587484301,-3.184540189322167,W,55.94613587484301,-3.184840189322167,834.7248471175493,905.4193050270818
55.94613587484301,-3.184840189322167,SSW,55.94585871098325,-3.1849549943518767,834.7248471175493,904.1693050270818
55.94585871098325,-3.1849549943518767,ENE,55.94597351601296,-3.1846778304921233,834.7248471175493,902.9193050270818
55.94597351601296,-3.1846778304921233,SSW,55.945696352153206,-3.184792635521833,834.7248471175493,901.6693050270818
55.945696352153206,-3.184792635521833,ENE,55.945811157182916,-3.1845154716620794,834.7248471175493,900.4193050270818
55.945811157182916,-3.1845154716620794,SW,55.94559902514856,-3.184727603696435,834.7248471175493,899.1693050270818
55.94559902514856,-3.184727603696435,WSW,55.94548422011885,-3.1850047675561886,834.7248471175493,897.9193050270818
55.94548422011885,-3.1850047675561886,NNW,55.945761383978606,-3.185119572585898,834.7248471175493,896.6693050270818
55.945761383978606,-3.185119572585898,SE,55.94554925194425,-3.1849074405515423,834.7248471175493,895.4193050270818
55.94554925194425,-3.1849074405515423,NE,55.945761383978606,-3.1846953085171865,834.7248471175493,894.1693050270818
55.945761383978606,-3.1846953085171865,SE,55.94554925194425,-3.1844831764828307,834.7248471175493,892.9193050270818
55.94554925194425,-3.1844831764828307,NW,55.945761383978606,-3.1846953085171865,834.7248471175493,891.6693050270818
55.945761383978606,-3.1846953085171865,WSW,55.945646578948896,-3.18497247237694,834.7248471175493,890.4193050270818
55.945646578948896,-3.18497247237694,W,55.945646578948896,-3.18527247237694,834.7248471175493,889.1693050270818
55.945646578948896,-3.18527247237694,NW,55.94585871098325,-3.185484604411296,834.7248471175493,887.9193050270818
55.94585871098325,-3.185484604411296,SSW,55.945581547123496,-3.1855994094410054,834.7248471175493,886.6693050270818
55.945581547123496,-3.1855994094410054,S,55.94528154712349,-3.1855994094410054,834.7248471175493,885.4193050270818
55.94528154712349,-3.1855994094410054,NW,55.94549367915785,-3.185811541475361,834.7248471175493,884.1693050270818
55.94549367915785,-3.185811541475361,NW,55.945705811192205,-3.186023673509717,834.7248471175493,882.9193050270818
55.945705811192205,-3.186023673509717,W,55.945705811192205,-3.186323673509717,834.7248471175493,881.6693050270818
55.945705811192205,-3.186323673509717,NNE,55.94598297505196,-3.1862088684800076,834.7248471175493,880.4193050270818
55.94598297505196,-3.1862088684800076,ESE,55.94586817002225,-3.185931704620254,834.7248471175493,879.1693050270818
55.94586817002225,-3.185931704620254,W,55.94586817002225,-3.1862317046202544,834.7248471175493,877.9193050270818
55.94586817002225,-3.1862317046202544,W,55.94586817002225,-3.1865317046202546,834.7248471175493,876.6693050270818
55.94586817002225,-3.1865317046202546,NNW,55.94614533388201,-3.186646509649964,834.7248471175493,875.4193050270818
55.94614533388201,-3.186646509649964,S,55.945845333882005,-3.186646509649964,834.7248471175493,874.1693050270818
55.945845333882005,-3.186646509649964,SE,55.94563320184765,-3.1864343776156083,834.7248471175493,872.9193050270818
55.94563320184765,-3.1864343776156083,ENE,55.94574800687736,-3.186157213755855,834.7248471175493,871.6693050270818
55.94574800687736,-3.186157213755855,ENE,55.94586281190707,-3.1858800498961015,834.7248471175493,870.4193050270818
55.94586281190707,-3.1858800498961015,NW,55.946074943941426,-3.1860921819304573,834.7248471175493,869.1693050270818
55.946074943941426,-3.1860921819304573,ENE,55.946189748971136,-3.185815018070704,834.7248471175493,867.9193050270818
55.946189748971136,-3.185815018070704,SE,55.94597761693678,-3.185602886036348,834.7248471175493,866.6693050270818
55.94597761693678,-3.185602886036348,SSE,55.94570045307702,-3.1854880810066386,834.7248471175493,865.4193050270818
55.94570045307702,-3.1854880810066386,NW,55.94591258511138,-3.1857002130409944,834.7248471175493,864.1693050270818
55.94591258511138,-3.1857002130409944,N,55.94621258511138,-3.1857002130409944,834.7248471175493,862.9193050270818
55.94621258511138,-3.1857002130409944,WSW,55.94609778008167,-3.185977376900748,834.7248471175493,861.6693050270818
55.94609778008167,-3.185977376900748,SSE,55.945820616221916,-3.1858625718710383,834.7248471175493,860.4193050270818
55.945820616221916,-3.1858625718710383,W,55.945820616221916,-3.1861625718710385,834.7248471175493,859.1693050270818
55.945820616221916,-3.1861625718710385,NNE,55.94609778008167,-3.186047766841329,834.7248471175493,857.9193050270818
55.94609778008167,-3.186047766841329,SW,55.945885648047316,-3.1862598988756847,834.7248471175493,856.6693050270818
55.945885648047316,-3.1862598988756847,NNE,55.94616281190707,-3.186145093845975,834.7248471175493,855.4193050270818
55.94616281190707,-3.186145093845975,SSE,55.945885648047316,-3.1860302888162657,834.7248471175493,854.1693050270818
55.945885648047316,-3.1860302888162657,ESE,55.945770843017606,-3.1857531249565123,834.7248471175493,852.9193050270818
55.945770843017606,-3.1857531249565123,S,55.9454708430176,-3.1857531249565123,834.7248471175493,851.6693050270818
55.9454708430176,-3.1857531249565123,SE,55.945258710983246,-3.1855409929221565,834.7248471175493,850.4193050270818
55.945258710983246,-3.1855409929221565,ENE,55.94537351601296,-3.185263829062403,834.7248471175493,849.1693050270818
55.94537351601296,-3.185263829062403,NW,55.94558564804731,-3.185475961096759,834.7248471175493,847.9193050270818
55.94558564804731,-3.185475961096759,ESE,55.9454708430176,-3.1851987972370055,834.7248471175493,846.6693050270818
55.9454708430176,-3.1851987972370055,WSW,55.94535603798789,-3.185475961096759,834.7248471175493,845.4193050270818
55.94535603798789,-3.185475961096759,N,55.945656037987895,-3.185475961096759,834.7248471175493,844.1693050270818
55.945656037987895,-3.185475961096759,NNW,55.94593320184765,-3.1855907661264684,834.7248471175493,842.9193050270818
55.94593320184765,-3.1855907661264684,SSW,55.945656037987895,-3.185705571156178,834.7248471175493,841.6693050270818
55.945656037987895,-3.185705571156178,ESE,55.945541232958185,-3.1854284072964245,834.7248471175493,840.4193050270818
55.945541232958185,-3.1854284072964245,SSE,55.94526406909843,-3.185313602266715,834.7248471175493,839.1693050270818
55.94526406909843,-3.185313602266715,S,55.944964069098425,-3.185313602266715,834.7248471175493,837.9193050270818
55.944964069098425,-3.185313602266715,E,55.944964069098425,-3.185013602266715,834.7248471175493,836.6693050270818
55.944964069098425,-3.185013602266715,NNE,55.94524123295818,-3.1848987972370053,834.7248471175493,835.4193050270818
55.94524123295818,-3.1848987972370053,WNW,55.94535603798789,-3.1851759610967587,834.7248471175493,834.1693050270818
55.94535603798789,-3.1851759610967587,E,55.94535603798789,-3.1848759610967585,834.7248471175493,832.9193050270818
55.94535603798789,-3.1848759610967585,S,55.94505603798789,-3.1848759610967585,834.7248471175493,831.6693050270818
55.94505603798789,-3.1848759610967585,SE,55.94484390595353,-3.1846638290624028,834.7248471175493,830.4193050270818
55.94484390595353,-3.1846638290624028,SSW,55.94456674209378,-3.1847786340921123,834.7248471175493,829.1693050270818
55.94456674209378,-3.1847786340921123,W,55.94456674209378,-3.1850786340921124,834.7248471175493,827.9193050270818
55.94456674209378,-3.1850786340921124,WNW,55.94468154712349,-3.185355797951866,834.7248471175493,826.6693050270818
55.94468154712349,-3.185355797951866,WSW,55.94456674209378,-3.1856329618116193,834.7248471175493,825.4193050270818
55.94456674209378,-3.1856329618116193,E,55.94456674209378,-3.185332961811619,834.7248471175493,824.1693050270818
55.94456674209378,-3.185332961811619,S,55.944266742093774,-3.185332961811619,834.7248471175493,822.9193050270818
55.944266742093774,-3.185332961811619,SW,55.94405461005942,-3.185545093845975,834.7248471175493,821.6693050270818
55.94405461005942,-3.185545093845975,ESE,55.94393980502971,-3.1852679299862214,834.7248471175493,820.4193050270818
55.94393980502971,-3.1852679299862214,SW,55.94372767299535,-3.185480062020577,834.7248471175493,819.1693050270818
55.94372767299535,-3.185480062020577,S,55.94342767299535,-3.185480062020577,834.7248471175493,817.9193050270818
55.94342767299535,-3.185480062020577,ENE,55.94354247802506,-3.185202898160824,834.7248471175493,816.6693050270818
55.94354247802506,-3.185202898160824,SW,55.9433303459907,-3.1854150301951796,834.7248471175493,815.4193050270818
55.9433303459907,-3.1854150301951796,ESE,55.94321554096099,-3.185137866335426,834.7248471175493,814.1693050270818
55.94321554096099,-3.185137866335426,ESE,55.94310073593128,-3.1848607024756728,850.4138441530656,835.0437141547812
55.94310073593128,-3.1848607024756728,E,55.94310073593128,-3.1845607024756726,964.6760189764159,911.8929690576409
55.94310073593128,-3.1845607024756726,WSW,55.94298593090157,-3.184837866335426,964.6760189764159,910.6429690576409
55.94298593090157,-3.184837866335426,S,55.94268593090157,-3.184837866335426,964.6760189764159,909.3929690576409
55.94268593090157,-3.184837866335426,ENE,55.94280073593128,-3.1845607024756726,964.6760189764159,908.1429690576409
55.94280073593128,-3.1845607024756726,NW,55.943012867965635,-3.1847728345100283,964.6760189764159,906.8929690576409
55.943012867965635,-3.1847728345100283,NW,55.94322499999999,-3.184984966544384,964.6760189764159,905.6429690576409
55.94322499999999,-3.184984966544384,WNW,55.9433398050297,-3.1852621304041375,964.6760189764159,904.3929690576409
55.9433398050297,-3.1852621304041375,W,55.9433398050297,-3.1855621304041377,964.6760189764159,903.1429690576409
55.9433398050297,-3.1855621304041377,ESE,55.94322499999999,-3.1852849665443843,964.6760189764159,901.8929690576409
55.94322499999999,-3.1852849665443843,NNE,55.94350216385975,-3.185170161514675,964.6760189764159,900.6429690576409
55.94350216385975,-3.185170161514675,WNW,55.94361696888946,-3.185447325374428,964.6760189764159,899.3929690576409
55.94361696888946,-3.185447325374428,SSE,55.9433398050297,-3.1853325203447187,964.6760189764159,898.1429690576409
55.9433398050297,-3.1853325203447187,ENE,55.94345461005941,-3.1850553564849653,964.6760189764159,896.8929690576409
55.94345461005941,-3.1850553564849653,ESE,55.9433398050297,-3.184778192625212,964.6760189764159,895.6429690576409
55.9433398050297,-3.184778192625212,SSE,55.943062641169945,-3.1846633875955024,964.6760189764159,894.3929690576409
55.943062641169945,-3.1846633875955024,W,55.943062641169945,-3.1849633875955026,964.6760189764159,893.1429690576409
55.943062641169945,-3.1849633875955026,WSW,55.942947836140235,-3.185240551455256,964.6760189764159,891.8929690576409
55.942947836140235,-3.185240551455256,ESE,55.942833031110524,-3.1849633875955026,964.6760189764159,890.6429690576409
55.942833031110524,-3.1849633875955026,ENE,55.942947836140235,-3.184686223735749,964.6760189764159,889.3929690576409
55.942947836140235,-3.184686223735749,NNW,55.94322499999999,-3.1848010287654587,964.6760189764159,888.1429690576409
55.94322499999999,-3.1848010287654587,S,55.94292499999999,-3.1848010287654587,964.6760189764159,886.8929690576409
55.94292499999999,-3.1848010287654587,S,55.942624999999985,-3.1848010287654587,964.6760189764159,885.6429690576409
55.942624999999985,-3.1848010287654587,W,55.942624999999985,-3.185101028765459,964.6760189764159,884.3929690576409
55.942624999999985,-3.185101028765459,W,55.942624999999985,-3.185401028765459,964.6760189764159,883.1429690576409
55.942624999999985,-3.185401028765459,ENE,55.942739805029696,-3.1851238649057056,964.6760189764159,881.8929690576409
55.942739805029696,-3.1851238649057056,NNE,55.94301696888945,-3.185009059875996,964.6760189764159,880.6429690576409
