55.944425,-3.188396,NNE,55.94470216385976,-3.1882811949702905,13.43825808208078,272.050418579517
55.94470216385976,-3.1882811949702905,SW,55.9444900318254,-3.1884933270046463,13.43825808208078,270.800418579517
55.9444900318254,-3.1884933270046463,SW,55.94427789979105,-3.188705459039002,13.43825808208078,269.550418579517
55.94427789979105,-3.188705459039002,WSW,55.944163094761336,-3.1889826228987554,121.23679058461444,298.8791018120496
55.944163094761336,-3.1889826228987554,NW,55.94437522679569,-3.189194754933111,121.23679058461444,297.6291018120496
55.94437522679569,-3.189194754933111,NNW,55.94465239065545,-3.1893095599628207,206.98529705087125,322.3007585913853
55.94465239065545,-3.1893095599628207,W,55.94465239065545,-3.189609559962821,206.98529705087125,321.0507585913853
55.94465239065545,-3.189609559962821,W,55.94465239065545,-3.189909559962821,206.98529705087125,319.8007585913853
55.94465239065545,-3.189909559962821,WNW,55.94476719568516,-3.1901867238225745,274.15483811135084,427.8975610364697
55.94476719568516,-3.1901867238225745,N,55.94506719568516,-3.1901867238225745,277.3720705450066,434.5558772340315
55.94506719568516,-3.1901867238225745,W,55.94506719568516,-3.1904867238225747,277.3720705450066,433.3058772340315
55.94506719568516,-3.1904867238225747,W,55.94506719568516,-3.190786723822575,277.3720705450066,432.0558772340315
55.94506719568516,-3.190786723822575,W,55.94506719568516,-3.191086723822575,304.94099888353185,487.3421414849735
55.94506719568516,-3.191086723822575,NNW,55.94534435954492,-3.1912015288522846,418.3709938181543,547.013809107669
55.94534435954492,-3.1912015288522846,N,55.94564435954492,-3.1912015288522846,418.3709938181543,545.763809107669
55.94564435954492,-3.1912015288522846,NNE,55.94592152340468,-3.191086723822575,476.18890776551405,662.1033850034768
55.94592152340468,-3.191086723822575,ENE,55.94603632843439,-3.1908095599628217,476.18890776551405,660.8533850034768
55.94603632843439,-3.1908095599628217,ENE,55.9461511334641,-3.1905323961030683,558.5955715099058,677.7946892728263
55.9461511334641,-3.1905323961030683,S,55.945851133464096,-3.1905323961030683,558.5955715099058,676.5446892728263
55.945851133464096,-3.1905323961030683,SSW,55.94557396960434,-3.1906472011327778,558.5955715099058,675.2946892728263
55.94557396960434,-3.1906472011327778,S,55.94527396960434,-3.1906472011327778,558.5955715099058,674.0446892728263
55.94527396960434,-3.1906472011327778,SSW,55.94499680574458,-3.1907620061624873,558.5955715099058,672.7946892728263
55.94499680574458,-3.1907620061624873,S,55.94469680574458,-3.1907620061624873,558.5955715099058,671.5446892728263
55.94469680574458,-3.1907620061624873,SSW,55.94441964188482,-3.190876811192197,558.5955715099058,670.2946892728263
55.94441964188482,-3.190876811192197,S,55.94411964188482,-3.190876811192197,626.5428545231598,681.3004631579133
55.94411964188482,-3.190876811192197,WNW,55.94423444691453,-3.19115397505195,645.6628420100106,732.0735941154355
55.94423444691453,-3.19115397505195,S,55.943934446914525,-3.19115397505195,714.557826858541,763.4275092895717
55.943934446914525,-3.19115397505195,WSW,55.943819641884815,-3.1914311389117036,714.557826858541,762.1775092895717
55.943819641884815,-3.1914311389117036,SW,55.94360750985046,-3.1916432709460594,805.4807151229817,769.5107758640859
55.94360750985046,-3.1916432709460594,W,55.94360750985046,-3.1919432709460596,838.776796117303,836.6461451893988
55.94360750985046,-3.1919432709460596,SE,55.9433953778161,-3.191731138911704,838.776796117303,835.3961451893988
55.9433953778161,-3.191731138911704,SE,55.943183245781746,-3.191519006877348,838.776796117303,834.1461451893988
55.943183245781746,-3.191519006877348,ESE,55.943068440752036,-3.1912418430175946,898.2604468890062,846.7631521469204
55.943068440752036,-3.1912418430175946,E,55.943068440752036,-3.1909418430175944,898.2604468890062,845.5131521469204
55.943068440752036,-3.1909418430175944,E,55.943068440752036,-3.1906418430175942,898.2604468890062,844.2631521469204
55.943068440752036,-3.1906418430175942,E,55.943068440752036,-3.190341843017594,913.1759693306304,892.7588329169138
55.943068440752036,-3.190341843017594,E,55.943068440752036,-3.190041843017594,913.1759693306304,891.5088329169138
55.943068440752036,-3.190041843017594,E,55.943068440752036,-3.1897418430175937,913.1759693306304,890.2588329169138
55.943068440752036,-3.1897418430175937,E,55.943068440752036,-3.1894418430175935,922.6611377830676,917.6318756284204
55.943068440752036,-3.1894418430175935,N,55.94336844075204,-3.1894418430175935,1013.3096472141723,967.8636995509465
55.94336844075204,-3.1894418430175935,E,55.94336844075204,-3.1891418430175933,1013.3096472141723,966.6136995509465
55.94336844075204,-3.1891418430175933,ENE,55.94348324578175,-3.18886467915784,1013.3096472141723,965.3636995509465
55.94348324578175,-3.18886467915784,ENE,55.94359805081146,-3.1885875152980865,1013.3096472141723,964.1136995509465
55.94359805081146,-3.1885875152980865,SE,55.9433859187771,-3.1883753832637307,1013.3096472141723,962.8636995509465
55.9433859187771,-3.1883753832637307,E,55.9433859187771,-3.1880753832637305,1014.5986494433241,1050.5380130122383
55.9433859187771,-3.1880753832637305,SE,55.94317378674275,-3.1878632512293748,1014.5986494433241,1049.2880130122383
55.94317378674275,-3.1878632512293748,SSE,55.94289662288299,-3.1877484461996652,1024.1260350234943,1052.9348464660109
55.94289662288299,-3.1877484461996652,NNE,55.94317378674275,-3.1876336411699557,1024.1260350234943,1051.6848464660109
55.94317378674275,-3.1876336411699557,N,55.94347378674275,-3.1876336411699557,1024.1260350234943,1050.4348464660109
55.94347378674275,-3.1876336411699557,ENE,55.94358859177246,-3.1873564773102023,1056.5127510199393,1063.9443348588522
55.94358859177246,-3.1873564773102023,N,55.94388859177246,-3.1873564773102023,1056.5127510199393,1062.6943348588522
55.94388859177246,-3.1873564773102023,NNE,55.94416575563222,-3.187241672280493,1056.5127510199393,1061.4443348588522
55.94416575563222,-3.187241672280493,N,55.94446575563222,-3.187241672280493,1073.070571825066,1147.571915286247
55.94446575563222,-3.187241672280493,E,55.94446575563222,-3.1869416722804926,1096.1958374436445,1257.0587628420212
55.94446575563222,-3.1869416722804926,ESE,55.94435095060251,-3.1866645084207392,1096.1958374436445,1255.8087628420212
55.94435095060251,-3.1866645084207392,ESE,55.9442361455728,-3.186387344560986,1096.1958374436445,1254.5587628420212
55.9442361455728,-3.186387344560986,ESE,55.94412134054309,-3.1861101807012324,1212.641862452083,1259.7027372993748
55.94412134054309,-3.1861101807012324,SSE,55.943844176683335,-3.185995375671523,1212.641862452083,1258.4527372993748
55.943844176683335,-3.185995375671523,SSE,55.94356701282358,-3.1858805706418134,1226.9197979318199,1344.2410899212455
55.94356701282358,-3.1858805706418134,SSW,55.94328984896382,-3.185995375671523,1278.89352695629,1406.9039437186148
55.94328984896382,-3.185995375671523,SSW,55.943012685104065,-3.1861101807012324,1338.0064590893885,1487.939832032906
55.943012685104065,-3.1861101807012324,E,55.943012685104065,-3.1858101807012322,1421.2833944690908,1588.6333550902839
55.943012685104065,-3.1858101807012322,NE,55.94322481713842,-3.1855980486668765,1421.2833944690908,1587.3833550902839
55.94322481713842,-3.1855980486668765,N,55.943524817138425,-3.1855980486668765,1421.2833944690908,1586.1333550902839
55.943524817138425,-3.1855980486668765,N,55.94382481713843,-3.1855980486668765,1421.2833944690908,1584.8833550902839
55.94382481713843,-3.1855980486668765,ENE,55.94393962216814,-3.185320884807123,1421.2833944690908,1583.6333550902839
55.94393962216814,-3.185320884807123,SE,55.94372749013378,-3.1851087527727673,1421.6756547770988,1667.9785005529238
55.94372749013378,-3.1851087527727673,N,55.944027490133784,-3.1851087527727673,1421.6756547770988,1666.7285005529238
55.944027490133784,-3.1851087527727673,N,55.94432749013379,-3.1851087527727673,1421.6756547770988,1665.4785005529238
55.94432749013379,-3.1851087527727673,N,55.94462749013379,-3.1851087527727673,1421.6756547770988,1664.2285005529238
55.94462749013379,-3.1851087527727673,NNW,55.94490465399355,-3.185223557802477,1464.5949662459443,1688.44248919098
55.94490465399355,-3.185223557802477,W,55.94490465399355,-3.185523557802477,1464.5949662459443,1687.19248919098
55.94490465399355,-3.185523557802477,WSW,55.944789848963836,-3.1858007216622304,1543.1888367656236,1708.1419665732742
55.944789848963836,-3.1858007216622304,NNW,55.94506701282359,-3.18591552669194,1543.1888367656236,1706.8919665732742
55.94506701282359,-3.18591552669194,NW,55.94527914485795,-3.1861276587262957,1543.1888367656236,1705.6419665732742
55.94527914485795,-3.1861276587262957,NNE,55.945556308717705,-3.186012853696586,1600.327261189642,1785.9766112522477
55.945556308717705,-3.186012853696586,NNE,55.94583347257746,-3.1858980486668766,1600.327261189642,1784.7266112522477
55.94583347257746,-3.1858980486668766,SSE,55.945556308717705,-3.185783243637167,1600.327261189642,1783.4766112522477
55.945556308717705,-3.185783243637167,ESE,55.945441503687995,-3.1855060797774137,1600.327261189642,1782.2266112522477
55.945441503687995,-3.1855060797774137,ENE,55.945556308717705,-3.1852289159176603,1652.664037835269,1837.7885888957974
55.945556308717705,-3.1852289159176603,N,55.94585630871771,-3.1852289159176603,1652.664037835269,1836.5385888957974
55.94585630871771,-3.1852289159176603,SSW,55.94557914485795,-3.18534372094737,1652.664037835269,1835.2885888957974
55.94557914485795,-3.18534372094737,N,55.945879144857955,-3.18534372094737,1652.664037835269,1834.0385888957974
55.945879144857955,-3.18534372094737,NW,55.94609127689231,-3.1855558529817256,1652.664037835269,1832.7885888957974
55.94609127689231,-3.1855558529817256,W,55.94609127689231,-3.185855852981726,1652.664037835269,1831.5385888957974
55.94609127689231,-3.185855852981726,W,55.94609127689231,-3.186155852981726,1652.664037835269,1830.2885888957974
55.94609127689231,-3.186155852981726,W,55.94609127689231,-3.186455852981726,1652.664037835269,1829.0385888957974
55.94609127689231,-3.186455852981726,W,55.94609127689231,-3.1867558529817264,1652.664037835269,1827.7885888957974
55.94609127689231,-3.1867558529817264,SW,55.945879144857955,-3.186967985016082,1652.664037835269,1826.5385888957974
55.945879144857955,-3.186967985016082,W,55.945879144857955,-3.1872679850160823,1652.664037835269,1825.2885888957974
55.945879144857955,-3.1872679850160823,W,55.945879144857955,-3.1875679850160825,1652.664037835269,1824.0385888957974
55.945879144857955,-3.1875679850160825,W,55.945879144857955,-3.1878679850160827,1679.4632437949047,1863.9196613383015
55.945879144857955,-3.1878679850160827,E,55.945879144857955,-3.1875679850160825,1679.4632437949047,1862.6696613383015
55.945879144857955,-3.1875679850160825,W,55.945879144857955,-3.1878679850160827,1679.4632437949047,1861.4196613383015
55.945879144857955,-3.1878679850160827,E,55.945879144857955,-3.1875679850160825,1679.4632437949047,1860.1696613383015
55.945879144857955,-3.1875679850160825,W,55.945879144857955,-3.1878679850160827,1679.4632437949047,1858.9196613383015
55.945879144857955,-3.1878679850160827,E,55.945879144857955,-3.1875679850160825,1679.4632437949047,1857.6696613383015
55.945879144857955,-3.1875679850160825,W,55.945879144857955,-3.1878679850160827,1679.4632437949047,1856.4196613383015
55.945879144857955,-3.1878679850160827,E,55.945879144857955,-3.1875679850160825,1679.4632437949047,1855.1696613383015
55.945879144857955,-3.1875679850160825,W,55.945879144857955,-3.1878679850160827,1679.4632437949047,1853.9196613383015
55.945879144857955,-3.1878679850160827,E,55.945879144857955,-3.1875679850160825,1679.4632437949047,1852.6696613383015
55.945879144857955,-3.1875679850160825,W,55.945879144857955,-3.1878679850160827,1679.4632437949047,1851.4196613383015
55.945879144857955,-3.1878679850160827,E,55.945879144857955,-3.1875679850160825,1679.4632437949047,1850.1696613383015
55.945879144857955,-3.1875679850160825,W,55.945879144857955,-3.1878679850160827,1679.4632437949047,1848.9196613383015
55.945879144857955,-3.1878679850160827,E,55.945879144857955,-3.1875679850160825,1679.4632437949047,1847.6696613383015
55.945879144857955,-3.1875679850160825,W,55.945879144857955,-3.1878679850160827,1679.4632437949047,1846.4196613383015
55.945879144857955,-3.1878679850160827,E,55.945879144857955,-3.1875679850160825,1679.4632437949047,1845.1696613383015
55.945879144857955,-3.1875679850160825,W,55.945879144857955,-3.1878679850160827,1679.4632437949047,1843.9196613383015
55.945879144857955,-3.1878679850160827,E,55.945879144857955,-3.1875679850160825,1679.4632437949047,1842.6696613383015
55.945879144857955,-3.1875679850160825,W,55.945879144857955,-3.1878679850160827,1679.4632437949047,1841.4196613383015
55.945879144857955,-3.1878679850160827,E,55.945879144857955,-3.1875679850160825,1679.4632437949047,1840.1696613383015
55.945879144857955,-3.1875679850160825,W,55.945879144857955,-3.1878679850160827,1679.4632437949047,1838.9196613383015
55.945879144857955,-3.1878679850160827,E,55.945879144857955,-3.1875679850160825,1679.4632437949047,1837.6696613383015
55.945879144857955,-3.1875679850160825,W,55.945879144857955,-3.1878679850160827,1679.4632437949047,1836.4196613383015
55.945879144857955,-3.1878679850160827,E,55.945879144857955,-3.1875679850160825,1679.4632437949047,1835.1696613383015
55.945879144857955,-3.1875679850160825,W,55.945879144857955,-3.1878679850160827,1679.4632437949047,1833.9196613383015
55.945879144857955,-3.1878679850160827,E,55.945879144857955,-3.1875679850160825,1679.4632437949047,1832.6696613383015
55.945879144857955,-3.1875679850160825,W,55.945879144857955,-3.1878679850160827,1679.4632437949047,1831.4196613383015
55.945879144857955,-3.1878679850160827,E,55.945879144857955,-3.1875679850160825,1679.4632437949047,1830.1696613383015
55.945879144857955,-3.1875679850160825,W,55.945879144857955,-3.1878679850160827,1679.4632437949047,1828.9196613383015
55.945879144857955,-3.1878679850160827,E,55.945879144857955,-3.1875679850160825,1679.4632437949047,1827.6696613383015
55.945879144857955,-3.1875679850160825,W,55.945879144857955,-3.1878679850160827,1679.4632437949047,1826.4196613383015
55.945879144857955,-3.1878679850160827,E,55.945879144857955,-3.1875679850160825,1679.4632437949047,1825.1696613383015
55.945879144857955,-3.1875679850160825,W,55.945879144857955,-3.1878679850160827,1679.4632437949047,1823.9196613383015
55.945879144857955,-3.1878679850160827,E,55.945879144857955,-3.1875679850160825,1679.4632437949047,1822.6696613383015
55.945879144857955,-3.1875679850160825,W,55.945879144857955,-3.1878679850160827,1679.4632437949047,1821.4196613383015
55.945879144857955,-3.1878679850160827,E,55.945879144857955,-3.1875679850160825,1679.4632437949047,1820.1696613383015
55.945879144857955,-3.1875679850160825,W,55.945879144857955,-3.1878679850160827,1679.4632437949047,1818.9196613383015
55.945879144857955,-3.1878679850160827,E,55.945879144857955,-3.1875679850160825,1679.4632437949047,1817.6696613383015
55.945879144857955,-3.1875679850160825,W,55.945879144857955,-3.1878679850160827,1679.4632437949047,1816.4196613383015
55.945879144857955,-3.1878679850160827,E,55.945879144857955,-3.1875679850160825,1679.4632437949047,1815.1696613383015
55.945879144857955,-3.1875679850160825,W,55.945879144857955,-3.1878679850160827,1679.4632437949047,1813.9196613383015
55.945879144857955,-3.1878679850160827,E,55.945879144857955,-3.1875679850160825,1679.4632437949047,1812.6696613383015
55.945879144857955,-3.1875679850160825,W,55.945879144857955,-3.1878679850160827,1679.4632437949047,1811.4196613383015
55.945879144857955,-3.1878679850160827,E,55.945879144857955,-3.1875679850160825,1679.4632437949047,1810.1696613383015
55.945879144857955,-3.1875679850160825,W,55.945879144857955,-3.1878679850160827,1679.4632437949047,1808.9196613383015
55.945879144857955,-3.1878679850160827,E,55.945879144857955,-3.1875679850160825,1679.4632437949047,1807.6696613383015
55.945879144857955,-3.1875679850160825,W,55.945879144857955,-3.1878679850160827,1679.4632437949047,1806.4196613383015
55.945879144857955,-3.1878679850160827,E,55.945879144857955,-3.1875679850160825,1679.4632437949047,1805.1696613383015
55.945879144857955,-3.1875679850160825,W,55.945879144857955,-3.1878679850160827,1679.4632437949047,1803.9196613383015
55.945879144857955,-3.1878679850160827,E,55.945879144857955,-3.1875679850160825,1679.4632437949047,1802.6696613383015
55.945879144857955,-3.1875679850160825,W,55.945879144857955,-3.1878679850160827,1679.4632437949047,1801.4196613383015
55.945879144857955,-3.1878679850160827,E,55.945879144857955,-3.1875679850160825,1679.4632437949047,1800.1696613383015
55.945879144857955,-3.1875679850160825,W,55.945879144857955,-3.1878679850160827,1679.4632437949047,1798.9196613383015
55.945879144857955,-3.1878679850160827,E,55.945879144857955,-3.1875679850160825,1679.4632437949047,1797.6696613383015
55.945879144857955,-3.1875679850160825,W,55.945879144857955,-3.1878679850160827,1679.4632437949047,1796.4196613383015
55.945879144857955,-3.1878679850160827,E,55.945879144857955,-3.1875679850160825,1679.4632437949047,1795.1696613383015
55.945879144857955,-3.1875679850160825,W,55.945879144857955,-3.1878679850160827,1679.4632437949047,1793.9196613383015
55.945879144857955,-3.1878679850160827,E,55.945879144857955,-3.1875679850160825,1679.4632437949047,1792.6696613383015
55.945879144857955,-3.1875679850160825,W,55.945879144857955,-3.1878679850160827,1679.4632437949047,1791.4196613383015
55.945879144857955,-3.1878679850160827,E,55.945879144857955,-3.1875679850160825,1679.4632437949047,1790.1696613383015
55.945879144857955,-3.1875679850160825,W,55.945879144857955,-3.1878679850160827,1679.4632437949047,1788.9196613383015
55.945879144857955,-3.1878679850160827,E,55.945879144857955,-3.1875679850160825,1679.4632437949047,1787.6696613383015
55.945879144857955,-3.1875679850160825,W,55.945879144857955,-3.1878679850160827,1679.4632437949047,1786.4196613383015
55.945879144857955,-3.1878679850160827,E,55.945879144857955,-3.1875679850160825,1679.4632437949047,1785.1696613383015
55.945879144857955,-3.1875679850160825,W,55.945879144857955,-3.1878679850160827,1679.4632437949047,1783.9196613383015
55.945879144857955,-3.1878679850160827,E,55.945879144857955,-3.1875679850160825,1679.4632437949047,1782.6696613383015
55.945879144857955,-3.1875679850160825,W,55.945879144857955,-3.1878679850160827,1679.4632437949047,1781.4196613383015
55.945879144857955,-3.1878679850160827,E,55.945879144857955,-3.1875679850160825,1679.4632437949047,1780.1696613383015
55.945879144857955,-3.1875679850160825,W,55.945879144857955,-3.1878679850160827,1679.4632437949047,1778.9196613383015
55.945879144857955,-3.1878679850160827,E,55.945879144857955,-3.1875679850160825,1679.4632437949047,1777.6696613383015
55.945879144857955,-3.1875679850160825,W,55.945879144857955,-3.1878679850160827,1679.4632437949047,1776.4196613383015
55.945879144857955,-3.1878679850160827,E,55.945879144857955,-3.1875679850160825,1679.4632437949047,1775.1696613383015
55.945879144857955,-3.1875679850160825,W,55.945879144857955,-3.1878679850160827,1679.4632437949047,1773.9196613383015
55.945879144857955,-3.1878679850160827,E,55.945879144857955,-3.1875679850160825,1679.4632437949047,1772.6696613383015
55.945879144857955,-3.1875679850160825,W,55.945879144857955,-3.1878679850160827,1679.4632437949047,1771.4196613383015
55.945879144857955,-3.1878679850160827,E,55.945879144857955,-3.1875679850160825,1679.4632437949047,1770.1696613383015
55.945879144857955,-3.1875679850160825,W,55.945879144857955,-3.1878679850160827,1679.4632437949047,1768.9196613383015
55.945879144857955,-3.1878679850160827,E,55.945879144857955,-3.1875679850160825,1679.4632437949047,1767.6696613383015
55.945879144857955,-3.1875679850160825,W,55.945879144857955,-3.1878679850160827,1679.4632437949047,1766.4196613383015
55.945879144857955,-3.1878679850160827,E,55.945879144857955,-3.1875679850160825,1679.4632437949047,1765.1696613383015
55.945879144857955,-3.1875679850160825,W,55.945879144857955,-3.1878679850160827,1679.4632437949047,1763.9196613383015
55.945879144857955,-3.1878679850160827,E,55.945879144857955,-3.1875679850160825,1679.4632437949047,1762.6696613383015
55.945879144857955,-3.1875679850160825,W,55.945879144857955,-3.1878679850160827,1679.4632437949047,1761.4196613383015
55.945879144857955,-3.1878679850160827,E,55.945879144857955,-3.1875679850160825,1679.4632437949047,1760.1696613383015
55.945879144857955,-3.1875679850160825,W,55.945879144857955,-3.1878679850160827,1679.4632437949047,1758.9196613383015
55.945879144857955,-3.1878679850160827,E,55.945879144857955,-3.1875679850160825,1679.4632437949047,1757.6696613383015
55.945879144857955,-3.1875679850160825,W,55.945879144857955,-3.1878679850160827,1679.4632437949047,1756.4196613383015
55.945879144857955,-3.1878679850160827,E,55.945879144857955,-3.1875679850160825,1679.4632437949047,1755.1696613383015
55.945879144857955,-3.1875679850160825,W,55.945879144857955,-3.1878679850160827,1679.4632437949047,1753.9196613383015
55.945879144857955,-3.1878679850160827,E,55.945879144857955,-3.1875679850160825,1679.4632437949047,1752.6696613383015
55.945879144857955,-3.1875679850160825,W,55.945879144857955,-3.1878679850160827,1679.4632437949047,1751.4196613383015
55.945879144857955,-3.1878679850160827,E,55.945879144857955,-3.1875679850160825,1679.4632437949047,1750.1696613383015
55.945879144857955,-3.1875679850160825,W,55.945879144857955,-3.1878679850160827,1679.4632437949047,1748.9196613383015
55.945879144857955,-3.1878679850160827,E,55.945879144857955,-3.1875679850160825,1679.4632437949047,1747.6696613383015
55.945879144857955,-3.1875679850160825,W,55.945879144857955,-3.1878679850160827,1679.4632437949047,1746.4196613383015
55.945879144857955,-3.1878679850160827,E,55.945879144857955,-3.1875679850160825,1679.4632437949047,1745.1696613383015
55.945879144857955,-3.1875679850160825,W,55.945879144857955,-3.1878679850160827,1679.4632437949047,1743.9196613383015
55.945879144857955,-3.1878679850160827,E,55.945879144857955,-3.1875679850160825,1679.4632437949047,1742.6696613383015
55.945879144857955,-3.1875679850160825,W,55.945879144857955,-3.1878679850160827,1679.4632437949047,1741.4196613383015
55.945879144857955,-3.1878679850160827,E,55.945879144857955,-3.1875679850160825,1679.4632437949047,1740.1696613383015
55.945879144857955,-3.1875679850160825,W,55.945879144857955,-3.1878679850160827,1679.4632437949047,1738.9196613383015
55.945879144857955,-3.1878679850160827,E,55.945879144857955,-3.1875679850160825,1679.4632437949047,1737.6696613383015
55.945879144857955,-3.1875679850160825,W,55.945879144857955,-3.1878679850160827,1679.4632437949047,1736.4196613383015
55.945879144857955,-3.1878679850160827,E,55.945879144857955,-3.1875679850160825,1679.4632437949047,1735.1696613383015
55.945879144857955,-3.1875679850160825,W,55.945879144857955,-3.1878679850160827,1679.4632437949047,1733.9196613383015
55.945879144857955,-3.1878679850160827,E,55.945879144857955,-3.1875679850160825,1679.4632437949047,1732.6696613383015
55.945879144857955,-3.1875679850160825,W,55.945879144857955,-3.1878679850160827,1679.4632437949047,1731.4196613383015
55.945879144857955,-3.1878679850160827,E,55.945879144857955,-3.1875679850160825,1679.4632437949047,1730.1696613383015
55.945879144857955,-3.1875679850160825,W,55.945879144857955,-3.1878679850160827,1679.4632437949047,1728.9196613383015
55.945879144857955,-3.1878679850160827,E,55.945879144857955,-3.1875679850160825,1679.4632437949047,1727.6696613383015
55.945879144857955,-3.1875679850160825,W,55.945879144857955,-3.1878679850160827,1679.4632437949047,1726.4196613383015
55.945879144857955,-3.1878679850160827,E,55.945879144857955,-3.1875679850160825,1679.4632437949047,1725.1696613383015
55.945879144857955,-3.1875679850160825,W,55.945879144857955,-3.1878679850160827,1679.4632437949047,1723.9196613383015
55.945879144857955,-3.1878679850160827,E,55.945879144857955,-3.1875679850160825,1679.4632437949047,1722.6696613383015
55.945879144857955,-3.1875679850160825,W,55.945879144857955,-3.1878679850160827,1679.4632437949047,1721.4196613383015
55.945879144857955,-3.1878679850160827,E,55.945879144857955,-3.1875679850160825,1679.4632437949047,1720.1696613383015
55.945879144857955,-3.1875679850160825,W,55.945879144857955,-3.1878679850160827,1679.4632437949047,1718.9196613383015
55.945879144857955,-3.1878679850160827,E,55.945879144857955,-3.1875679850160825,1679.4632437949047,1717.6696613383015
55.945879144857955,-3.1875679850160825,W,55.945879144857955,-3.1878679850160827,1679.4632437949047,1716.4196613383015
55.945879144857955,-3.1878679850160827,E,55.945879144857955,-3.1875679850160825,1679.4632437949047,1715.1696613383015
55.945879144857955,-3.1875679850160825,W,55.945879144857955,-3.1878679850160827,1679.4632437949047,1713.9196613383015
55.945879144857955,-3.1878679850160827,E,55.945879144857955,-3.1875679850160825,1679.4632437949047,1712.6696613383015
55.945879144857955,-3.1875679850160825,W,55.945879144857955,-3.1878679850160827,1679.4632437949047,1711.4196613383015
55.945879144857955,-3.1878679850160827,E,55.945879144857955,-3.1875679850160825,1679.4632437949047,1710.1696613383015
55.945879144857955,-3.1875679850160825,W,55.945879144857955,-3.1878679850160827,1679.4632437949047,1708.9196613383015
55.945879144857955,-3.1878679850160827,E,55.945879144857955,-3.1875679850160825,1679.4632437949047,1707.6696613383015
55.945879144857955,-3.1875679850160825,W,55.945879144857955,-3.1878679850160827,1679.4632437949047,1706.4196613383015
55.945879144857955,-3.1878679850160827,E,55.945879144857955,-3.1875679850160825,1679.4632437949047,1705.1696613383015
55.945879144857955,-3.1875679850160825,W,55.945879144857955,-3.1878679850160827,1679.4632437949047,1703.9196613383015
55.945879144857955,-3.1878679850160827,E,55.945879144857955,-3.1875679850160825,1679.4632437949047,1702.6696613383015
55.945879144857955,-3.1875679850160825,W,55.945879144857955,-3.1878679850160827,1679.4632437949047,1701.4196613383015
55.945879144857955,-3.1878679850160827,E,55.945879144857955,-3.1875679850160825,1679.4632437949047,1700.1696613383015
55.945879144857955,-3.1875679850160825,W,55.945879144857955,-3.1878679850160827,1679.4632437949047,1698.9196613383015
55.945879144857955,-3.1878679850160827,E,55.945879144857955,-3.1875679850160825,1679.4632437949047,1697.6696613383015
55.945879144857955,-3.1875679850160825,W,55.945879144857955,-3.1878679850160827,1679.4632437949047,1696.4196613383015
55.945879144857955,-3.1878679850160827,E,55.945879144857955,-3.1875679850160825,1679.4632437949047,1695.1696613383015
55.945879144857955,-3.1875679850160825,W,55.945879144857955,-3.1878679850160827,1679.4632437949047,1693.9196613383015
55.945879144857955,-3.1878679850160827,E,55.945879144857955,-3.1875679850160825,1679.4632437949047,1692.6696613383015
55.945879144857955,-3.1875679850160825,W,55.945879144857955,-3.1878679850160827,1679.4632437949047,1691.4196613383015
55.945879144857955,-3.1878679850160827,E,55.945879144857955,-3.1875679850160825,1679.4632437949047,1690.1696613383015
55.945879144857955,-3.1875679850160825,W,55.945879144857955,-3.1878679850160827,1679.4632437949047,1688.9196613383015
55.945879144857955,-3.1878679850160827,E,55.945879144857955,-3.1875679850160825,1679.4632437949047,1687.6696613383015
55.945879144857955,-3.1875679850160825,W,55.945879144857955,-3.1878679850160827,1679.4632437949047,1686.4196613383015
55.945879144857955,-3.1878679850160827,E,55.945879144857955,-3.1875679850160825,1679.4632437949047,1685.1696613383015
55.945879144857955,-3.1875679850160825,W,55.945879144857955,-3.1878679850160827,1679.4632437949047,1683.9196613383015
55.945879144857955,-3.1878679850160827,E,55.945879144857955,-3.1875679850160825,1679.4632437949047,1682.6696613383015
55.945879144857955,-3.1875679850160825,W,55.945879144857955,-3.1878679850160827,1679.4632437949047,1681.4196613383015
55.945879144857955,-3.1878679850160827,E,55.945879144857955,-3.1875679850160825,1679.4632437949047,1680.1696613383015
55.945879144857955,-3.1875679850160825,W,55.945879144857955,-3.1878679850160827,1679.4632437949047,1678.9196613383015
55.945879144857955,-3.1878679850160827,E,55.945879144857955,-3.1875679850160825,1679.4632437949047,1677.6696613383015
55.945879144857955,-3.1875679850160825,W,55.945879144857955,-3.1878679850160827,1679.4632437949047,1676.4196613383015
55.945879144857955,-3.1878679850160827,E,55.945879144857955,-3.1875679850160825,1679.4632437949047,1675.1696613383015
55.945879144857955,-3.1875679850160825,W,55.945879144857955,-3.1878679850160827,1679.4632437949047,1673.9196613383015
55.945879144857955,-3.1878679850160827,E,55.945879144857955,-3.1875679850160825,1679.4632437949047,1672.6696613383015
55.945879144857955,-3.1875679850160825,W,55.945879144857955,-3.1878679850160827,1679.4632437949047,1671.4196613383015
55.945879144857955,-3.1878679850160827,E,55.945879144857955,-3.1875679850160825,1679.4632437949047,1670.1696613383015
55.945879144857955,-3.1875679850160825,W,55.945879144857955,-3.1878679850160827,1679.4632437949047,1668.9196613383015
55.945879144857955,-3.1878679850160827,E,55.945879144857955,-3.1875679850160825,1679.4632437949047,1667.6696613383015
55.945879144857955,-3.1875679850160825,W,55.945879144857955,-3.1878679850160827,1679.4632437949047,1666.4196613383015
