55.944425,-3.188396,WNW,55.94453980502971,-3.1886731638597534,108.98490157087129,363.5735231557776
55.94453980502971,-3.1886731638597534,NW,55.94475193706407,-3.188885295894109,114.48024355968828,393.04683550275985
55.94475193706407,-3.188885295894109,WNW,55.94486674209378,-3.1891624597538626,196.6992024658307,420.64727227140213
55.94486674209378,-3.1891624597538626,NW,55.945078874128136,-3.1893745917882184,196.6992024658307,419.39727227140213
55.945078874128136,-3.1893745917882184,NW,55.94529100616249,-3.189586723822574,196.6992024658307,418.14727227140213
55.94529100616249,-3.189586723822574,NNW,55.94556817002225,-3.1897015288522836,316.829517770587,424.0083993055533
55.94556817002225,-3.1897015288522836,ENE,55.94568297505196,-3.1894243649925302,316.829517770587,422.7583993055533
55.94568297505196,-3.1894243649925302,ENE,55.94579778008167,-3.189147201132777,345.3443630076985,475.4761477742985
55.94579778008167,-3.189147201132777,NE,55.946009912116025,-3.188935069098421,438.68583383917087,564.9894666595421
55.946009912116025,-3.188935069098421,W,55.946009912116025,-3.1892350690984212,438.68583383917087,563.7394666595421
55.946009912116025,-3.1892350690984212,W,55.946009912116025,-3.1895350690984214,438.68583383917087,562.4894666595421
55.946009912116025,-3.1895350690984214,W,55.946009912116025,-3.1898350690984216,438.68583383917087,561.2394666595421
55.946009912116025,-3.1898350690984216,WNW,55.946124717145736,-3.190112232958175,489.52126895152537,640.5852023610545
55.946124717145736,-3.190112232958175,WSW,55.946009912116025,-3.1903893968179284,489.52126895152537,639.3352023610545
55.946009912116025,-3.1903893968179284,WSW,55.945895107086315,-3.190666560677682,489.52126895152537,638.0852023610545
55.945895107086315,-3.190666560677682,WSW,55.945780302056605,-3.1909437245374352,582.1692305546622,701.6265699907553
55.945780302056605,-3.1909437245374352,SW,55.94556817002225,-3.191155856571791,582.1692305546622,700.3765699907553
55.94556817002225,-3.191155856571791,SE,55.94535603798789,-3.1909437245374352,613.0735247519685,743.2131012044774
55.94535603798789,-3.1909437245374352,SE,55.945143905953536,-3.1907315925030795,613.0735247519685,741.9631012044774
55.945143905953536,-3.1907315925030795,SE,55.94493177391918,-3.1905194604687237,613.0735247519685,740.7131012044774
55.94493177391918,-3.1905194604687237,ESE,55.94481696888947,-3.1902422966089703,650.4051168236122,774.897588223989
55.94481696888947,-3.1902422966089703,SW,55.94460483685511,-3.190454428643326,650.4051168236122,773.647588223989
55.94460483685511,-3.190454428643326,SW,55.94439270482076,-3.190666560677682,650.4051168236122,772.397588223989
55.94439270482076,-3.190666560677682,SW,55.9441805727864,-3.1908786927120376,759.4420925675747,827.2001652070356
55.9441805727864,-3.1908786927120376,SW,55.943968440752045,-3.1910908247463934,759.4420925675747,825.9501652070356
55.943968440752045,-3.1910908247463934,SSW,55.94369127689229,-3.191205629776103,772.7886930732941,860.6541320207328
55.94369127689229,-3.191205629776103,SSW,55.94341411303253,-3.1913204348058124,887.549947504428,908.6248976391037
55.94341411303253,-3.1913204348058124,ESE,55.94329930800282,-3.191043270946059,887.549947504428,907.3748976391037
55.94329930800282,-3.191043270946059,ESE,55.94318450297311,-3.1907661070863056,887.549947504428,906.1248976391037
55.94318450297311,-3.1907661070863056,ESE,55.9430696979434,-3.190488943226552,999.6573639125819,1028.143743211798
55.9430696979434,-3.190488943226552,ENE,55.94318450297311,-3.190211779366799,999.6573639125819,1026.893743211798
55.94318450297311,-3.190211779366799,E,55.94318450297311,-3.1899117793667986,1010.806040560435,1129.031974856091
55.94318450297311,-3.1899117793667986,SSE,55.942907339113354,-3.189796974337089,1010.806040560435,1127.781974856091
55.942907339113354,-3.189796974337089,SE,55.942695207079,-3.1895848423027333,1023.467779368391,1153.3409733241206
55.942695207079,-3.1895848423027333,NE,55.942907339113354,-3.1893727102683775,1023.467779368391,1152.0909733241206
55.942907339113354,-3.1893727102683775,NE,55.94311947114771,-3.1891605782340218,1023.467779368391,1150.8409733241206
55.94311947114771,-3.1891605782340218,NE,55.94333160318207,-3.188948446199666,1023.467779368391,1149.5909733241206
55.94333160318207,-3.188948446199666,NE,55.94354373521642,-3.1887363141653102,1023.467779368391,1148.3409733241206
55.94354373521642,-3.1887363141653102,NNE,55.94382089907618,-3.1886215091356007,1117.9215689962527,1194.7745208421575
55.94382089907618,-3.1886215091356007,E,55.94382089907618,-3.1883215091356005,1236.432165401887,1245.463809734568
55.94382089907618,-3.1883215091356005,E,55.94382089907618,-3.1880215091356003,1236.432165401887,1244.213809734568
55.94382089907618,-3.1880215091356003,E,55.94382089907618,-3.1877215091356,1332.6424744058909,1298.5734894049044
55.94382089907618,-3.1877215091356,NE,55.944033031110536,-3.1875093771012444,1332.6424744058909,1297.3234894049044
55.944033031110536,-3.1875093771012444,NE,55.94424516314489,-3.1872972450668886,1414.9112473358953,1327.6032690104398
55.94424516314489,-3.1872972450668886,ESE,55.94413035811518,-3.187020081207135,1414.9112473358953,1326.3532690104398
55.94413035811518,-3.187020081207135,SE,55.943918226080825,-3.1868079491727794,1516.508615104733,1354.1414256620674
55.943918226080825,-3.1868079491727794,SSE,55.94364106222107,-3.18669314414307,1597.9378090972032,1354.790081486184
55.94364106222107,-3.18669314414307,SW,55.94342893018671,-3.1869052761774257,1597.9378090972032,1353.540081486184
55.94342893018671,-3.1869052761774257,SW,55.943216798152356,-3.1871174082117815,1597.9378090972032,1352.290081486184
55.943216798152356,-3.1871174082117815,SW,55.943004666118,-3.1873295402461372,1597.9378090972032,1351.040081486184
55.943004666118,-3.1873295402461372,SW,55.942792534083644,-3.187541672280493,1610.991856330143,1426.922509262245
55.942792534083644,-3.187541672280493,N,55.94309253408365,-3.187541672280493,1610.991856330143,1425.672509262245
55.94309253408365,-3.187541672280493,N,55.94339253408365,-3.187541672280493,1610.991856330143,1424.422509262245
55.94339253408365,-3.187541672280493,N,55.94369253408365,-3.187541672280493,1610.991856330143,1423.172509262245
55.94369253408365,-3.187541672280493,N,55.943992534083655,-3.187541672280493,1610.991856330143,1421.922509262245
55.943992534083655,-3.187541672280493,N,55.94429253408366,-3.187541672280493,1610.991856330143,1420.672509262245
55.94429253408366,-3.187541672280493,NNW,55.944569697943415,-3.1876564773102025,1610.991856330143,1419.422509262245
55.944569697943415,-3.1876564773102025,N,55.94486969794342,-3.1876564773102025,1657.3959690475433,1498.7291139447743
55.94486969794342,-3.1876564773102025,NNE,55.945146861803174,-3.187541672280493,1657.3959690475433,1497.4791139447743
55.945146861803174,-3.187541672280493,NNE,55.94542402566293,-3.1874268672507835,1687.2674774390457,1605.2632397502848
55.94542402566293,-3.1874268672507835,ESE,55.94530922063322,-3.18714970339103,1687.2674774390457,1604.0132397502848
55.94530922063322,-3.18714970339103,E,55.94530922063322,-3.18684970339103,1687.2674774390457,1602.7632397502848
55.94530922063322,-3.18684970339103,ESE,55.94519441560351,-3.1865725395312765,1687.2674774390457,1601.5132397502848
55.94519441560351,-3.1865725395312765,E,55.94519441560351,-3.1862725395312763,1687.2674774390457,1600.2632397502848
55.94519441560351,-3.1862725395312763,ESE,55.9450796105738,-3.185995375671523,1709.3299189266565,1607.5544239829428
55.9450796105738,-3.185995375671523,E,55.9450796105738,-3.1856953756715227,1785.0182664463293,1692.8496009794428
55.9450796105738,-3.1856953756715227,SE,55.94486747853944,-3.185483243637167,1785.0182664463293,1691.5996009794428
55.94486747853944,-3.185483243637167,S,55.94456747853944,-3.185483243637167,1785.0182664463293,1690.3496009794428
55.94456747853944,-3.185483243637167,SE,55.944355346505084,-3.185271111602811,1830.8654170258928,1814.070638614965
55.944355346505084,-3.185271111602811,E,55.944355346505084,-3.184971111602811,1830.8654170258928,1812.820638614965
55.944355346505084,-3.184971111602811,ENE,55.944470151534794,-3.1846939477430576,1894.3096801464492,1919.9825080318735
55.944470151534794,-3.1846939477430576,N,55.9447701515348,-3.1846939477430576,1894.3096801464492,1918.7325080318735
55.9447701515348,-3.1846939477430576,N,55.9450701515348,-3.1846939477430576,1894.3096801464492,1917.4825080318735
55.9450701515348,-3.1846939477430576,N,55.9453701515348,-3.1846939477430576,1894.3096801464492,1916.2325080318735
55.9453701515348,-3.1846939477430576,NNE,55.94564731539456,-3.184579142713348,1894.3096801464492,1914.9825080318735
55.94564731539456,-3.184579142713348,N,55.94594731539456,-3.184579142713348,1934.107981603653,2021.8647197804953
55.94594731539456,-3.184579142713348,W,55.94594731539456,-3.1848791427133483,1934.107981603653,2020.6147197804953
55.94594731539456,-3.1848791427133483,W,55.94594731539456,-3.1851791427133485,1934.107981603653,2019.3647197804953
55.94594731539456,-3.1851791427133485,WNW,55.94606212042427,-3.185456306573102,1957.4105149133661,2139.151452928537
55.94606212042427,-3.185456306573102,S,55.94576212042427,-3.185456306573102,1957.4105149133661,2137.901452928537
55.94576212042427,-3.185456306573102,S,55.94546212042427,-3.185456306573102,1957.4105149133661,2136.651452928537
55.94546212042427,-3.185456306573102,S,55.945162120424264,-3.185456306573102,1957.4105149133661,2135.401452928537
55.945162120424264,-3.185456306573102,S,55.94486212042426,-3.185456306573102,1957.4105149133661,2134.151452928537
55.94486212042426,-3.185456306573102,S,55.94456212042426,-3.185456306573102,1957.4105149133661,2132.901452928537
55.94456212042426,-3.185456306573102,S,55.944262120424256,-3.185456306573102,1957.4105149133661,2131.651452928537
55.944262120424256,-3.185456306573102,S,55.94396212042425,-3.185456306573102,1957.4105149133661,2130.401452928537
55.94396212042425,-3.185456306573102,SSE,55.943684956564496,-3.1853415015433924,1957.4105149133661,2129.151452928537
55.943684956564496,-3.1853415015433924,SW,55.94347282453014,-3.185553633577748,1957.4105149133661,2127.901452928537
55.94347282453014,-3.185553633577748,S,55.94317282453014,-3.185553633577748,1957.4105149133661,2126.651452928537
55.94317282453014,-3.185553633577748,SE,55.94296069249578,-3.1853415015433924,1957.8117166217273,2213.461581772193
55.94296069249578,-3.1853415015433924,ESE,55.94284588746607,-3.185064337683639,1957.8117166217273,2212.211581772193
55.94284588746607,-3.185064337683639,ESE,55.94273108243636,-3.1847871738238855,1957.8117166217273,2210.961581772193
55.94273108243636,-3.1847871738238855,E,55.94273108243636,-3.1844871738238854,2037.728856726224,2262.031121609486
55.94273108243636,-3.1844871738238854,WNW,55.94284588746607,-3.1847643376836388,2037.728856726224,2260.781121609486
55.94284588746607,-3.1847643376836388,WNW,55.94296069249578,-3.185041501543392,2037.728856726224,2259.531121609486
55.94296069249578,-3.185041501543392,W,55.94296069249578,-3.1853415015433924,2037.728856726224,2258.281121609486
55.94296069249578,-3.1853415015433924,WNW,55.94307549752549,-3.1856186654031458,2037.728856726224,2257.031121609486
55.94307549752549,-3.1856186654031458,WNW,55.9431903025552,-3.185895829262899,2037.728856726224,2255.781121609486
55.9431903025552,-3.185895829262899,SW,55.942978170520846,-3.186107961297255,2037.728856726224,2254.531121609486
55.942978170520846,-3.186107961297255,N,55.94327817052085,-3.186107961297255,2037.728856726224,2253.281121609486
55.94327817052085,-3.186107961297255,WNW,55.94339297555056,-3.1863851251570083,2037.728856726224,2252.031121609486
55.94339297555056,-3.1863851251570083,SW,55.9431808435162,-3.186597257191364,2037.728856726224,2250.781121609486
55.9431808435162,-3.186597257191364,WNW,55.94329564854591,-3.1868744210511175,2037.728856726224,2249.531121609486
55.94329564854591,-3.1868744210511175,WNW,55.94341045357562,-3.187151584910871,2037.728856726224,2248.281121609486
55.94341045357562,-3.187151584910871,WNW,55.943525258605334,-3.1874287487706243,2037.728856726224,2247.031121609486
55.943525258605334,-3.1874287487706243,WNW,55.943640063635044,-3.1877059126303777,2037.728856726224,2245.781121609486
55.943640063635044,-3.1877059126303777,WNW,55.943754868664755,-3.187983076490131,2037.728856726224,2244.531121609486
55.943754868664755,-3.187983076490131,WNW,55.943869673694465,-3.1882602403498845,2037.728856726224,2243.281121609486
55.943869673694465,-3.1882602403498845,WNW,55.943984478724175,-3.188537404209638,2037.728856726224,2242.031121609486
55.943984478724175,-3.188537404209638,N,55.94428447872418,-3.188537404209638,2037.728856726224,2240.781121609486
55.94428447872418,-3.188537404209638,WNW,55.94439928375389,-3.1888145680693913,2037.728856726224,2239.531121609486
55.94439928375389,-3.1888145680693913,WNW,55.9445140887836,-3.1890917319291447,2037.728856726224,2238.281121609486
55.9445140887836,-3.1890917319291447,WNW,55.94462889381331,-3.189368895788898,2037.728856726224,2237.031121609486
55.94462889381331,-3.189368895788898,W,55.94462889381331,-3.1896688957888983,2037.728856726224,2235.781121609486
55.94462889381331,-3.1896688957888983,WNW,55.94474369884302,-3.1899460596486517,2037.728856726224,2234.531121609486
55.94474369884302,-3.1899460596486517,W,55.94474369884302,-3.190246059648652,2037.728856726224,2233.281121609486
55.94474369884302,-3.190246059648652,WNW,55.94485850387273,-3.1905232235084053,2037.728856726224,2232.031121609486
55.94485850387273,-3.1905232235084053,ENE,55.94497330890244,-3.190246059648652,2037.728856726224,2230.781121609486
55.94497330890244,-3.190246059648652,N,55.94527330890244,-3.190246059648652,2037.728856726224,2229.531121609486
55.94527330890244,-3.190246059648652,WSW,55.94515850387273,-3.1905232235084053,2037.728856726224,2228.281121609486
55.94515850387273,-3.1905232235084053,W,55.94515850387273,-3.1908232235084055,2037.728856726224,2227.031121609486
55.94515850387273,-3.1908232235084055,WSW,55.94504369884302,-3.191100387368159,2037.728856726224,2225.781121609486
55.94504369884302,-3.191100387368159,W,55.94504369884302,-3.191400387368159,2037.728856726224,2224.531121609486
55.94504369884302,-3.191400387368159,WSW,55.94492889381331,-3.1916775512279125,2037.728856726224,2223.281121609486
55.94492889381331,-3.1916775512279125,W,55.94492889381331,-3.1919775512279127,2135.7062412583073,2306.2843639279304
55.94492889381331,-3.1919775512279127,N,55.945228893813315,-3.1919775512279127,2237.135375357413,2354.14167436317
55.945228893813315,-3.1919775512279127,NW,55.94544102584767,-3.1921896832622685,2302.529310108725,2468.0106391908753
55.94544102584767,-3.1921896832622685,WSW,55.94532622081796,-3.192466847122022,2316.160027681401,2474.924695020143
55.94532622081796,-3.192466847122022,NE,55.94553835285232,-3.192254715087666,2316.160027681401,2473.674695020143
55.94553835285232,-3.192254715087666,SSW,55.94526118899256,-3.1923695201173756,2316.160027681401,2472.424695020143
55.94526118899256,-3.1923695201173756,N,55.94556118899256,-3.1923695201173756,2392.7982312427607,2563.0809496269494
55.94556118899256,-3.1923695201173756,SSE,55.94528402513281,-3.192254715087666,2392.7982312427607,2561.8309496269494
55.94528402513281,-3.192254715087666,SSW,55.94500686127305,-3.1923695201173756,2452.4060486678195,2582.2730935164004
55.94500686127305,-3.1923695201173756,NNE,55.94528402513281,-3.192254715087666,2452.4060486678195,2581.0230935164004
55.94528402513281,-3.192254715087666,SSW,55.94500686127305,-3.1923695201173756,2452.4060486678195,2579.7730935164004
55.94500686127305,-3.1923695201173756,NNE,55.94528402513281,-3.192254715087666,2452.4060486678195,2578.5230935164004
55.94528402513281,-3.192254715087666,SSW,55.94500686127305,-3.1923695201173756,2452.4060486678195,2577.2730935164004
55.94500686127305,-3.1923695201173756,NNE,55.94528402513281,-3.192254715087666,2452.4060486678195,2576.0230935164004
55.94528402513281,-3.192254715087666,SSW,55.94500686127305,-3.1923695201173756,2452.4060486678195,2574.7730935164004
55.94500686127305,-3.1923695201173756,NNE,55.94528402513281,-3.192254715087666,2452.4060486678195,2573.5230935164004
55.94528402513281,-3.192254715087666,SSW,55.94500686127305,-3.1923695201173756,2452.4060486678195,2572.2730935164004
55.94500686127305,-3.1923695201173756,NNE,55.94528402513281,-3.192254715087666,2452.4060486678195,2571.0230935164004
55.94528402513281,-3.192254715087666,SSW,55.94500686127305,-3.1923695201173756,2452.4060486678195,2569.7730935164004
55.94500686127305,-3.1923695201173756,NNE,55.94528402513281,-3.192254715087666,2452.4060486678195,2568.5230935164004
55.94528402513281,-3.192254715087666,SSW,55.94500686127305,-3.1923695201173756,2452.4060486678195,2567.2730935164004
55.94500686127305,-3.1923695201173756,NNE,55.94528402513281,-3.192254715087666,2452.4060486678195,2566.0230935164004
55.94528402513281,-3.192254715087666,SSW,55.94500686127305,-3.1923695201173756,2452.4060486678195,2564.7730935164004
55.94500686127305,-3.1923695201173756,NNE,55.94528402513281,-3.192254715087666,2452.4060486678195,2563.5230935164004
55.94528402513281,-3.192254715087666,SSW,55.94500686127305,-3.1923695201173756,2452.4060486678195,2562.2730935164004
55.94500686127305,-3.1923695201173756,NNE,55.94528402513281,-3.192254715087666,2452.4060486678195,2561.0230935164004
55.94528402513281,-3.192254715087666,SSW,55.94500686127305,-3.1923695201173756,2452.4060486678195,2559.7730935164004
55.94500686127305,-3.1923695201173756,NNE,55.94528402513281,-3.192254715087666,2452.4060486678195,2558.5230935164004
55.94528402513281,-3.192254715087666,SSW,55.94500686127305,-3.1923695201173756,2452.4060486678195,2557.2730935164004
55.94500686127305,-3.1923695201173756,NNE,55.94528402513281,-3.192254715087666,2452.4060486678195,2556.0230935164004
55.94528402513281,-3.192254715087666,SSW,55.94500686127305,-3.1923695201173756,2452.4060486678195,2554.7730935164004
55.94500686127305,-3.1923695201173756,NNE,55.94528402513281,-3.192254715087666,2452.4060486678195,2553.5230935164004
55.94528402513281,-3.192254715087666,SSW,55.94500686127305,-3.1923695201173756,2452.4060486678195,2552.2730935164004
55.94500686127305,-3.1923695201173756,NNE,55.94528402513281,-3.192254715087666,2452.4060486678195,2551.0230935164004
55.94528402513281,-3.192254715087666,SSW,55.94500686127305,-3.1923695201173756,2452.4060486678195,2549.7730935164004
55.94500686127305,-3.1923695201173756,NNE,55.94528402513281,-3.192254715087666,2452.4060486678195,2548.5230935164004
55.94528402513281,-3.192254715087666,SSW,55.94500686127305,-3.1923695201173756,2452.4060486678195,2547.2730935164004
55.94500686127305,-3.1923695201173756,NNE,55.94528402513281,-3.192254715087666,2452.4060486678195,2546.0230935164004
55.94528402513281,-3.192254715087666,SSW,55.94500686127305,-3.1923695201173756,2452.4060486678195,2544.7730935164004
55.94500686127305,-3.1923695201173756,NNE,55.94528402513281,-3.192254715087666,2452.4060486678195,2543.5230935164004
55.94528402513281,-3.192254715087666,SSW,55.94500686127305,-3.1923695201173756,2452.4060486678195,2542.2730935164004
55.94500686127305,-3.1923695201173756,NNE,55.94528402513281,-3.192254715087666,2452.4060486678195,2541.0230935164004
55.94528402513281,-3.192254715087666,SSW,55.94500686127305,-3.1923695201173756,2452.4060486678195,2539.7730935164004
55.94500686127305,-3.1923695201173756,NNE,55.94528402513281,-3.192254715087666,2452.4060486678195,2538.5230935164004
55.94528402513281,-3.192254715087666,SSW,55.94500686127305,-3.1923695201173756,2452.4060486678195,2537.2730935164004
55.94500686127305,-3.1923695201173756,NNE,55.94528402513281,-3.192254715087666,2452.4060486678195,2536.0230935164004
55.94528402513281,-3.192254715087666,SSW,55.94500686127305,-3.1923695201173756,2452.4060486678195,2534.7730935164004
55.94500686127305,-3.1923695201173756,NNE,55.94528402513281,-3.192254715087666,2452.4060486678195,2533.5230935164004
55.94528402513281,-3.192254715087666,SSW,55.94500686127305,-3.1923695201173756,2452.4060486678195,2532.2730935164004
55.94500686127305,-3.1923695201173756,NNE,55.94528402513281,-3.192254715087666,2452.4060486678195,2531.0230935164004
55.94528402513281,-3.192254715087666,SSW,55.94500686127305,-3.1923695201173756,2452.4060486678195,2529.7730935164004
55.94500686127305,-3.1923695201173756,NNE,55.94528402513281,-3.192254715087666,2452.4060486678195,2528.5230935164004
55.94528402513281,-3.192254715087666,SSW,55.94500686127305,-3.1923695201173756,2452.4060486678195,2527.2730935164004
55.94500686127305,-3.1923695201173756,NNE,55.94528402513281,-3.192254715087666,2452.4060486678195,2526.0230935164004
55.94528402513281,-3.192254715087666,SSW,55.94500686127305,-3.1923695201173756,2452.4060486678195,2524.7730935164004
55.94500686127305,-3.1923695201173756,NNE,55.94528402513281,-3.192254715087666,2452.4060486678195,2523.5230935164004
55.94528402513281,-3.192254715087666,SSW,55.94500686127305,-3.1923695201173756,2452.4060486678195,2522.2730935164004
55.94500686127305,-3.1923695201173756,NNE,55.94528402513281,-3.192254715087666,2452.4060486678195,2521.0230935164004
55.94528402513281,-3.192254715087666,SSW,55.94500686127305,-3.1923695201173756,2452.4060486678195,2519.7730935164004
55.94500686127305,-3.1923695201173756,NNE,55.94528402513281,-3.192254715087666,2452.4060486678195,2518.5230935164004
55.94528402513281,-3.192254715087666,SSW,55.94500686127305,-3.1923695201173756,2452.4060486678195,2517.2730935164004
55.94500686127305,-3.1923695201173756,NNE,55.94528402513281,-3.192254715087666,2452.4060486678195,2516.0230935164004
55.94528402513281,-3.192254715087666,SSW,55.94500686127305,-3.1923695201173756,2452.4060486678195,2514.7730935164004
55.94500686127305,-3.1923695201173756,NNE,55.94528402513281,-3.192254715087666,2452.4060486678195,2513.5230935164004
55.94528402513281,-3.192254715087666,SSW,55.94500686127305,-3.1923695201173756,2452.4060486678195,2512.2730935164004
55.94500686127305,-3.1923695201173756,NNE,55.94528402513281,-3.192254715087666,2452.4060486678195,2511.0230935164004
55.94528402513281,-3.192254715087666,SSW,55.94500686127305,-3.1923695201173756,2452.4060486678195,2509.7730935164004
55.94500686127305,-3.1923695201173756,NNE,55.94528402513281,-3.192254715087666,2452.4060486678195,2508.5230935164004
55.94528402513281,-3.192254715087666,SSW,55.94500686127305,-3.1923695201173756,2452.4060486678195,2507.2730935164004
55.94500686127305,-3.1923695201173756,NNE,55.94528402513281,-3.192254715087666,2452.4060486678195,2506.0230935164004
55.94528402513281,-3.192254715087666,SSW,55.94500686127305,-3.1923695201173756,2452.4060486678195,2504.7730935164004
55.94500686127305,-3.1923695201173756,NNE,55.94528402513281,-3.192254715087666,2452.4060486678195,2503.5230935164004
55.94528402513281,-3.192254715087666,SSW,55.94500686127305,-3.1923695201173756,2452.4060486678195,2502.2730935164004
55.94500686127305,-3.1923695201173756,NNE,55.94528402513281,-3.192254715087666,2452.4060486678195,2501.0230935164004
55.94528402513281,-3.192254715087666,SSW,55.94500686127305,-3.1923695201173756,2452.4060486678195,2499.7730935164004
55.94500686127305,-3.1923695201173756,NNE,55.94528402513281,-3.192254715087666,2452.4060486678195,2498.5230935164004
55.94528402513281,-3.192254715087666,SSW,55.94500686127305,-3.1923695201173756,2452.4060486678195,2497.2730935164004
55.94500686127305,-3.1923695201173756,NNE,55.94528402513281,-3.192254715087666,2452.4060486678195,2496.0230935164004
55.94528402513281,-3.192254715087666,SSW,55.94500686127305,-3.1923695201173756,2452.4060486678195,2494.7730935164004
55.94500686127305,-3.1923695201173756,NNE,55.94528402513281,-3.192254715087666,2452.4060486678195,2493.5230935164004
55.94528402513281,-3.192254715087666,SSW,55.94500686127305,-3.1923695201173756,2452.4060486678195,2492.2730935164004
55.94500686127305,-3.1923695201173756,NNE,55.94528402513281,-3.192254715087666,2452.4060486678195,2491.0230935164004
55.94528402513281,-3.192254715087666,SSW,55.94500686127305,-3.1923695201173756,2452.4060486678195,2489.7730935164004
55.94500686127305,-3.1923695201173756,NNE,55.94528402513281,-3.192254715087666,2452.4060486678195,2488.5230935164004
55.94528402513281,-3.192254715087666,SSW,55.94500686127305,-3.1923695201173756,2452.4060486678195,2487.2730935164004
55.94500686127305,-3.1923695201173756,NNE,55.94528402513281,-3.192254715087666,2452.4060486678195,2486.0230935164004
55.94528402513281,-3.192254715087666,SSW,55.94500686127305,-3.1923695201173756,2452.4060486678195,2484.7730935164004
55.94500686127305,-3.1923695201173756,NNE,55.94528402513281,-3.192254715087666,2452.4060486678195,2483.5230935164004
55.94528402513281,-3.192254715087666,SSW,55.94500686127305,-3.1923695201173756,2452.4060486678195,2482.2730935164004
55.94500686127305,-3.1923695201173756,NNE,55.94528402513281,-3.192254715087666,2452.4060486678195,2481.0230935164004
55.94528402513281,-3.192254715087666,SSW,55.94500686127305,-3.1923695201173756,2452.4060486678195,2479.7730935164004
55.94500686127305,-3.1923695201173756,NNE,55.94528402513281,-3.192254715087666,2452.4060486678195,2478.5230935164004
55.94528402513281,-3.192254715087666,SSW,55.94500686127305,-3.1923695201173756,2452.4060486678195,2477.2730935164004
55.94500686127305,-3.1923695201173756,NNE,55.94528402513281,-3.192254715087666,2452.4060486678195,2476.0230935164004
55.94528402513281,-3.192254715087666,SSW,55.94500686127305,-3.1923695201173756,2452.4060486678195,2474.7730935164004
55.94500686127305,-3.1923695201173756,NNE,55.94528402513281,-3.192254715087666,2452.4060486678195,2473.5230935164004
55.94528402513281,-3.192254715087666,SSW,55.94500686127305,-3.1923695201173756,2452.4060486678195,2472.2730935164004
55.94500686127305,-3.1923695201173756,NNE,55.94528402513281,-3.192254715087666,2452.4060486678195,2471.0230935164004
55.94528402513281,-3.192254715087666,SSW,55.94500686127305,-3.1923695201173756,2452.4060486678195,2469.7730935164004
55.94500686127305,-3.1923695201173756,NNE,55.94528402513281,-3.192254715087666,2452.4060486678195,2468.5230935164004
55.94528402513281,-3.192254715087666,SSW,55.94500686127305,-3.1923695201173756,2452.4060486678195,2467.2730935164004
55.94500686127305,-3.1923695201173756,NNE,55.94528402513281,-3.192254715087666,2452.4060486678195,2466.0230935164004
55.94528402513281,-3.192254715087666,SSW,55.94500686127305,-3.1923695201173756,2452.4060486678195,2464.7730935164004
55.94500686127305,-3.1923695201173756,NNE,55.94528402513281,-3.192254715087666,2452.4060486678195,2463.5230935164004
55.94528402513281,-3.192254715087666,SSW,55.94500686127305,-3.1923695201173756,2452.4060486678195,2462.2730935164004
55.94500686127305,-3.1923695201173756,NNE,55.94528402513281,-3.192254715087666,2452.4060486678195,2461.0230935164004
55.94528402513281,-3.192254715087666,SSW,55.94500686127305,-3.1923695201173756,2452.4060486678195,2459.7730935164004
55.94500686127305,-3.1923695201173756,NNE,55.94528402513281,-3.192254715087666,2452.4060486678195,2458.5230935164004
55.94528402513281,-3.192254715087666,SSW,55.94500686127305,-3.1923695201173756,2452.4060486678195,2457.2730935164004
55.94500686127305,-3.1923695201173756,NNE,55.94528402513281,-3.192254715087666,2452.4060486678195,2456.0230935164004
55.94528402513281,-3.192254715087666,SSW,55.94500686127305,-3.1923695201173756,2452.4060486678195,2454.7730935164004
55.94500686127305,-3.1923695201173756,NNE,55.94528402513281,-3.192254715087666,2452.4060486678195,2453.5230935164004
55.94528402513281,-3.192254715087666,SSW,55.94500686127305,-3.1923695201173756,2452.4060486678195,2452.2730935164004
55.94500686127305,-3.1923695201173756,NNE,55.94528402513281,-3.192254715087666,2452.4060486678195,2451.0230935164004
55.94528402513281,-3.192254715087666,SSW,55.94500686127305,-3.1923695201173756,2452.4060486678195,2449.7730935164004
55.94500686127305,-3.1923695201173756,NNE,55.94528402513281,-3.192254715087666,2452.4060486678195,2448.5230935164004
55.94528402513281,-3.192254715087666,SSW,55.94500686127305,-3.1923695201173756,2452.4060486678195,2447.2730935164004
55.94500686127305,-3.1923695201173756,NNE,55.94528402513281,-3.192254715087666,2452.4060486678195,2446.0230935164004
55.94528402513281,-3.192254715087666,SSW,55.94500686127305,-3.1923695201173756,2452.4060486678195,2444.7730935164004
55.94500686127305,-3.1923695201173756,NNE,55.94528402513281,-3.192254715087666,2452.4060486678195,2443.5230935164004
55.94528402513281,-3.192254715087666,SSW,55.94500686127305,-3.1923695201173756,2452.4060486678195,2442.2730935164004
55.94500686127305,-3.1923695201173756,NNE,55.94528402513281,-3.192254715087666,2452.4060486678195,2441.0230935164004
55.94528402513281,-3.192254715087666,SSW,55.94500686127305,-3.1923695201173756,2452.4060486678195,2439.7730935164004
55.94500686127305,-3.1923695201173756,NNE,55.94528402513281,-3.192254715087666,2452.4060486678195,2438.5230935164004
55.94528402513281,-3.192254715087666,SSW,55.94500686127305,-3.1923695201173756,2452.4060486678195,2437.2730935164004
55.94500686127305,-3.1923695201173756,NNE,55.94528402513281,-3.192254715087666,2452.4060486678195,2436.0230935164004
