55.944425,-3.188396,NNE,55.94470216385976,-3.1882811949702905,16.001678943171893,256.5029863857658
55.94470216385976,-3.1882811949702905,S,55.944402163859756,-3.1882811949702905,16.001678943171893,255.25298638576578
55.944402163859756,-3.1882811949702905,SSW,55.944125,-3.188396,16.001678943171893,254.00298638576578
55.944125,-3.188396,S,55.943825,-3.188396,48.27992950498485,327.1583904715064
55.943825,-3.188396,W,55.943825,-3.188696,48.27992950498485,325.9083904715064
55.943825,-3.188696,W,55.943825,-3.1889960000000004,48.27992950498485,324.6583904715064
55.943825,-3.1889960000000004,W,55.943825,-3.1892960000000006,127.16898994561808,379.6683966607109
55.943825,-3.1892960000000006,WNW,55.94393980502971,-3.189573163859754,127.16898994561808,378.4183966607109
55.94393980502971,-3.189573163859754,WNW,55.94405461005942,-3.1898503277195074,154.2155908399485,453.9246228213266
55.94405461005942,-3.1898503277195074,WNW,55.94416941508913,-3.190127491579261,277.68494885771383,570.6703278496591
55.94416941508913,-3.190127491579261,ENE,55.94428422011884,-3.1898503277195074,320.0450360568707,589.5294212418652
55.94428422011884,-3.1898503277195074,NE,55.944496352153195,-3.1896381956851516,320.0450360568707,588.2794212418652
55.944496352153195,-3.1896381956851516,ENE,55.944611157182905,-3.189361031825398,357.5236040639828,674.9201590164073
55.944611157182905,-3.189361031825398,NNW,55.94488832104266,-3.1894758368551077,357.5236040639828,673.6701590164073
55.94488832104266,-3.1894758368551077,NW,55.94510045307702,-3.1896879688894635,357.5236040639828,672.4201590164073
55.94510045307702,-3.1896879688894635,NNW,55.945377616936774,-3.189802773919173,462.3161945813194,733.6551007097409
55.945377616936774,-3.189802773919173,NNW,55.94565478079653,-3.1899175789488825,462.3161945813194,732.4051007097409
55.94565478079653,-3.1899175789488825,NNW,55.94593194465629,-3.190032383978592,485.40657550074354,812.1507950493814
55.94593194465629,-3.190032383978592,E,55.94593194465629,-3.189732383978592,485.40657550074354,810.9007950493814
55.94593194465629,-3.189732383978592,E,55.94593194465629,-3.1894323839785916,485.40657550074354,809.6507950493814
55.94593194465629,-3.1894323839785916,E,55.94593194465629,-3.1891323839785914,485.40657550074354,808.4007950493814
55.94593194465629,-3.1891323839785914,ENE,55.946046749686,-3.188855220118838,485.40657550074354,807.1507950493814
55.946046749686,-3.188855220118838,E,55.946046749686,-3.188555220118838,485.40657550074354,805.9007950493814
55.946046749686,-3.188555220118838,ENE,55.94616155471571,-3.1882780562590844,493.74561916429866,917.0193941594013
55.94616155471571,-3.1882780562590844,SE,55.94594942268135,-3.1880659242247287,493.74561916429866,915.7693941594013
55.94594942268135,-3.1880659242247287,SE,55.945737290646996,-3.187853792190373,493.74561916429866,914.5193941594013
55.945737290646996,-3.187853792190373,SE,55.94552515861264,-3.187641660156017,493.74561916429866,913.2693941594013
55.94552515861264,-3.187641660156017,SE,55.94531302657828,-3.1874295281216614,493.74561916429866,912.0193941594013
55.94531302657828,-3.1874295281216614,ESE,55.94519822154857,-3.187152364261908,493.74561916429866,910.7693941594013
55.94519822154857,-3.187152364261908,SE,55.94498608951422,-3.186940232227552,493.74561916429866,909.5193941594013
55.94498608951422,-3.186940232227552,ESE,55.944871284484506,-3.186663068367799,578.3039624482756,933.8930684842245
55.944871284484506,-3.186663068367799,NE,55.94508341651886,-3.186450936333443,578.3039624482756,932.6430684842245
55.94508341651886,-3.186450936333443,NE,55.94529554855322,-3.1862388042990872,696.3109151771444,1048.0515681501129
55.94529554855322,-3.1862388042990872,ESE,55.94518074352351,-3.185961640439334,696.3109151771444,1046.8015681501129
55.94518074352351,-3.185961640439334,ENE,55.94529554855322,-3.1856844765795804,696.3109151771444,1045.5515681501129
55.94529554855322,-3.1856844765795804,E,55.94529554855322,-3.1853844765795802,727.7718246160505,1054.797102287624
55.94529554855322,-3.1853844765795802,SE,55.94508341651886,-3.1851723445452245,727.7718246160505,1053.547102287624
55.94508341651886,-3.1851723445452245,SSE,55.944806252659106,-3.185057539515515,822.7221746481814,1151.4604365258915
55.944806252659106,-3.185057539515515,NE,55.94501838469346,-3.184845407481159,822.7221746481814,1150.2104365258915
55.94501838469346,-3.184845407481159,ENE,55.94513318972317,-3.184568243621406,908.1458298217476,1175.439403056669
55.94513318972317,-3.184568243621406,NNW,55.94541035358293,-3.1846830486511153,908.1458298217476,1174.189403056669
55.94541035358293,-3.1846830486511153,NW,55.945622485617285,-3.184895180685471,926.8195938415814,1293.905544797059
55.945622485617285,-3.184895180685471,SSW,55.94534532175753,-3.1850099857151806,926.8195938415814,1292.655544797059
55.94534532175753,-3.1850099857151806,SSW,55.94506815789777,-3.18512479074489,926.8195938415814,1291.405544797059
55.94506815789777,-3.18512479074489,SSW,55.944790994038016,-3.1852395957745996,926.8195938415814,1290.155544797059
55.944790994038016,-3.1852395957745996,S,55.94449099403801,-3.1852395957745996,926.8195938415814,1288.905544797059
55.94449099403801,-3.1852395957745996,SSW,55.944213830178256,-3.185354400804309,926.8195938415814,1287.655544797059
55.944213830178256,-3.185354400804309,S,55.94391383017825,-3.185354400804309,1043.3833160677827,1314.3725568208133
55.94391383017825,-3.185354400804309,SW,55.9437016981439,-3.185566532838665,1043.3833160677827,1313.1225568208133
55.9437016981439,-3.185566532838665,WNW,55.94381650317361,-3.1858436966984183,1043.3833160677827,1311.8725568208133
55.94381650317361,-3.1858436966984183,WNW,55.94393130820332,-3.1861208605581717,1094.0981304621373,1382.6727023711285
55.94393130820332,-3.1861208605581717,SW,55.94371917616896,-3.1863329925925274,1164.4828707199322,1497.8511596332437
55.94371917616896,-3.1863329925925274,NNW,55.94399634002872,-3.186447797622237,1278.6133005349625,1581.1548740580083
55.94399634002872,-3.186447797622237,W,55.94399634002872,-3.186747797622237,1278.6133005349625,1579.9048740580083
55.94399634002872,-3.186747797622237,WNW,55.94411114505843,-3.1870249614819905,1378.3443911121472,1638.698392893973
55.94411114505843,-3.1870249614819905,SE,55.94389901302407,-3.1868128294476348,1378.3443911121472,1637.448392893973
55.94389901302407,-3.1868128294476348,SE,55.943686880989716,-3.186600697413279,1378.3443911121472,1636.198392893973
55.943686880989716,-3.186600697413279,SE,55.94347474895536,-3.1863885653789232,1378.3443911121472,1634.948392893973
55.94347474895536,-3.1863885653789232,SSE,55.943197585095604,-3.1862737603492137,1451.1027162981336,1736.6908426482212
55.943197585095604,-3.1862737603492137,S,55.9428975850956,-3.1862737603492137,1558.3554521882843,1782.9916126911555
55.9428975850956,-3.1862737603492137,ENE,55.94301239012531,-3.1859965964894603,1558.3554521882843,1781.7416126911555
55.94301239012531,-3.1859965964894603,ENE,55.94312719515502,-3.185719432629707,1587.708020542711,1819.1375852720862
55.94312719515502,-3.185719432629707,W,55.94312719515502,-3.186019432629707,1587.708020542711,1817.8875852720862
55.94312719515502,-3.186019432629707,W,55.94312719515502,-3.1863194326297073,1587.708020542711,1816.6375852720862
55.94312719515502,-3.1863194326297073,W,55.94312719515502,-3.1866194326297075,1587.708020542711,1815.3875852720862
55.94312719515502,-3.1866194326297075,W,55.94312719515502,-3.1869194326297077,1587.708020542711,1814.1375852720862
55.94312719515502,-3.1869194326297077,W,55.94312719515502,-3.187219432629708,1587.708020542711,1812.8875852720862
55.94312719515502,-3.187219432629708,W,55.94312719515502,-3.187519432629708,1587.708020542711,1811.6375852720862
55.94312719515502,-3.187519432629708,W,55.94312719515502,-3.1878194326297082,1587.708020542711,1810.3875852720862
55.94312719515502,-3.1878194326297082,W,55.94312719515502,-3.1881194326297084,1587.708020542711,1809.1375852720862
55.94312719515502,-3.1881194326297084,SW,55.942915063120665,-3.188331564664064,1587.708020542711,1807.8875852720862
55.942915063120665,-3.188331564664064,W,55.942915063120665,-3.1886315646640644,1587.708020542711,1806.6375852720862
55.942915063120665,-3.1886315646640644,WNW,55.943029868150376,-3.188908728523818,1587.708020542711,1805.3875852720862
55.943029868150376,-3.188908728523818,W,55.943029868150376,-3.189208728523818,1587.708020542711,1804.1375852720862
55.943029868150376,-3.189208728523818,WNW,55.943144673180086,-3.1894858923835714,1587.708020542711,1802.8875852720862
55.943144673180086,-3.1894858923835714,W,55.943144673180086,-3.1897858923835716,1642.2774792409245,1898.1406107106984
55.943144673180086,-3.1897858923835716,W,55.943144673180086,-3.1900858923835718,1642.2774792409245,1896.8906107106984
55.943144673180086,-3.1900858923835718,W,55.943144673180086,-3.190385892383572,1642.2774792409245,1895.6406107106984
55.943144673180086,-3.190385892383572,W,55.943144673180086,-3.190685892383572,1642.2774792409245,1894.3906107106984
55.943144673180086,-3.190685892383572,W,55.943144673180086,-3.1909858923835723,1642.2774792409245,1893.1406107106984
55.943144673180086,-3.1909858923835723,W,55.943144673180086,-3.1912858923835725,1642.2774792409245,1891.8906107106984
55.943144673180086,-3.1912858923835725,WNW,55.9432594782098,-3.191563056243326,1656.7899068780725,1949.5688834773678
55.9432594782098,-3.191563056243326,SW,55.94304734617544,-3.1917751882776817,1656.7899068780725,1948.3188834773678
55.94304734617544,-3.1917751882776817,SW,55.942835214141084,-3.1919873203120375,1656.7899068780725,1947.0688834773678
55.942835214141084,-3.1919873203120375,WSW,55.942720409111374,-3.192264484171791,1690.9863066883388,2021.5525662199148
55.942720409111374,-3.192264484171791,E,55.942720409111374,-3.1919644841717907,1690.9863066883388,2020.3025662199148
55.942720409111374,-3.1919644841717907,WNW,55.942835214141084,-3.192241648031544,1690.9863066883388,2019.0525662199148
55.942835214141084,-3.192241648031544,SW,55.94262308210673,-3.1924537800659,1800.4116067049044,2129.6043269403426
55.94262308210673,-3.1924537800659,N,55.94292308210673,-3.1924537800659,1800.4116067049044,2128.3543269403426
55.94292308210673,-3.1924537800659,N,55.943223082106734,-3.1924537800659,1800.4116067049044,2127.1043269403426
55.943223082106734,-3.1924537800659,N,55.943523082106736,-3.1924537800659,1800.4116067049044,2125.8543269403426
55.943523082106736,-3.1924537800659,N,55.94382308210674,-3.1924537800659,1800.4116067049044,2124.6043269403426
55.94382308210674,-3.1924537800659,N,55.94412308210674,-3.1924537800659,1828.3618804075647,2126.0509849134455
55.94412308210674,-3.1924537800659,ENE,55.94423788713645,-3.1921766162061465,1884.2802341805802,2156.3498008004985
55.94423788713645,-3.1921766162061465,WSW,55.94412308210674,-3.1924537800659,1884.2802341805802,2155.0998008004985
55.94412308210674,-3.1924537800659,ENE,55.94423788713645,-3.1921766162061465,1884.2802341805802,2153.8498008004985
55.94423788713645,-3.1921766162061465,WSW,55.94412308210674,-3.1924537800659,1884.2802341805802,2152.5998008004985
55.94412308210674,-3.1924537800659,ENE,55.94423788713645,-3.1921766162061465,1884.2802341805802,2151.3498008004985
55.94423788713645,-3.1921766162061465,WSW,55.94412308210674,-3.1924537800659,1884.2802341805802,2150.0998008004985
55.94412308210674,-3.1924537800659,ENE,55.94423788713645,-3.1921766162061465,1884.2802341805802,2148.8498008004985
55.94423788713645,-3.1921766162061465,WSW,55.94412308210674,-3.1924537800659,1884.2802341805802,2147.5998008004985
55.94412308210674,-3.1924537800659,ENE,55.94423788713645,-3.1921766162061465,1884.2802341805802,2146.3498008004985
55.94423788713645,-3.1921766162061465,WSW,55.94412308210674,-3.1924537800659,1884.2802341805802,2145.0998008004985
55.94412308210674,-3.1924537800659,ENE,55.94423788713645,-3.1921766162061465,1884.2802341805802,2143.8498008004985
55.94423788713645,-3.1921766162061465,WSW,55.94412308210674,-3.1924537800659,1884.2802341805802,2142.5998008004985
55.94412308210674,-3.1924537800659,ENE,55.94423788713645,-3.1921766162061465,1884.2802341805802,2141.3498008004985
55.94423788713645,-3.1921766162061465,WSW,55.94412308210674,-3.1924537800659,1884.2802341805802,2140.0998008004985
55.94412308210674,-3.1924537800659,ENE,55.94423788713645,-3.1921766162061465,1884.2802341805802,2138.8498008004985
55.94423788713645,-3.1921766162061465,WSW,55.94412308210674,-3.1924537800659,1884.2802341805802,2137.5998008004985
55.94412308210674,-3.1924537800659,ENE,55.94423788713645,-3.1921766162061465,1884.2802341805802,2136.3498008004985
55.94423788713645,-3.1921766162061465,WSW,55.94412308210674,-3.1924537800659,1884.2802341805802,2135.0998008004985
55.94412308210674,-3.1924537800659,ENE,55.94423788713645,-3.1921766162061465,1884.2802341805802,2133.8498008004985
55.94423788713645,-3.1921766162061465,WSW,55.94412308210674,-3.1924537800659,1884.2802341805802,2132.5998008004985
55.94412308210674,-3.1924537800659,ENE,55.94423788713645,-3.1921766162061465,1884.2802341805802,2131.3498008004985
55.94423788713645,-3.1921766162061465,WSW,55.94412308210674,-3.1924537800659,1884.2802341805802,2130.0998008004985
55.94412308210674,-3.1924537800659,ENE,55.94423788713645,-3.1921766162061465,1884.2802341805802,2128.8498008004985
55.94423788713645,-3.1921766162061465,WSW,55.94412308210674,-3.1924537800659,1884.2802341805802,2127.5998008004985
55.94412308210674,-3.1924537800659,ENE,55.94423788713645,-3.1921766162061465,1884.2802341805802,2126.3498008004985
55.94423788713645,-3.1921766162061465,WSW,55.94412308210674,-3.1924537800659,1884.2802341805802,2125.0998008004985
55.94412308210674,-3.1924537800659,ENE,55.94423788713645,-3.1921766162061465,1884.2802341805802,2123.8498008004985
55.94423788713645,-3.1921766162061465,WSW,55.94412308210674,-3.1924537800659,1884.2802341805802,2122.5998008004985
55.94412308210674,-3.1924537800659,ENE,55.94423788713645,-3.1921766162061465,1884.2802341805802,2121.3498008004985
55.94423788713645,-3.1921766162061465,WSW,55.94412308210674,-3.1924537800659,1884.2802341805802,2120.0998008004985
55.94412308210674,-3.1924537800659,ENE,55.94423788713645,-3.1921766162061465,1884.2802341805802,2118.8498008004985
55.94423788713645,-3.1921766162061465,WSW,55.94412308210674,-3.1924537800659,1884.2802341805802,2117.5998008004985
55.94412308210674,-3.1924537800659,ENE,55.94423788713645,-3.1921766162061465,1884.2802341805802,2116.3498008004985
55.94423788713645,-3.1921766162061465,WSW,55.94412308210674,-3.1924537800659,1884.2802341805802,2115.0998008004985
55.94412308210674,-3.1924537800659,ENE,55.94423788713645,-3.1921766162061465,1884.2802341805802,2113.8498008004985
55.94423788713645,-3.1921766162061465,WSW,55.94412308210674,-3.1924537800659,1884.2802341805802,2112.5998008004985
55.94412308210674,-3.1924537800659,ENE,55.94423788713645,-3.1921766162061465,1884.2802341805802,2111.3498008004985
55.94423788713645,-3.1921766162061465,WSW,55.94412308210674,-3.1924537800659,1884.2802341805802,2110.0998008004985
55.94412308210674,-3.1924537800659,ENE,55.94423788713645,-3.1921766162061465,1884.2802341805802,2108.8498008004985
55.94423788713645,-3.1921766162061465,WSW,55.94412308210674,-3.1924537800659,1884.2802341805802,2107.5998008004985
55.94412308210674,-3.1924537800659,ENE,55.94423788713645,-3.1921766162061465,1884.2802341805802,2106.3498008004985
55.94423788713645,-3.1921766162061465,WSW,55.94412308210674,-3.1924537800659,1884.2802341805802,2105.0998008004985
55.94412308210674,-3.1924537800659,ENE,55.94423788713645,-3.1921766162061465,1884.2802341805802,2103.8498008004985
55.94423788713645,-3.1921766162061465,WSW,55.94412308210674,-3.1924537800659,1884.2802341805802,2102.5998008004985
55.94412308210674,-3.1924537800659,ENE,55.94423788713645,-3.1921766162061465,1884.2802341805802,2101.3498008004985
55.94423788713645,-3.1921766162061465,WSW,55.94412308210674,-3.1924537800659,1884.2802341805802,2100.0998008004985
55.94412308210674,-3.1924537800659,ENE,55.94423788713645,-3.1921766162061465,1884.2802341805802,2098.8498008004985
55.94423788713645,-3.1921766162061465,WSW,55.94412308210674,-3.1924537800659,1884.2802341805802,2097.5998008004985
55.94412308210674,-3.1924537800659,ENE,55.94423788713645,-3.1921766162061465,1884.2802341805802,2096.3498008004985
55.94423788713645,-3.1921766162061465,WSW,55.94412308210674,-3.1924537800659,1884.2802341805802,2095.0998008004985
55.94412308210674,-3.1924537800659,ENE,55.94423788713645,-3.1921766162061465,1884.2802341805802,2093.8498008004985
55.94423788713645,-3.1921766162061465,WSW,55.94412308210674,-3.1924537800659,1884.2802341805802,2092.5998008004985
55.94412308210674,-3.1924537800659,ENE,55.94423788713645,-3.1921766162061465,1884.2802341805802,2091.3498008004985
55.94423788713645,-3.1921766162061465,WSW,55.94412308210674,-3.1924537800659,1884.2802341805802,2090.0998008004985
55.94412308210674,-3.1924537800659,ENE,55.94423788713645,-3.1921766162061465,1884.2802341805802,2088.8498008004985
55.94423788713645,-3.1921766162061465,WSW,55.94412308210674,-3.1924537800659,1884.2802341805802,2087.5998008004985
55.94412308210674,-3.1924537800659,ENE,55.94423788713645,-3.1921766162061465,1884.2802341805802,2086.3498008004985
55.94423788713645,-3.1921766162061465,WSW,55.94412308210674,-3.1924537800659,1884.2802341805802,2085.0998008004985
55.94412308210674,-3.1924537800659,ENE,55.94423788713645,-3.1921766162061465,1884.2802341805802,2083.8498008004985
55.94423788713645,-3.1921766162061465,WSW,55.94412308210674,-3.1924537800659,1884.2802341805802,2082.5998008004985
55.94412308210674,-3.1924537800659,ENE,55.94423788713645,-3.1921766162061465,1884.2802341805802,2081.3498008004985
55.94423788713645,-3.1921766162061465,WSW,55.94412308210674,-3.1924537800659,1884.2802341805802,2080.0998008004985
55.94412308210674,-3.1924537800659,ENE,55.94423788713645,-3.1921766162061465,1884.2802341805802,2078.8498008004985
55.94423788713645,-3.1921766162061465,WSW,55.94412308210674,-3.1924537800659,1884.2802341805802,2077.5998008004985
55.94412308210674,-3.1924537800659,ENE,55.94423788713645,-3.1921766162061465,1884.2802341805802,2076.3498008004985
55.94423788713645,-3.1921766162061465,WSW,55.94412308210674,-3.1924537800659,1884.2802341805802,2075.0998008004985
55.94412308210674,-3.1924537800659,ENE,55.94423788713645,-3.1921766162061465,1884.2802341805802,2073.8498008004985
55.94423788713645,-3.1921766162061465,WSW,55.94412308210674,-3.1924537800659,1884.2802341805802,2072.5998008004985
55.94412308210674,-3.1924537800659,ENE,55.94423788713645,-3.1921766162061465,1884.2802341805802,2071.3498008004985
55.94423788713645,-3.1921766162061465,WSW,55.94412308210674,-3.1924537800659,1884.2802341805802,2070.0998008004985
55.94412308210674,-3.1924537800659,ENE,55.94423788713645,-3.1921766162061465,1884.2802341805802,2068.8498008004985
55.94423788713645,-3.1921766162061465,WSW,55.94412308210674,-3.1924537800659,1884.2802341805802,2067.5998008004985
55.94412308210674,-3.1924537800659,ENE,55.94423788713645,-3.1921766162061465,1884.2802341805802,2066.3498008004985
55.94423788713645,-3.1921766162061465,WSW,55.94412308210674,-3.1924537800659,1884.2802341805802,2065.0998008004985
55.94412308210674,-3.1924537800659,ENE,55.94423788713645,-3.1921766162061465,1884.2802341805802,2063.8498008004985
55.94423788713645,-3.1921766162061465,WSW,55.94412308210674,-3.1924537800659,1884.2802341805802,2062.5998008004985
55.94412308210674,-3.1924537800659,ENE,55.94423788713645,-3.1921766162061465,1884.2802341805802,2061.3498008004985
55.94423788713645,-3.1921766162061465,WSW,55.94412308210674,-3.1924537800659,1884.2802341805802,2060.0998008004985
55.94412308210674,-3.1924537800659,ENE,55.94423788713645,-3.1921766162061465,1884.2802341805802,2058.8498008004985
55.94423788713645,-3.1921766162061465,WSW,55.94412308210674,-3.1924537800659,1884.2802341805802,2057.5998008004985
55.94412308210674,-3.1924537800659,ENE,55.94423788713645,-3.1921766162061465,1884.2802341805802,2056.3498008004985
55.94423788713645,-3.1921766162061465,WSW,55.94412308210674,-3.1924537800659,1884.2802341805802,2055.0998008004985
55.94412308210674,-3.1924537800659,ENE,55.94423788713645,-3.1921766162061465,1884.2802341805802,2053.8498008004985
55.94423788713645,-3.1921766162061465,WSW,55.94412308210674,-3.1924537800659,1884.2802341805802,2052.5998008004985
55.94412308210674,-3.1924537800659,ENE,55.94423788713645,-3.1921766162061465,1884.2802341805802,2051.3498008004985
55.94423788713645,-3.1921766162061465,WSW,55.94412308210674,-3.1924537800659,1884.2802341805802,2050.0998008004985
55.94412308210674,-3.1924537800659,ENE,55.94423788713645,-3.1921766162061465,1884.2802341805802,2048.8498008004985
55.94423788713645,-3.1921766162061465,WSW,55.94412308210674,-3.1924537800659,1884.2802341805802,2047.5998008004985
55.94412308210674,-3.1924537800659,ENE,55.94423788713645,-3.1921766162061465,1884.2802341805802,2046.3498008004985
55.94423788713645,-3.1921766162061465,WSW,55.94412308210674,-3.1924537800659,1884.2802341805802,2045.0998008004985
55.94412308210674,-3.1924537800659,ENE,55.94423788713645,-3.1921766162061465,1884.2802341805802,2043.8498008004985
55.94423788713645,-3.1921766162061465,WSW,55.94412308210674,-3.1924537800659,1884.2802341805802,2042.5998008004985
55.94412308210674,-3.1924537800659,ENE,55.94423788713645,-3.1921766162061465,1884.2802341805802,2041.3498008004985
55.94423788713645,-3.1921766162061465,WSW,55.94412308210674,-3.1924537800659,1884.2802341805802,2040.0998008004985
55.94412308210674,-3.1924537800659,ENE,55.94423788713645,-3.1921766162061465,1884.2802341805802,2038.8498008004985
55.94423788713645,-3.1921766162061465,WSW,55.94412308210674,-3.1924537800659,1884.2802341805802,2037.5998008004985
55.94412308210674,-3.1924537800659,ENE,55.94423788713645,-3.1921766162061465,1884.2802341805802,2036.3498008004985
55.94423788713645,-3.1921766162061465,WSW,55.94412308210674,-3.1924537800659,1884.2802341805802,2035.0998008004985
55.94412308210674,-3.1924537800659,ENE,55.94423788713645,-3.1921766162061465,1884.2802341805802,2033.8498008004985
55.94423788713645,-3.1921766162061465,WSW,55.94412308210674,-3.1924537800659,1884.2802341805802,2032.5998008004985
55.94412308210674,-3.1924537800659,ENE,55.94423788713645,-3.1921766162061465,1884.2802341805802,2031.3498008004985
55.94423788713645,-3.1921766162061465,WSW,55.94412308210674,-3.1924537800659,1884.2802341805802,2030.0998008004985
55.94412308210674,-3.1924537800659,ENE,55.94423788713645,-3.1921766162061465,1884.2802341805802,2028.8498008004985
55.94423788713645,-3.1921766162061465,WSW,55.94412308210674,-3.1924537800659,1884.2802341805802,2027.5998008004985
55.94412308210674,-3.1924537800659,ENE,55.94423788713645,-3.1921766162061465,1884.2802341805802,2026.3498008004985
55.94423788713645,-3.1921766162061465,WSW,55.94412308210674,-3.1924537800659,1884.2802341805802,2025.0998008004985
55.94412308210674,-3.1924537800659,ENE,55.94423788713645,-3.1921766162061465,1884.2802341805802,2023.8498008004985
55.94423788713645,-3.1921766162061465,WSW,55.94412308210674,-3.1924537800659,1884.2802341805802,2022.5998008004985
55.94412308210674,-3.1924537800659,ENE,55.94423788713645,-3.1921766162061465,1884.2802341805802,2021.3498008004985
55.94423788713645,-3.1921766162061465,WSW,55.94412308210674,-3.1924537800659,1884.2802341805802,2020.0998008004985
55.94412308210674,-3.1924537800659,ENE,55.94423788713645,-3.1921766162061465,1884.2802341805802,2018.8498008004985
55.94423788713645,-3.1921766162061465,WSW,55.94412308210674,-3.1924537800659,1884.2802341805802,2017.5998008004985
55.94412308210674,-3.1924537800659,ENE,55.94423788713645,-3.1921766162061465,1884.2802341805802,2016.3498008004985
55.94423788713645,-3.1921766162061465,WSW,55.94412308210674,-3.1924537800659,1884.2802341805802,2015.0998008004985
55.94412308210674,-3.1924537800659,ENE,55.94423788713645,-3.1921766162061465,1884.2802341805802,2013.8498008004985
55.94423788713645,-3.1921766162061465,WSW,55.94412308210674,-3.1924537800659,1884.2802341805802,2012.5998008004985
55.94412308210674,-3.1924537800659,ENE,55.94423788713645,-3.1921766162061465,1884.2802341805802,2011.3498008004985
55.94423788713645,-3.1921766162061465,WSW,55.94412308210674,-3.1924537800659,1884.2802341805802,2010.0998008004985
55.94412308210674,-3.1924537800659,ENE,55.94423788713645,-3.1921766162061465,1884.2802341805802,2008.8498008004985
55.94423788713645,-3.1921766162061465,WSW,55.94412308210674,-3.1924537800659,1884.2802341805802,2007.5998008004985
55.94412308210674,-3.1924537800659,ENE,55.94423788713645,-3.1921766162061465,1884.2802341805802,2006.3498008004985
55.94423788713645,-3.1921766162061465,WSW,55.94412308210674,-3.1924537800659,1884.2802341805802,2005.0998008004985
55.94412308210674,-3.1924537800659,ENE,55.94423788713645,-3.1921766162061465,1884.2802341805802,2003.8498008004985
55.94423788713645,-3.1921766162061465,WSW,55.94412308210674,-3.1924537800659,1884.2802341805802,2002.5998008004985
55.94412308210674,-3.1924537800659,ENE,55.94423788713645,-3.1921766162061465,1884.2802341805802,2001.3498008004985
55.94423788713645,-3.1921766162061465,WSW,55.94412308210674,-3.1924537800659,1884.2802341805802,2000.0998008004985
55.94412308210674,-3.1924537800659,ENE,55.94423788713645,-3.1921766162061465,1884.2802341805802,1998.8498008004985
55.94423788713645,-3.1921766162061465,WSW,55.94412308210674,-3.1924537800659,1884.2802341805802,1997.5998008004985
55.94412308210674,-3.1924537800659,ENE,55.94423788713645,-3.1921766162061465,1884.2802341805802,1996.3498008004985
55.94423788713645,-3.1921766162061465,WSW,55.94412308210674,-3.1924537800659,1884.2802341805802,1995.0998008004985
55.94412308210674,-3.1924537800659,ENE,55.94423788713645,-3.1921766162061465,1884.2802341805802,1993.8498008004985
55.94423788713645,-3.1921766162061465,WSW,55.94412308210674,-3.1924537800659,1884.2802341805802,1992.5998008004985
55.94412308210674,-3.1924537800659,ENE,55.94423788713645,-3.1921766162061465,1884.2802341805802,1991.3498008004985
55.94423788713645,-3.1921766162061465,WSW,55.94412308210674,-3.1924537800659,1884.2802341805802,1990.0998008004985
55.94412308210674,-3.1924537800659,ENE,55.94423788713645,-3.1921766162061465,1884.2802341805802,1988.8498008004985
55.94423788713645,-3.1921766162061465,WSW,55.94412308210674,-3.1924537800659,1884.2802341805802,1987.5998008004985
55.94412308210674,-3.1924537800659,ENE,55.94423788713645,-3.1921766162061465,1884.2802341805802,1986.3498008004985
55.94423788713645,-3.1921766162061465,WSW,55.94412308210674,-3.1924537800659,1884.2802341805802,1985.0998008004985
55.94412308210674,-3.1924537800659,ENE,55.94423788713645,-3.1921766162061465,1884.2802341805802,1983.8498008004985
55.94423788713645,-3.1921766162061465,WSW,55.94412308210674,-3.1924537800659,1884.2802341805802,1982.5998008004985
55.94412308210674,-3.1924537800659,ENE,55.94423788713645,-3.1921766162061465,1884.2802341805802,1981.3498008004985
55.94423788713645,-3.1921766162061465,WSW,55.94412308210674,-3.1924537800659,1884.2802341805802,1980.0998008004985
55.94412308210674,-3.1924537800659,ENE,55.94423788713645,-3.1921766162061465,1884.2802341805802,1978.8498008004985
55.94423788713645,-3.1921766162061465,WSW,55.94412308210674,-3.1924537800659,1884.2802341805802,1977.5998008004985
55.94412308210674,-3.1924537800659,ENE,55.94423788713645,-3.1921766162061465,1884.2802341805802,1976.3498008004985
55.94423788713645,-3.1921766162061465,WSW,55.94412308210674,-3.1924537800659,1884.2802341805802,1975.0998008004985
55.94412308210674,-3.1924537800659,ENE,55.94423788713645,-3.1921766162061465,1884.2802341805802,1973.8498008004985
55.94423788713645,-3.1921766162061465,WSW,55.94412308210674,-3.1924537800659,1884.2802341805802,1972.5998008004985
55.94412308210674,-3.1924537800659,ENE,55.94423788713645,-3.1921766162061465,1884.2802341805802,1971.3498008004985
55.94423788713645,-3.1921766162061465,WSW,55.94412308210674,-3.1924537800659,1884.2802341805802,1970.0998008004985
55.94412308210674,-3.1924537800659,ENE,55.94423788713645,-3.1921766162061465,1884.2802341805802,1968.8498008004985
55.94423788713645,-3.1921766162061465,WSW,55.94412308210674,-3.1924537800659,1884.2802341805802,1967.5998008004985
55.94412308210674,-3.1924537800659,ENE,55.94423788713645,-3.1921766162061465,1884.2802341805802,1966.3498008004985
55.94423788713645,-3.1921766162061465,WSW,55.94412308210674,-3.1924537800659,1884.2802341805802,1965.0998008004985
55.94412308210674,-3.1924537800659,ENE,55.94423788713645,-3.1921766162061465,1884.2802341805802,1963.8498008004985
55.94423788713645,-3.1921766162061465,WSW,55.94412308210674,-3.1924537800659,1884.2802341805802,1962.5998008004985
55.94412308210674,-3.1924537800659,ENE,55.94423788713645,-3.1921766162061465,1884.2802341805802,1961.3498008004985
