55.944425,-3.188396,NNW,55.94470216385976,-3.1885108050297095,9.078449218913292,340.04809728994996
55.94470216385976,-3.1885108050297095,ESE,55.94458735883005,-3.188233641169956,9.078449218913292,338.79809728994996
55.94458735883005,-3.188233641169956,E,55.94458735883005,-3.187933641169956,113.61850926459242,386.50855756139555
55.94458735883005,-3.187933641169956,ESE,55.94447255380034,-3.1876564773102025,113.61850926459242,385.25855756139555
55.94447255380034,-3.1876564773102025,SE,55.94426042176598,-3.1874443452758467,113.61850926459242,384.00855756139555
55.94426042176598,-3.1874443452758467,ESE,55.94414561673627,-3.1871671814160933,212.10730488207855,423.0760614975501
55.94414561673627,-3.1871671814160933,ENE,55.94426042176598,-3.18689001755634,212.10730488207855,421.8260614975501
55.94426042176598,-3.18689001755634,ENE,55.94437522679569,-3.1866128536965865,212.10730488207855,420.5760614975501
55.94437522679569,-3.1866128536965865,ENE,55.9444900318254,-3.186335689836833,273.06776755348557,466.93518405985617
55.9444900318254,-3.186335689836833,N,55.944790031825406,-3.186335689836833,384.57719033811554,475.49782421746175
55.944790031825406,-3.186335689836833,E,55.944790031825406,-3.186035689836833,416.3236060747904,489.8305602476531
55.944790031825406,-3.186035689836833,NE,55.94500216385976,-3.185823557802477,416.3236060747904,488.5805602476531
55.94500216385976,-3.185823557802477,NNE,55.94527932771952,-3.1857087527727677,426.8708949351889,533.5836846805538
55.94527932771952,-3.1857087527727677,E,55.94527932771952,-3.1854087527727675,462.92083576564926,578.9164285313194
55.94527932771952,-3.1854087527727675,SSE,55.94500216385976,-3.185293947743058,487.63445049225766,676.9277129233893
55.94500216385976,-3.185293947743058,ESE,55.94488735883005,-3.1850167838833046,487.63445049225766,675.6777129233893
55.94488735883005,-3.1850167838833046,ESE,55.94477255380034,-3.184739620023551,522.5911979331834,729.1105822586063
55.94477255380034,-3.184739620023551,E,55.94477255380034,-3.184439620023551,636.9711654404284,789.9415326885993
55.94477255380034,-3.184439620023551,SSW,55.944495389940585,-3.1845544250532605,636.9711654404284,788.6915326885993
55.944495389940585,-3.1845544250532605,SSW,55.94421822608083,-3.18466923008297,636.9711654404284,787.4415326885993
55.94421822608083,-3.18466923008297,SSW,55.94394106222107,-3.1847840351126795,717.0720272276656,809.334788066608
55.94394106222107,-3.1847840351126795,SSW,55.943663898361315,-3.184898840142389,717.0720272276656,808.084788066608
55.943663898361315,-3.184898840142389,SSW,55.94338673450156,-3.1850136451720985,725.3458017962441,907.008332049463
55.94338673450156,-3.1850136451720985,W,55.94338673450156,-3.1853136451720987,725.3458017962441,905.758332049463
55.94338673450156,-3.1853136451720987,WNW,55.94350153953127,-3.185590809031852,808.1702602423734,984.7359517156085
55.94350153953127,-3.185590809031852,N,55.94380153953127,-3.185590809031852,888.3763377605137,1101.8034173350243
55.94380153953127,-3.185590809031852,WSW,55.94368673450156,-3.1858679728916055,927.0872316750815,1201.6806980414115
55.94368673450156,-3.1858679728916055,WSW,55.94357192947185,-3.186145136751359,927.0872316750815,1200.4306980414115
55.94357192947185,-3.186145136751359,SW,55.943359797437495,-3.1863572687857147,927.0872316750815,1199.1806980414115
55.943359797437495,-3.1863572687857147,WSW,55.943244992407784,-3.186634432645468,927.0872316750815,1197.9306980414115
55.943244992407784,-3.186634432645468,SW,55.94303286037343,-3.186846564679824,956.6286345433899,1303.480453958767
55.94303286037343,-3.186846564679824,W,55.94303286037343,-3.187146564679824,956.6286345433899,1302.230453958767
55.94303286037343,-3.187146564679824,W,55.94303286037343,-3.1874465646798242,956.6286345433899,1300.980453958767
55.94303286037343,-3.1874465646798242,W,55.94303286037343,-3.1877465646798244,956.6286345433899,1299.730453958767
55.94303286037343,-3.1877465646798244,W,55.94303286037343,-3.1880465646798246,956.6286345433899,1298.480453958767
55.94303286037343,-3.1880465646798246,WSW,55.94291805534372,-3.188323728539578,1041.1302324691114,1376.8771552930903
55.94291805534372,-3.188323728539578,WSW,55.94280325031401,-3.1886008923993314,1041.1302324691114,1375.6271552930903
55.94280325031401,-3.1886008923993314,WSW,55.9426884452843,-3.188878056259085,1119.3663677666204,1445.6571492917342
55.9426884452843,-3.188878056259085,NNW,55.94296560914405,-3.1889928612887943,1152.6231012151075,1511.9352872414445
55.94296560914405,-3.1889928612887943,WSW,55.94285080411434,-3.1892700251485477,1244.7230289608779,1516.2963369204622
55.94285080411434,-3.1892700251485477,NW,55.9430629361487,-3.1894821571829035,1244.7230289608779,1515.0463369204622
55.9430629361487,-3.1894821571829035,NW,55.943275068183056,-3.1896942892172593,1367.2355299285825,1557.0804346341504
55.943275068183056,-3.1896942892172593,SW,55.9430629361487,-3.189906421251615,1367.2355299285825,1555.8304346341504
55.9430629361487,-3.189906421251615,SW,55.94285080411434,-3.190118553285971,1367.2355299285825,1554.5804346341504
55.94285080411434,-3.190118553285971,SW,55.94263867207999,-3.1903306853203266,1440.8579139701462,1671.8887550769477
55.94263867207999,-3.1903306853203266,NW,55.94285080411434,-3.1905428173546824,1440.8579139701462,1670.6387550769477
55.94285080411434,-3.1905428173546824,NNW,55.9431279679741,-3.190657622384392,1521.4697002469793,1697.375491553467
55.9431279679741,-3.190657622384392,WSW,55.94301316294439,-3.1909347862441453,1521.4697002469793,1696.125491553467
55.94301316294439,-3.1909347862441453,WNW,55.9431279679741,-3.1912119501038987,1521.4697002469793,1694.875491553467
55.9431279679741,-3.1912119501038987,SE,55.94291583593974,-3.190999818069543,1521.4697002469793,1693.625491553467
55.94291583593974,-3.190999818069543,NNW,55.9431929997995,-3.1911146230992524,1521.4697002469793,1692.375491553467
55.9431929997995,-3.1911146230992524,NW,55.943405131833856,-3.191326755133608,1521.4697002469793,1691.125491553467
55.943405131833856,-3.191326755133608,SSE,55.9431279679741,-3.1912119501038987,1521.4697002469793,1689.875491553467
55.9431279679741,-3.1912119501038987,SE,55.94291583593974,-3.190999818069543,1521.4697002469793,1688.625491553467
55.94291583593974,-3.190999818069543,NNW,55.9431929997995,-3.1911146230992524,1521.4697002469793,1687.375491553467
55.9431929997995,-3.1911146230992524,NW,55.943405131833856,-3.191326755133608,1521.4697002469793,1686.125491553467
55.943405131833856,-3.191326755133608,SSE,55.9431279679741,-3.1912119501038987,1521.4697002469793,1684.875491553467
55.9431279679741,-3.1912119501038987,SE,55.94291583593974,-3.190999818069543,1521.4697002469793,1683.625491553467
55.94291583593974,-3.190999818069543,NNW,55.9431929997995,-3.1911146230992524,1521.4697002469793,1682.375491553467
55.9431929997995,-3.1911146230992524,NW,55.943405131833856,-3.191326755133608,1521.4697002469793,1681.125491553467
55.943405131833856,-3.191326755133608,SSE,55.9431279679741,-3.1912119501038987,1521.4697002469793,1679.875491553467
55.9431279679741,-3.1912119501038987,SE,55.94291583593974,-3.190999818069543,1521.4697002469793,1678.625491553467
55.94291583593974,-3.190999818069543,NNW,55.9431929997995,-3.1911146230992524,1521.4697002469793,1677.375491553467
55.9431929997995,-3.1911146230992524,SE,55.942980867765144,-3.1909024910648967,1521.4697002469793,1676.125491553467
55.942980867765144,-3.1909024910648967,WNW,55.943095672794854,-3.19117965492465,1521.4697002469793,1674.875491553467
55.943095672794854,-3.19117965492465,SSE,55.9428185089351,-3.1910648498949405,1521.4697002469793,1673.625491553467
55.9428185089351,-3.1910648498949405,N,55.9431185089351,-3.1910648498949405,1521.4697002469793,1672.375491553467
55.9431185089351,-3.1910648498949405,SSE,55.942841345075344,-3.190950044865231,1521.4697002469793,1671.125491553467
55.942841345075344,-3.190950044865231,NW,55.9430534771097,-3.191162176899587,1521.4697002469793,1669.875491553467
55.9430534771097,-3.191162176899587,SSE,55.942776313249944,-3.1910473718698773,1521.4697002469793,1668.625491553467
55.942776313249944,-3.1910473718698773,N,55.94307631324995,-3.1910473718698773,1521.4697002469793,1667.375491553467
55.94307631324995,-3.1910473718698773,N,55.94337631324995,-3.1910473718698773,1521.4697002469793,1666.125491553467
55.94337631324995,-3.1910473718698773,N,55.94367631324995,-3.1910473718698773,1521.4697002469793,1664.875491553467
55.94367631324995,-3.1910473718698773,ENE,55.94379111827966,-3.190770208010124,1521.4697002469793,1663.625491553467
55.94379111827966,-3.190770208010124,ENE,55.94390592330937,-3.1904930441503705,1521.4697002469793,1662.375491553467
55.94390592330937,-3.1904930441503705,ENE,55.94402072833908,-3.190215880290617,1521.4697002469793,1661.125491553467
55.94402072833908,-3.190215880290617,ENE,55.944135533368794,-3.1899387164308637,1521.4697002469793,1659.875491553467
55.944135533368794,-3.1899387164308637,ENE,55.944250338398504,-3.1896615525711103,1521.4697002469793,1658.625491553467
55.944250338398504,-3.1896615525711103,ENE,55.944365143428215,-3.189384388711357,1626.6816792570505,1759.6557997430616
55.944365143428215,-3.189384388711357,ESE,55.944250338398504,-3.1891072248516035,1626.6816792570505,1758.4057997430616
55.944250338398504,-3.1891072248516035,SE,55.94403820636415,-3.1888950928172477,1693.7508728264334,1842.8386076634813
55.94403820636415,-3.1888950928172477,N,55.94433820636415,-3.1888950928172477,1693.7508728264334,1841.5886076634813
55.94433820636415,-3.1888950928172477,N,55.944638206364154,-3.1888950928172477,1693.7508728264334,1840.3386076634813
55.944638206364154,-3.1888950928172477,N,55.94493820636416,-3.1888950928172477,1693.7508728264334,1839.0886076634813
55.94493820636416,-3.1888950928172477,N,55.94523820636416,-3.1888950928172477,1810.450593890737,1925.1220851874955
55.94523820636416,-3.1888950928172477,NNE,55.945515370223916,-3.188780287787538,1810.450593890737,1923.8720851874955
55.945515370223916,-3.188780287787538,NNE,55.94579253408367,-3.1886654827578287,1885.67104836288,2008.9838354459469
55.94579253408367,-3.1886654827578287,WNW,55.94590733911338,-3.188942646617582,1885.67104836288,2007.7338354459469
55.94590733911338,-3.188942646617582,WNW,55.94602214414309,-3.1892198104773355,1885.67104836288,2006.4838354459469
55.94602214414309,-3.1892198104773355,WNW,55.946136949172804,-3.189496974337089,1928.6980135719518,2115.271386774416
55.946136949172804,-3.189496974337089,W,55.946136949172804,-3.189796974337089,1928.6980135719518,2114.021386774416
55.946136949172804,-3.189796974337089,WSW,55.94602214414309,-3.1900741381968425,1928.6980135719518,2112.771386774416
55.94602214414309,-3.1900741381968425,W,55.94602214414309,-3.1903741381968427,1928.6980135719518,2111.521386774416
55.94602214414309,-3.1903741381968427,WSW,55.94590733911338,-3.190651302056596,1929.2929345459079,2194.279387062025
55.94590733911338,-3.190651302056596,SW,55.94569520707903,-3.190863434090952,1946.9249237373856,2240.564240933775
55.94569520707903,-3.190863434090952,S,55.945395207079024,-3.190863434090952,1946.9249237373856,2239.314240933775
55.945395207079024,-3.190863434090952,S,55.94509520707902,-3.190863434090952,1946.9249237373856,2238.064240933775
55.94509520707902,-3.190863434090952,S,55.94479520707902,-3.190863434090952,1954.161551317985,2243.1979099627547
55.94479520707902,-3.190863434090952,E,55.94479520707902,-3.1905634340909517,1954.161551317985,2241.9479099627547
55.94479520707902,-3.1905634340909517,ESE,55.94468040204931,-3.1902862702311983,2030.0022973073228,2291.5864401486674
55.94468040204931,-3.1902862702311983,SW,55.94446827001495,-3.190498402265554,2030.0022973073228,2290.3364401486674
55.94446827001495,-3.190498402265554,NW,55.94468040204931,-3.19071053429991,2030.0022973073228,2289.0864401486674
55.94468040204931,-3.19071053429991,WNW,55.94479520707902,-3.190987698159663,2030.0022973073228,2287.8364401486674
55.94479520707902,-3.190987698159663,WNW,55.94491001210873,-3.1912648620194166,2030.0022973073228,2286.5864401486674
55.94491001210873,-3.1912648620194166,WNW,55.94502481713844,-3.19154202587917,2030.0022973073228,2285.3364401486674
55.94502481713844,-3.19154202587917,WNW,55.94513962216815,-3.1918191897389234,2030.0022973073228,2284.0864401486674
55.94513962216815,-3.1918191897389234,W,55.94513962216815,-3.1921191897389236,2073.533666891668,2295.902870592389
55.94513962216815,-3.1921191897389236,S,55.944839622168146,-3.1921191897389236,2073.533666891668,2294.652870592389
55.944839622168146,-3.1921191897389236,S,55.94453962216814,-3.1921191897389236,2073.533666891668,2293.402870592389
55.94453962216814,-3.1921191897389236,SSE,55.94426245830839,-3.192004384709214,2073.533666891668,2292.152870592389
55.94426245830839,-3.192004384709214,S,55.943962458308384,-3.192004384709214,2073.533666891668,2290.902870592389
55.943962458308384,-3.192004384709214,SSE,55.94368529444863,-3.1918895796795046,2073.533666891668,2289.652870592389
55.94368529444863,-3.1918895796795046,S,55.943385294448625,-3.1918895796795046,2073.533666891668,2288.402870592389
55.943385294448625,-3.1918895796795046,SSE,55.94310813058887,-3.191774774649795,2073.533666891668,2287.152870592389
55.94310813058887,-3.191774774649795,S,55.942808130588865,-3.191774774649795,2126.046555634285,2336.616084063587
55.942808130588865,-3.191774774649795,NE,55.94302026262322,-3.1915626426154393,2126.046555634285,2335.366084063587
55.94302026262322,-3.1915626426154393,ENE,55.94313506765293,-3.191285478755686,2126.046555634285,2334.116084063587
55.94313506765293,-3.191285478755686,ENE,55.94324987268264,-3.1910083148959325,2126.046555634285,2332.866084063587
55.94324987268264,-3.1910083148959325,ENE,55.94336467771235,-3.190731151036179,2126.046555634285,2331.616084063587
55.94336467771235,-3.190731151036179,NE,55.94357680974671,-3.1905190190018233,2126.046555634285,2330.366084063587
55.94357680974671,-3.1905190190018233,ENE,55.94369161477642,-3.19024185514207,2126.046555634285,2329.116084063587
55.94369161477642,-3.19024185514207,NE,55.943903746810776,-3.190029723107714,2126.046555634285,2327.866084063587
55.943903746810776,-3.190029723107714,ENE,55.944018551840486,-3.1897525592479608,2126.046555634285,2326.616084063587
55.944018551840486,-3.1897525592479608,ENE,55.944133356870196,-3.1894753953882073,2126.046555634285,2325.366084063587
55.944133356870196,-3.1894753953882073,NE,55.94434548890455,-3.1892632633538516,2126.046555634285,2324.116084063587
55.94434548890455,-3.1892632633538516,NE,55.94455762093891,-3.189051131319496,2126.046555634285,2322.866084063587
55.94455762093891,-3.189051131319496,ENE,55.94467242596862,-3.1887739674597424,2126.046555634285,2321.616084063587
55.94467242596862,-3.1887739674597424,NE,55.944884558002975,-3.1885618354253866,2126.046555634285,2320.366084063587
55.944884558002975,-3.1885618354253866,ENE,55.944999363032686,-3.188284671565633,2126.046555634285,2319.116084063587
55.944999363032686,-3.188284671565633,NE,55.94521149506704,-3.1880725395312774,2126.046555634285,2317.866084063587
55.94521149506704,-3.1880725395312774,ENE,55.94532630009675,-3.187795375671524,2126.046555634285,2316.616084063587
55.94532630009675,-3.187795375671524,S,55.94502630009675,-3.187795375671524,2126.046555634285,2315.366084063587
55.94502630009675,-3.187795375671524,NNW,55.945303463956506,-3.1879101807012336,2126.046555634285,2314.116084063587
55.945303463956506,-3.1879101807012336,NE,55.94551559599086,-3.187698048666878,2126.046555634285,2312.866084063587
55.94551559599086,-3.187698048666878,ENE,55.94563040102057,-3.1874208848071244,2141.711881735015,2313.1181089866222
55.94563040102057,-3.1874208848071244,E,55.94563040102057,-3.187120884807124,2141.711881735015,2311.8681089866222
55.94563040102057,-3.187120884807124,E,55.94563040102057,-3.186820884807124,2141.711881735015,2310.6181089866222
55.94563040102057,-3.186820884807124,E,55.94563040102057,-3.186520884807124,2141.711881735015,2309.3681089866222
55.94563040102057,-3.186520884807124,E,55.94563040102057,-3.1862208848071236,2166.9163868124997,2358.505951859526
55.94563040102057,-3.1862208848071236,ENE,55.94574520605028,-3.18594372094737,2166.9163868124997,2357.255951859526
55.94574520605028,-3.18594372094737,E,55.94574520605028,-3.18564372094737,2265.631090898156,2474.2633017796475
55.94574520605028,-3.18564372094737,ESE,55.94563040102057,-3.1853665570876166,2350.553636721521,2502.2299702185696
55.94563040102057,-3.1853665570876166,WNW,55.94574520605028,-3.18564372094737,2350.553636721521,2500.9799702185696
55.94574520605028,-3.18564372094737,ESE,55.94563040102057,-3.1853665570876166,2350.553636721521,2499.7299702185696
55.94563040102057,-3.1853665570876166,WNW,55.94574520605028,-3.18564372094737,2350.553636721521,2498.4799702185696
55.94574520605028,-3.18564372094737,ESE,55.94563040102057,-3.1853665570876166,2350.553636721521,2497.2299702185696
55.94563040102057,-3.1853665570876166,WNW,55.94574520605028,-3.18564372094737,2350.553636721521,2495.9799702185696
55.94574520605028,-3.18564372094737,ESE,55.94563040102057,-3.1853665570876166,2350.553636721521,2494.7299702185696
55.94563040102057,-3.1853665570876166,WNW,55.94574520605028,-3.18564372094737,2350.553636721521,2493.4799702185696
55.94574520605028,-3.18564372094737,ESE,55.94563040102057,-3.1853665570876166,2350.553636721521,2492.2299702185696
55.94563040102057,-3.1853665570876166,WNW,55.94574520605028,-3.18564372094737,2350.553636721521,2490.9799702185696
55.94574520605028,-3.18564372094737,ESE,55.94563040102057,-3.1853665570876166,2350.553636721521,2489.7299702185696
55.94563040102057,-3.1853665570876166,WNW,55.94574520605028,-3.18564372094737,2350.553636721521,2488.4799702185696
55.94574520605028,-3.18564372094737,ESE,55.94563040102057,-3.1853665570876166,2350.553636721521,2487.2299702185696
55.94563040102057,-3.1853665570876166,WNW,55.94574520605028,-3.18564372094737,2350.553636721521,2485.9799702185696
55.94574520605028,-3.18564372094737,ESE,55.94563040102057,-3.1853665570876166,2350.553636721521,2484.7299702185696
55.94563040102057,-3.1853665570876166,WNW,55.94574520605028,-3.18564372094737,2350.553636721521,2483.4799702185696
55.94574520605028,-3.18564372094737,ESE,55.94563040102057,-3.1853665570876166,2350.553636721521,2482.2299702185696
55.94563040102057,-3.1853665570876166,WNW,55.94574520605028,-3.18564372094737,2350.553636721521,2480.9799702185696
55.94574520605028,-3.18564372094737,ESE,55.94563040102057,-3.1853665570876166,2350.553636721521,2479.7299702185696
55.94563040102057,-3.1853665570876166,WNW,55.94574520605028,-3.18564372094737,2350.553636721521,2478.4799702185696
55.94574520605028,-3.18564372094737,ESE,55.94563040102057,-3.1853665570876166,2350.553636721521,2477.2299702185696
55.94563040102057,-3.1853665570876166,WNW,55.94574520605028,-3.18564372094737,2350.553636721521,2475.9799702185696
55.94574520605028,-3.18564372094737,ESE,55.94563040102057,-3.1853665570876166,2350.553636721521,2474.7299702185696
55.94563040102057,-3.1853665570876166,WNW,55.94574520605028,-3.18564372094737,2350.553636721521,2473.4799702185696
55.94574520605028,-3.18564372094737,ESE,55.94563040102057,-3.1853665570876166,2350.553636721521,2472.2299702185696
55.94563040102057,-3.1853665570876166,WNW,55.94574520605028,-3.18564372094737,2350.553636721521,2470.9799702185696
55.94574520605028,-3.18564372094737,ESE,55.94563040102057,-3.1853665570876166,2350.553636721521,2469.7299702185696
55.94563040102057,-3.1853665570876166,WNW,55.94574520605028,-3.18564372094737,2350.553636721521,2468.4799702185696
55.94574520605028,-3.18564372094737,ESE,55.94563040102057,-3.1853665570876166,2350.553636721521,2467.2299702185696
55.94563040102057,-3.1853665570876166,WNW,55.94574520605028,-3.18564372094737,2350.553636721521,2465.9799702185696
55.94574520605028,-3.18564372094737,ESE,55.94563040102057,-3.1853665570876166,2350.553636721521,2464.7299702185696
55.94563040102057,-3.1853665570876166,WNW,55.94574520605028,-3.18564372094737,2350.553636721521,2463.4799702185696
55.94574520605028,-3.18564372094737,ESE,55.94563040102057,-3.1853665570876166,2350.553636721521,2462.2299702185696
55.94563040102057,-3.1853665570876166,WNW,55.94574520605028,-3.18564372094737,2350.553636721521,2460.9799702185696
55.94574520605028,-3.18564372094737,ESE,55.94563040102057,-3.1853665570876166,2350.553636721521,2459.7299702185696
55.94563040102057,-3.1853665570876166,WNW,55.94574520605028,-3.18564372094737,2350.553636721521,2458.4799702185696
55.94574520605028,-3.18564372094737,ESE,55.94563040102057,-3.1853665570876166,2350.553636721521,2457.2299702185696
55.94563040102057,-3.1853665570876166,WNW,55.94574520605028,-3.18564372094737,2350.553636721521,2455.9799702185696
55.94574520605028,-3.18564372094737,ESE,55.94563040102057,-3.1853665570876166,2350.553636721521,2454.7299702185696
55.94563040102057,-3.1853665570876166,WNW,55.94574520605028,-3.18564372094737,2350.553636721521,2453.4799702185696
55.94574520605028,-3.18564372094737,ESE,55.94563040102057,-3.1853665570876166,2350.553636721521,2452.2299702185696
55.94563040102057,-3.1853665570876166,WNW,55.94574520605028,-3.18564372094737,2350.553636721521,2450.9799702185696
55.94574520605028,-3.18564372094737,ESE,55.94563040102057,-3.1853665570876166,2350.553636721521,2449.7299702185696
55.94563040102057,-3.1853665570876166,WNW,55.94574520605028,-3.18564372094737,2350.553636721521,2448.4799702185696
55.94574520605028,-3.18564372094737,ESE,55.94563040102057,-3.1853665570876166,2350.553636721521,2447.2299702185696
55.94563040102057,-3.1853665570876166,WNW,55.94574520605028,-3.18564372094737,2350.553636721521,2445.9799702185696
55.94574520605028,-3.18564372094737,ESE,55.94563040102057,-3.1853665570876166,2350.553636721521,2444.7299702185696
55.94563040102057,-3.1853665570876166,WNW,55.94574520605028,-3.18564372094737,2350.553636721521,2443.4799702185696
55.94574520605028,-3.18564372094737,ESE,55.94563040102057,-3.1853665570876166,2350.553636721521,2442.2299702185696
55.94563040102057,-3.1853665570876166,WNW,55.94574520605028,-3.18564372094737,2350.553636721521,2440.9799702185696
55.94574520605028,-3.18564372094737,ESE,55.94563040102057,-3.1853665570876166,2350.553636721521,2439.7299702185696
55.94563040102057,-3.1853665570876166,WNW,55.94574520605028,-3.18564372094737,2350.553636721521,2438.4799702185696
55.94574520605028,-3.18564372094737,ESE,55.94563040102057,-3.1853665570876166,2350.553636721521,2437.2299702185696
55.94563040102057,-3.1853665570876166,WNW,55.94574520605028,-3.18564372094737,2350.553636721521,2435.9799702185696
55.94574520605028,-3.18564372094737,ESE,55.94563040102057,-3.1853665570876166,2350.553636721521,2434.7299702185696
55.94563040102057,-3.1853665570876166,WNW,55.94574520605028,-3.18564372094737,2350.553636721521,2433.4799702185696
55.94574520605028,-3.18564372094737,ESE,55.94563040102057,-3.1853665570876166,2350.553636721521,2432.2299702185696
55.94563040102057,-3.1853665570876166,WNW,55.94574520605028,-3.18564372094737,2350.553636721521,2430.9799702185696
55.94574520605028,-3.18564372094737,ESE,55.94563040102057,-3.1853665570876166,2350.553636721521,2429.7299702185696
55.94563040102057,-3.1853665570876166,WNW,55.94574520605028,-3.18564372094737,2350.553636721521,2428.4799702185696
55.94574520605028,-3.18564372094737,ESE,55.94563040102057,-3.1853665570876166,2350.553636721521,2427.2299702185696
55.94563040102057,-3.1853665570876166,WNW,55.94574520605028,-3.18564372094737,2350.553636721521,2425.9799702185696
55.94574520605028,-3.18564372094737,ESE,55.94563040102057,-3.1853665570876166,2350.553636721521,2424.7299702185696
55.94563040102057,-3.1853665570876166,WNW,55.94574520605028,-3.18564372094737,2350.553636721521,2423.4799702185696
55.94574520605028,-3.18564372094737,ESE,55.94563040102057,-3.1853665570876166,2350.553636721521,2422.2299702185696
55.94563040102057,-3.1853665570876166,WNW,55.94574520605028,-3.18564372094737,2350.553636721521,2420.9799702185696
55.94574520605028,-3.18564372094737,ESE,55.94563040102057,-3.1853665570876166,2350.553636721521,2419.7299702185696
55.94563040102057,-3.1853665570876166,WNW,55.94574520605028,-3.18564372094737,2350.553636721521,2418.4799702185696
55.94574520605028,-3.18564372094737,ESE,55.94563040102057,-3.1853665570876166,2350.553636721521,2417.2299702185696
55.94563040102057,-3.1853665570876166,WNW,55.94574520605028,-3.18564372094737,2350.553636721521,2415.9799702185696
55.94574520605028,-3.18564372094737,ESE,55.94563040102057,-3.1853665570876166,2350.553636721521,2414.7299702185696
55.94563040102057,-3.1853665570876166,WNW,55.94574520605028,-3.18564372094737,2350.553636721521,2413.4799702185696
55.94574520605028,-3.18564372094737,ESE,55.94563040102057,-3.1853665570876166,2350.553636721521,2412.2299702185696
55.94563040102057,-3.1853665570876166,WNW,55.94574520605028,-3.18564372094737,2350.553636721521,2410.9799702185696
55.94574520605028,-3.18564372094737,ESE,55.94563040102057,-3.1853665570876166,2350.553636721521,2409.7299702185696
55.94563040102057,-3.1853665570876166,WNW,55.94574520605028,-3.18564372094737,2350.553636721521,2408.4799702185696
55.94574520605028,-3.18564372094737,ESE,55.94563040102057,-3.1853665570876166,2350.553636721521,2407.2299702185696
55.94563040102057,-3.1853665570876166,WNW,55.94574520605028,-3.18564372094737,2350.553636721521,2405.9799702185696
55.94574520605028,-3.18564372094737,ESE,55.94563040102057,-3.1853665570876166,2350.553636721521,2404.7299702185696
55.94563040102057,-3.1853665570876166,WNW,55.94574520605028,-3.18564372094737,2350.553636721521,2403.4799702185696
55.94574520605028,-3.18564372094737,ESE,55.94563040102057,-3.1853665570876166,2350.553636721521,2402.2299702185696
55.94563040102057,-3.1853665570876166,WNW,55.94574520605028,-3.18564372094737,2350.553636721521,2400.9799702185696
55.94574520605028,-3.18564372094737,ESE,55.94563040102057,-3.1853665570876166,2350.553636721521,2399.7299702185696
55.94563040102057,-3.1853665570876166,WNW,55.94574520605028,-3.18564372094737,2350.553636721521,2398.4799702185696
55.94574520605028,-3.18564372094737,ESE,55.94563040102057,-3.1853665570876166,2350.553636721521,2397.2299702185696
55.94563040102057,-3.1853665570876166,WNW,55.94574520605028,-3.18564372094737,2350.553636721521,2395.9799702185696
55.94574520605028,-3.18564372094737,ESE,55.94563040102057,-3.1853665570876166,2350.553636721521,2394.7299702185696
55.94563040102057,-3.1853665570876166,WNW,55.94574520605028,-3.18564372094737,2350.553636721521,2393.4799702185696
55.94574520605028,-3.18564372094737,ESE,55.94563040102057,-3.1853665570876166,2350.553636721521,2392.2299702185696
55.94563040102057,-3.1853665570876166,WNW,55.94574520605028,-3.18564372094737,2350.553636721521,2390.9799702185696
55.94574520605028,-3.18564372094737,ESE,55.94563040102057,-3.1853665570876166,2350.553636721521,2389.7299702185696
55.94563040102057,-3.1853665570876166,WNW,55.94574520605028,-3.18564372094737,2350.553636721521,2388.4799702185696
55.94574520605028,-3.18564372094737,ESE,55.94563040102057,-3.1853665570876166,2350.553636721521,2387.2299702185696
55.94563040102057,-3.1853665570876166,WNW,55.94574520605028,-3.18564372094737,2350.553636721521,2385.9799702185696
55.94574520605028,-3.18564372094737,ESE,55.94563040102057,-3.1853665570876166,2350.553636721521,2384.7299702185696
55.94563040102057,-3.1853665570876166,WNW,55.94574520605028,-3.18564372094737,2350.553636721521,2383.4799702185696
55.94574520605028,-3.18564372094737,ESE,55.94563040102057,-3.1853665570876166,2350.553636721521,2382.2299702185696
55.94563040102057,-3.1853665570876166,WNW,55.94574520605028,-3.18564372094737,2350.553636721521,2380.9799702185696
55.94574520605028,-3.18564372094737,ESE,55.94563040102057,-3.1853665570876166,2350.553636721521,2379.7299702185696
55.94563040102057,-3.1853665570876166,WNW,55.94574520605028,-3.18564372094737,2350.553636721521,2378.4799702185696
55.94574520605028,-3.18564372094737,ESE,55.94563040102057,-3.1853665570876166,2350.553636721521,2377.2299702185696
55.94563040102057,-3.1853665570876166,WNW,55.94574520605028,-3.18564372094737,2350.553636721521,2375.9799702185696
55.94574520605028,-3.18564372094737,ESE,55.94563040102057,-3.1853665570876166,2350.553636721521,2374.7299702185696
55.94563040102057,-3.1853665570876166,WNW,55.94574520605028,-3.18564372094737,2350.553636721521,2373.4799702185696
55.94574520605028,-3.18564372094737,ESE,55.94563040102057,-3.1853665570876166,2350.553636721521,2372.2299702185696
55.94563040102057,-3.1853665570876166,WNW,55.94574520605028,-3.18564372094737,2350.553636721521,2370.9799702185696
55.94574520605028,-3.18564372094737,ESE,55.94563040102057,-3.1853665570876166,2350.553636721521,2369.7299702185696
55.94563040102057,-3.1853665570876166,WNW,55.94574520605028,-3.18564372094737,2350.553636721521,2368.4799702185696
55.94574520605028,-3.18564372094737,ESE,55.94563040102057,-3.1853665570876166,2350.553636721521,2367.2299702185696
