55.944425,-3.188396,W,55.944425,-3.188696,12.381367956154715,263.2841064995995
55.944425,-3.188696,NNW,55.94470216385976,-3.1888108050297097,137.11225977676284,369.4997546814287
55.94470216385976,-3.1888108050297097,NNW,55.944979327719516,-3.188925610059419,137.11225977676284,368.2497546814287
55.944979327719516,-3.188925610059419,N,55.94527932771952,-3.188925610059419,216.28395989602075,462.7980437852643
55.94527932771952,-3.188925610059419,NW,55.945491459753875,-3.189137742093775,253.78053234810304,503.07104121383384
55.945491459753875,-3.189137742093775,SSW,55.94521429589412,-3.1892525471234845,253.78053234810304,501.82104121383384
55.94521429589412,-3.1892525471234845,SSW,55.94493713203436,-3.189367352153194,350.0236673147218,564.7039331787482
55.94493713203436,-3.189367352153194,W,55.94493713203436,-3.189667352153194,350.0236673147218,563.4539331787482
55.94493713203436,-3.189667352153194,WSW,55.94482232700465,-3.1899445160129476,350.0236673147218,562.2039331787482
55.94482232700465,-3.1899445160129476,W,55.94482232700465,-3.190244516012948,469.7777672207518,648.7243111015064
55.94482232700465,-3.190244516012948,SSW,55.944545163144895,-3.1903593210426573,582.7595950520815,729.8949070257571
55.944545163144895,-3.1903593210426573,WSW,55.944430358115184,-3.1906364849024107,582.7595950520815,728.6449070257571
55.944430358115184,-3.1906364849024107,W,55.944430358115184,-3.190936484902411,622.0163552974861,817.1864972595278
55.944430358115184,-3.190936484902411,SW,55.94421822608083,-3.1911486169367667,622.0163552974861,815.9364972595278
55.94421822608083,-3.1911486169367667,WSW,55.94410342105112,-3.19142578079652,661.8840277252003,895.053962716285
55.94410342105112,-3.19142578079652,SSW,55.94382625719136,-3.1915405858262296,661.8840277252003,893.803962716285
55.94382625719136,-3.1915405858262296,SSW,55.943549093331605,-3.191655390855939,686.5311376473311,993.7015269808417
55.943549093331605,-3.191655390855939,N,55.94384909333161,-3.191655390855939,686.5311376473311,992.4515269808417
55.94384909333161,-3.191655390855939,N,55.94414909333161,-3.191655390855939,686.5311376473311,991.2015269808417
55.94414909333161,-3.191655390855939,N,55.94444909333161,-3.191655390855939,686.5311376473311,989.9515269808417
55.94444909333161,-3.191655390855939,N,55.944749093331616,-3.191655390855939,755.5466028925196,1090.320824077518
55.944749093331616,-3.191655390855939,ENE,55.94486389836133,-3.1913782269961857,755.5466028925196,1089.070824077518
55.94486389836133,-3.1913782269961857,ENE,55.94497870339104,-3.1911010631364323,869.4102590589663,1105.8849559665875
55.94497870339104,-3.1911010631364323,NW,55.94519083542539,-3.191313195170788,869.4102590589663,1104.6349559665875
55.94519083542539,-3.191313195170788,WNW,55.9453056404551,-3.1915903590305414,869.4102590589663,1103.3849559665875
55.9453056404551,-3.1915903590305414,NW,55.94551777248946,-3.191802491064897,956.4919356791667,1145.1508726291897
55.94551777248946,-3.191802491064897,NE,55.945729904523816,-3.1915903590305414,956.4919356791667,1143.9008726291897
55.945729904523816,-3.1915903590305414,NE,55.94594203655817,-3.1913782269961857,1002.3181642423611,1263.8408165812023
55.94594203655817,-3.1913782269961857,WNW,55.94605684158788,-3.191655390855939,1002.3181642423611,1262.5908165812023
55.94605684158788,-3.191655390855939,W,55.94605684158788,-3.1919553908559393,1014.470508324,1345.2515708739024
55.94605684158788,-3.1919553908559393,ESE,55.94594203655817,-3.191678226996186,1014.470508324,1344.0015708739024
55.94594203655817,-3.191678226996186,E,55.94594203655817,-3.1913782269961857,1014.470508324,1342.7515708739024
55.94594203655817,-3.1913782269961857,E,55.94594203655817,-3.1910782269961855,1014.470508324,1341.5015708739024
55.94594203655817,-3.1910782269961855,E,55.94594203655817,-3.1907782269961853,1014.470508324,1340.2515708739024
55.94594203655817,-3.1907782269961853,E,55.94594203655817,-3.190478226996185,1014.470508324,1339.0015708739024
55.94594203655817,-3.190478226996185,SE,55.945729904523816,-3.1902660949618293,1014.470508324,1337.7515708739024
55.945729904523816,-3.1902660949618293,E,55.945729904523816,-3.189966094961829,1014.470508324,1336.5015708739024
55.945729904523816,-3.189966094961829,ENE,55.945844709553526,-3.1896889311020757,1014.470508324,1335.2515708739024
55.945844709553526,-3.1896889311020757,SW,55.94563257751917,-3.1899010631364315,1014.470508324,1334.0015708739024
55.94563257751917,-3.1899010631364315,ENE,55.94574738254888,-3.189623899276678,1014.470508324,1332.7515708739024
55.94574738254888,-3.189623899276678,ENE,55.94586218757859,-3.1893467354169247,1014.470508324,1331.5015708739024
55.94586218757859,-3.1893467354169247,ENE,55.9459769926083,-3.1890695715571713,1014.470508324,1330.2515708739024
55.9459769926083,-3.1890695715571713,E,55.9459769926083,-3.188769571557171,1014.470508324,1329.0015708739024
55.9459769926083,-3.188769571557171,ENE,55.94609179763801,-3.1884924076974177,1060.4582557171398,1381.951038884543
55.94609179763801,-3.1884924076974177,ESE,55.9459769926083,-3.1882152438376643,1060.4582557171398,1380.701038884543
55.9459769926083,-3.1882152438376643,E,55.9459769926083,-3.187915243837664,1150.652691488946,1451.0913891427037
55.9459769926083,-3.187915243837664,SE,55.945764860573945,-3.1877031118033083,1200.3044015465941,1531.2069026441427
55.945764860573945,-3.1877031118033083,ESE,55.945650055544235,-3.187425947943555,1200.3044015465941,1529.9569026441427
55.945650055544235,-3.187425947943555,E,55.945650055544235,-3.1871259479435547,1200.3044015465941,1528.7069026441427
55.945650055544235,-3.1871259479435547,ESE,55.945535250514524,-3.1868487840838013,1200.3044015465941,1527.4569026441427
55.945535250514524,-3.1868487840838013,E,55.945535250514524,-3.186548784083801,1202.7690848173122,1636.8467991429975
55.945535250514524,-3.186548784083801,SE,55.94532311848017,-3.1863366520494454,1292.1196469231418,1682.356711965734
55.94532311848017,-3.1863366520494454,NNE,55.945600282339925,-3.186221847019736,1292.1196469231418,1681.106711965734
55.945600282339925,-3.186221847019736,N,55.94590028233993,-3.186221847019736,1327.66953101761,1800.595214222068
55.94590028233993,-3.186221847019736,ESE,55.94578547731022,-3.1859446831599825,1327.66953101761,1799.345214222068
55.94578547731022,-3.1859446831599825,ESE,55.94567067228051,-3.185667519300229,1327.66953101761,1798.095214222068
55.94567067228051,-3.185667519300229,ESE,55.945555867250796,-3.1853903554404757,1334.1380703552252,1880.034892342261
55.945555867250796,-3.1853903554404757,ENE,55.94567067228051,-3.1851131915807223,1408.8751656173256,1983.6096350920336
55.94567067228051,-3.1851131915807223,SE,55.94545854024615,-3.1849010595463665,1408.8751656173256,1982.3596350920336
55.94545854024615,-3.1849010595463665,SE,55.945246408211794,-3.1846889275120107,1430.916201200057,2011.949997547429
55.945246408211794,-3.1846889275120107,NE,55.94545854024615,-3.184476795477655,1549.1314874367176,2077.8154181289997
55.94545854024615,-3.184476795477655,N,55.94575854024615,-3.184476795477655,1549.1314874367176,2076.5654181289997
55.94575854024615,-3.184476795477655,N,55.946058540246156,-3.184476795477655,1575.587673117898,2163.3147493947235
55.946058540246156,-3.184476795477655,SW,55.9458464082118,-3.1846889275120107,1575.587673117898,2162.0647493947235
55.9458464082118,-3.1846889275120107,SW,55.945634276177444,-3.1849010595463665,1575.587673117898,2160.8147493947235
55.945634276177444,-3.1849010595463665,SW,55.94542214414309,-3.1851131915807223,1575.587673117898,2159.5647493947235
55.94542214414309,-3.1851131915807223,SW,55.94521001210873,-3.185325323615078,1575.587673117898,2158.3147493947235
55.94521001210873,-3.185325323615078,SW,55.944997880074375,-3.185537455649434,1575.587673117898,2157.0647493947235
55.944997880074375,-3.185537455649434,SW,55.94478574804002,-3.1857495876837896,1575.587673117898,2155.8147493947235
55.94478574804002,-3.1857495876837896,SW,55.94457361600566,-3.1859617197181453,1575.587673117898,2154.5647493947235
55.94457361600566,-3.1859617197181453,SSW,55.944296452145906,-3.186076524747855,1575.587673117898,2153.3147493947235
55.944296452145906,-3.186076524747855,SE,55.94408432011155,-3.185864392713499,1575.587673117898,2152.0647493947235
55.94408432011155,-3.185864392713499,WSW,55.94396951508184,-3.1861415565732525,1575.587673117898,2150.8147493947235
55.94396951508184,-3.1861415565732525,WSW,55.94385471005213,-3.186418720433006,1693.311715782573,2257.905224267735
55.94385471005213,-3.186418720433006,SE,55.94364257801777,-3.18620658839865,1715.3394946135447,2360.223778378399
55.94364257801777,-3.18620658839865,ESE,55.94352777298806,-3.1859294245388967,1776.3922203258924,2468.790193349265
55.94352777298806,-3.1859294245388967,SSE,55.943250609128306,-3.185814619509187,1866.7643943714265,2588.2473188381255
55.943250609128306,-3.185814619509187,W,55.943250609128306,-3.1861146195091874,1866.7643943714265,2586.9973188381255
55.943250609128306,-3.1861146195091874,W,55.943250609128306,-3.1864146195091876,1906.0281926656467,2708.649593935294
55.943250609128306,-3.1864146195091876,NW,55.94346274116266,-3.1866267515435434,1924.4042269270192,2799.430765879771
55.94346274116266,-3.1866267515435434,SW,55.943250609128306,-3.186838883577899,1924.4042269270192,2798.180765879771
55.943250609128306,-3.186838883577899,SW,55.94303847709395,-3.187051015612255,1924.4042269270192,2796.930765879771
55.94303847709395,-3.187051015612255,SSW,55.94276131323419,-3.1871658206419644,1998.7928625915551,2882.963608679109
55.94276131323419,-3.1871658206419644,N,55.943061313234196,-3.1871658206419644,1998.7928625915551,2881.713608679109
55.943061313234196,-3.1871658206419644,N,55.9433613132342,-3.1871658206419644,1998.7928625915551,2880.463608679109
55.9433613132342,-3.1871658206419644,N,55.9436613132342,-3.1871658206419644,1998.7928625915551,2879.213608679109
55.9436613132342,-3.1871658206419644,NNW,55.94393847709396,-3.187280625671674,1998.7928625915551,2877.963608679109
55.94393847709396,-3.187280625671674,N,55.94423847709396,-3.187280625671674,2083.60309319651,2941.92025050431
55.94423847709396,-3.187280625671674,SW,55.944026345059605,-3.1874927577060297,2083.60309319651,2940.67025050431
55.944026345059605,-3.1874927577060297,SW,55.94381421302525,-3.1877048897403855,2083.60309319651,2939.42025050431
55.94381421302525,-3.1877048897403855,SW,55.94360208099089,-3.1879170217747412,2083.60309319651,2938.17025050431
55.94360208099089,-3.1879170217747412,WSW,55.94348727596118,-3.1881941856344946,2083.60309319651,2936.92025050431
55.94348727596118,-3.1881941856344946,SW,55.943275143926826,-3.1884063176688504,2083.60309319651,2935.67025050431
55.943275143926826,-3.1884063176688504,WSW,55.943160338897115,-3.188683481528604,2200.329760590347,3051.179181277064
55.943160338897115,-3.188683481528604,ENE,55.943275143926826,-3.1884063176688504,2200.329760590347,3049.929181277064
55.943275143926826,-3.1884063176688504,WSW,55.943160338897115,-3.188683481528604,2200.329760590347,3048.679181277064
55.943160338897115,-3.188683481528604,ENE,55.943275143926826,-3.1884063176688504,2200.329760590347,3047.429181277064
55.943275143926826,-3.1884063176688504,WSW,55.943160338897115,-3.188683481528604,2200.329760590347,3046.179181277064
55.943160338897115,-3.188683481528604,ENE,55.943275143926826,-3.1884063176688504,2200.329760590347,3044.929181277064
55.943275143926826,-3.1884063176688504,WSW,55.943160338897115,-3.188683481528604,2200.329760590347,3043.679181277064
55.943160338897115,-3.188683481528604,ENE,55.943275143926826,-3.1884063176688504,2200.329760590347,3042.429181277064
55.943275143926826,-3.1884063176688504,WSW,55.943160338897115,-3.188683481528604,2200.329760590347,3041.179181277064
55.943160338897115,-3.188683481528604,ENE,55.943275143926826,-3.1884063176688504,2200.329760590347,3039.929181277064
55.943275143926826,-3.1884063176688504,WSW,55.943160338897115,-3.188683481528604,2200.329760590347,3038.679181277064
55.943160338897115,-3.188683481528604,ENE,55.943275143926826,-3.1884063176688504,2200.329760590347,3037.429181277064
55.943275143926826,-3.1884063176688504,WSW,55.943160338897115,-3.188683481528604,2200.329760590347,3036.179181277064
55.943160338897115,-3.188683481528604,ENE,55.943275143926826,-3.1884063176688504,2200.329760590347,3034.929181277064
55.943275143926826,-3.1884063176688504,WSW,55.943160338897115,-3.188683481528604,2200.329760590347,3033.679181277064
55.943160338897115,-3.188683481528604,ENE,55.943275143926826,-3.1884063176688504,2200.329760590347,3032.429181277064
55.943275143926826,-3.1884063176688504,WSW,55.943160338897115,-3.188683481528604,2200.329760590347,3031.179181277064
55.943160338897115,-3.188683481528604,ENE,55.943275143926826,-3.1884063176688504,2200.329760590347,3029.929181277064
55.943275143926826,-3.1884063176688504,WSW,55.943160338897115,-3.188683481528604,2200.329760590347,3028.679181277064
55.943160338897115,-3.188683481528604,ENE,55.943275143926826,-3.1884063176688504,2200.329760590347,3027.429181277064
55.943275143926826,-3.1884063176688504,WSW,55.943160338897115,-3.188683481528604,2200.329760590347,3026.179181277064
55.943160338897115,-3.188683481528604,ENE,55.943275143926826,-3.1884063176688504,2200.329760590347,3024.929181277064
55.943275143926826,-3.1884063176688504,WSW,55.943160338897115,-3.188683481528604,2200.329760590347,3023.679181277064
55.943160338897115,-3.188683481528604,ENE,55.943275143926826,-3.1884063176688504,2200.329760590347,3022.429181277064
55.943275143926826,-3.1884063176688504,WSW,55.943160338897115,-3.188683481528604,2200.329760590347,3021.179181277064
55.943160338897115,-3.188683481528604,ENE,55.943275143926826,-3.1884063176688504,2200.329760590347,3019.929181277064
55.943275143926826,-3.1884063176688504,WSW,55.943160338897115,-3.188683481528604,2200.329760590347,3018.679181277064
55.943160338897115,-3.188683481528604,ENE,55.943275143926826,-3.1884063176688504,2200.329760590347,3017.429181277064
55.943275143926826,-3.1884063176688504,WSW,55.943160338897115,-3.188683481528604,2200.329760590347,3016.179181277064
55.943160338897115,-3.188683481528604,ENE,55.943275143926826,-3.1884063176688504,2200.329760590347,3014.929181277064
55.943275143926826,-3.1884063176688504,WSW,55.943160338897115,-3.188683481528604,2200.329760590347,3013.679181277064
55.943160338897115,-3.188683481528604,ENE,55.943275143926826,-3.1884063176688504,2200.329760590347,3012.429181277064
55.943275143926826,-3.1884063176688504,WSW,55.943160338897115,-3.188683481528604,2200.329760590347,3011.179181277064
55.943160338897115,-3.188683481528604,ENE,55.943275143926826,-3.1884063176688504,2200.329760590347,3009.929181277064
55.943275143926826,-3.1884063176688504,WSW,55.943160338897115,-3.188683481528604,2200.329760590347,3008.679181277064
55.943160338897115,-3.188683481528604,ENE,55.943275143926826,-3.1884063176688504,2200.329760590347,3007.429181277064
55.943275143926826,-3.1884063176688504,WSW,55.943160338897115,-3.188683481528604,2200.329760590347,3006.179181277064
55.943160338897115,-3.188683481528604,ENE,55.943275143926826,-3.1884063176688504,2200.329760590347,3004.929181277064
55.943275143926826,-3.1884063176688504,WSW,55.943160338897115,-3.188683481528604,2200.329760590347,3003.679181277064
55.943160338897115,-3.188683481528604,ENE,55.943275143926826,-3.1884063176688504,2200.329760590347,3002.429181277064
55.943275143926826,-3.1884063176688504,WSW,55.943160338897115,-3.188683481528604,2200.329760590347,3001.179181277064
55.943160338897115,-3.188683481528604,ENE,55.943275143926826,-3.1884063176688504,2200.329760590347,2999.929181277064
55.943275143926826,-3.1884063176688504,WSW,55.943160338897115,-3.188683481528604,2200.329760590347,2998.679181277064
55.943160338897115,-3.188683481528604,ENE,55.943275143926826,-3.1884063176688504,2200.329760590347,2997.429181277064
55.943275143926826,-3.1884063176688504,WSW,55.943160338897115,-3.188683481528604,2200.329760590347,2996.179181277064
55.943160338897115,-3.188683481528604,ENE,55.943275143926826,-3.1884063176688504,2200.329760590347,2994.929181277064
55.943275143926826,-3.1884063176688504,WSW,55.943160338897115,-3.188683481528604,2200.329760590347,2993.679181277064
55.943160338897115,-3.188683481528604,ENE,55.943275143926826,-3.1884063176688504,2200.329760590347,2992.429181277064
55.943275143926826,-3.1884063176688504,WSW,55.943160338897115,-3.188683481528604,2200.329760590347,2991.179181277064
55.943160338897115,-3.188683481528604,ENE,55.943275143926826,-3.1884063176688504,2200.329760590347,2989.929181277064
55.943275143926826,-3.1884063176688504,WSW,55.943160338897115,-3.188683481528604,2200.329760590347,2988.679181277064
55.943160338897115,-3.188683481528604,ENE,55.943275143926826,-3.1884063176688504,2200.329760590347,2987.429181277064
55.943275143926826,-3.1884063176688504,WSW,55.943160338897115,-3.188683481528604,2200.329760590347,2986.179181277064
55.943160338897115,-3.188683481528604,ENE,55.943275143926826,-3.1884063176688504,2200.329760590347,2984.929181277064
55.943275143926826,-3.1884063176688504,WSW,55.943160338897115,-3.188683481528604,2200.329760590347,2983.679181277064
55.943160338897115,-3.188683481528604,ENE,55.943275143926826,-3.1884063176688504,2200.329760590347,2982.429181277064
55.943275143926826,-3.1884063176688504,WSW,55.943160338897115,-3.188683481528604,2200.329760590347,2981.179181277064
55.943160338897115,-3.188683481528604,ENE,55.943275143926826,-3.1884063176688504,2200.329760590347,2979.929181277064
55.943275143926826,-3.1884063176688504,WSW,55.943160338897115,-3.188683481528604,2200.329760590347,2978.679181277064
55.943160338897115,-3.188683481528604,ENE,55.943275143926826,-3.1884063176688504,2200.329760590347,2977.429181277064
55.943275143926826,-3.1884063176688504,WSW,55.943160338897115,-3.188683481528604,2200.329760590347,2976.179181277064
55.943160338897115,-3.188683481528604,ENE,55.943275143926826,-3.1884063176688504,2200.329760590347,2974.929181277064
55.943275143926826,-3.1884063176688504,WSW,55.943160338897115,-3.188683481528604,2200.329760590347,2973.679181277064
55.943160338897115,-3.188683481528604,ENE,55.943275143926826,-3.1884063176688504,2200.329760590347,2972.429181277064
55.943275143926826,-3.1884063176688504,WSW,55.943160338897115,-3.188683481528604,2200.329760590347,2971.179181277064
55.943160338897115,-3.188683481528604,ENE,55.943275143926826,-3.1884063176688504,2200.329760590347,2969.929181277064
55.943275143926826,-3.1884063176688504,WSW,55.943160338897115,-3.188683481528604,2200.329760590347,2968.679181277064
55.943160338897115,-3.188683481528604,ENE,55.943275143926826,-3.1884063176688504,2200.329760590347,2967.429181277064
55.943275143926826,-3.1884063176688504,WSW,55.943160338897115,-3.188683481528604,2200.329760590347,2966.179181277064
55.943160338897115,-3.188683481528604,ENE,55.943275143926826,-3.1884063176688504,2200.329760590347,2964.929181277064
55.943275143926826,-3.1884063176688504,WSW,55.943160338897115,-3.188683481528604,2200.329760590347,2963.679181277064
55.943160338897115,-3.188683481528604,ENE,55.943275143926826,-3.1884063176688504,2200.329760590347,2962.429181277064
55.943275143926826,-3.1884063176688504,WSW,55.943160338897115,-3.188683481528604,2200.329760590347,2961.179181277064
55.943160338897115,-3.188683481528604,ENE,55.943275143926826,-3.1884063176688504,2200.329760590347,2959.929181277064
55.943275143926826,-3.1884063176688504,WSW,55.943160338897115,-3.188683481528604,2200.329760590347,2958.679181277064
55.943160338897115,-3.188683481528604,ENE,55.943275143926826,-3.1884063176688504,2200.329760590347,2957.429181277064
55.943275143926826,-3.1884063176688504,WSW,55.943160338897115,-3.188683481528604,2200.329760590347,2956.179181277064
55.943160338897115,-3.188683481528604,ENE,55.943275143926826,-3.1884063176688504,2200.329760590347,2954.929181277064
55.943275143926826,-3.1884063176688504,WSW,55.943160338897115,-3.188683481528604,2200.329760590347,2953.679181277064
55.943160338897115,-3.188683481528604,ENE,55.943275143926826,-3.1884063176688504,2200.329760590347,2952.429181277064
55.943275143926826,-3.1884063176688504,WSW,55.943160338897115,-3.188683481528604,2200.329760590347,2951.179181277064
55.943160338897115,-3.188683481528604,ENE,55.943275143926826,-3.1884063176688504,2200.329760590347,2949.929181277064
55.943275143926826,-3.1884063176688504,WSW,55.943160338897115,-3.188683481528604,2200.329760590347,2948.679181277064
55.943160338897115,-3.188683481528604,ENE,55.943275143926826,-3.1884063176688504,2200.329760590347,2947.429181277064
55.943275143926826,-3.1884063176688504,WSW,55.943160338897115,-3.188683481528604,2200.329760590347,2946.179181277064
55.943160338897115,-3.188683481528604,ENE,55.943275143926826,-3.1884063176688504,2200.329760590347,2944.929181277064
55.943275143926826,-3.1884063176688504,WSW,55.943160338897115,-3.188683481528604,2200.329760590347,2943.679181277064
55.943160338897115,-3.188683481528604,ENE,55.943275143926826,-3.1884063176688504,2200.329760590347,2942.429181277064
55.943275143926826,-3.1884063176688504,WSW,55.943160338897115,-3.188683481528604,2200.329760590347,2941.179181277064
55.943160338897115,-3.188683481528604,ENE,55.943275143926826,-3.1884063176688504,2200.329760590347,2939.929181277064
55.943275143926826,-3.1884063176688504,WSW,55.943160338897115,-3.188683481528604,2200.329760590347,2938.679181277064
55.943160338897115,-3.188683481528604,ENE,55.943275143926826,-3.1884063176688504,2200.329760590347,2937.429181277064
55.943275143926826,-3.1884063176688504,WSW,55.943160338897115,-3.188683481528604,2200.329760590347,2936.179181277064
55.943160338897115,-3.188683481528604,ENE,55.943275143926826,-3.1884063176688504,2200.329760590347,2934.929181277064
55.943275143926826,-3.1884063176688504,WSW,55.943160338897115,-3.188683481528604,2200.329760590347,2933.679181277064
55.943160338897115,-3.188683481528604,ENE,55.943275143926826,-3.1884063176688504,2200.329760590347,2932.429181277064
55.943275143926826,-3.1884063176688504,WSW,55.943160338897115,-3.188683481528604,2200.329760590347,2931.179181277064
55.943160338897115,-3.188683481528604,ENE,55.943275143926826,-3.1884063176688504,2200.329760590347,2929.929181277064
55.943275143926826,-3.1884063176688504,WSW,55.943160338897115,-3.188683481528604,2200.329760590347,2928.679181277064
55.943160338897115,-3.188683481528604,ENE,55.943275143926826,-3.1884063176688504,2200.329760590347,2927.429181277064
55.943275143926826,-3.1884063176688504,WSW,55.943160338897115,-3.188683481528604,2200.329760590347,2926.179181277064
55.943160338897115,-3.188683481528604,ENE,55.943275143926826,-3.1884063176688504,2200.329760590347,2924.929181277064
55.943275143926826,-3.1884063176688504,WSW,55.943160338897115,-3.188683481528604,2200.329760590347,2923.679181277064
55.943160338897115,-3.188683481528604,ENE,55.943275143926826,-3.1884063176688504,2200.329760590347,2922.429181277064
55.943275143926826,-3.1884063176688504,WSW,55.943160338897115,-3.188683481528604,2200.329760590347,2921.179181277064
55.943160338897115,-3.188683481528604,ENE,55.943275143926826,-3.1884063176688504,2200.329760590347,2919.929181277064
55.943275143926826,-3.1884063176688504,WSW,55.943160338897115,-3.188683481528604,2200.329760590347,2918.679181277064
55.943160338897115,-3.188683481528604,ENE,55.943275143926826,-3.1884063176688504,2200.329760590347,2917.429181277064
55.943275143926826,-3.1884063176688504,WSW,55.943160338897115,-3.188683481528604,2200.329760590347,2916.179181277064
55.943160338897115,-3.188683481528604,ENE,55.943275143926826,-3.1884063176688504,2200.329760590347,2914.929181277064
55.943275143926826,-3.1884063176688504,WSW,55.943160338897115,-3.188683481528604,2200.329760590347,2913.679181277064
55.943160338897115,-3.188683481528604,ENE,55.943275143926826,-3.1884063176688504,2200.329760590347,2912.429181277064
55.943275143926826,-3.1884063176688504,WSW,55.943160338897115,-3.188683481528604,2200.329760590347,2911.179181277064
55.943160338897115,-3.188683481528604,ENE,55.943275143926826,-3.1884063176688504,2200.329760590347,2909.929181277064
55.943275143926826,-3.1884063176688504,WSW,55.943160338897115,-3.188683481528604,2200.329760590347,2908.679181277064
55.943160338897115,-3.188683481528604,ENE,55.943275143926826,-3.1884063176688504,2200.329760590347,2907.429181277064
55.943275143926826,-3.1884063176688504,WSW,55.943160338897115,-3.188683481528604,2200.329760590347,2906.179181277064
55.943160338897115,-3.188683481528604,ENE,55.943275143926826,-3.1884063176688504,2200.329760590347,2904.929181277064
55.943275143926826,-3.1884063176688504,WSW,55.943160338897115,-3.188683481528604,2200.329760590347,2903.679181277064
55.943160338897115,-3.188683481528604,ENE,55.943275143926826,-3.1884063176688504,2200.329760590347,2902.429181277064
55.943275143926826,-3.1884063176688504,WSW,55.943160338897115,-3.188683481528604,2200.329760590347,2901.179181277064
55.943160338897115,-3.188683481528604,ENE,55.943275143926826,-3.1884063176688504,2200.329760590347,2899.929181277064
55.943275143926826,-3.1884063176688504,WSW,55.943160338897115,-3.188683481528604,2200.329760590347,2898.679181277064
55.943160338897115,-3.188683481528604,ENE,55.943275143926826,-3.1884063176688504,2200.329760590347,2897.429181277064
55.943275143926826,-3.1884063176688504,WSW,55.943160338897115,-3.188683481528604,2200.329760590347,2896.179181277064
55.943160338897115,-3.188683481528604,ENE,55.943275143926826,-3.1884063176688504,2200.329760590347,2894.929181277064
55.943275143926826,-3.1884063176688504,WSW,55.943160338897115,-3.188683481528604,2200.329760590347,2893.679181277064
55.943160338897115,-3.188683481528604,ENE,55.943275143926826,-3.1884063176688504,2200.329760590347,2892.429181277064
55.943275143926826,-3.1884063176688504,WSW,55.943160338897115,-3.188683481528604,2200.329760590347,2891.179181277064
55.943160338897115,-3.188683481528604,ENE,55.943275143926826,-3.1884063176688504,2200.329760590347,2889.929181277064
55.943275143926826,-3.1884063176688504,WSW,55.943160338897115,-3.188683481528604,2200.329760590347,2888.679181277064
55.943160338897115,-3.188683481528604,ENE,55.943275143926826,-3.1884063176688504,2200.329760590347,2887.429181277064
55.943275143926826,-3.1884063176688504,WSW,55.943160338897115,-3.188683481528604,2200.329760590347,2886.179181277064
55.943160338897115,-3.188683481528604,ENE,55.943275143926826,-3.1884063176688504,2200.329760590347,2884.929181277064
55.943275143926826,-3.1884063176688504,WSW,55.943160338897115,-3.188683481528604,2200.329760590347,2883.679181277064
55.943160338897115,-3.188683481528604,ENE,55.943275143926826,-3.1884063176688504,2200.329760590347,2882.429181277064
55.943275143926826,-3.1884063176688504,WSW,55.943160338897115,-3.188683481528604,2200.329760590347,2881.179181277064
55.943160338897115,-3.188683481528604,ENE,55.943275143926826,-3.1884063176688504,2200.329760590347,2879.929181277064
55.943275143926826,-3.1884063176688504,WSW,55.943160338897115,-3.188683481528604,2200.329760590347,2878.679181277064
55.943160338897115,-3.188683481528604,ENE,55.943275143926826,-3.1884063176688504,2200.329760590347,2877.429181277064
55.943275143926826,-3.1884063176688504,WSW,55.943160338897115,-3.188683481528604,2200.329760590347,2876.179181277064
55.943160338897115,-3.188683481528604,ENE,55.943275143926826,-3.1884063176688504,2200.329760590347,2874.929181277064
55.943275143926826,-3.1884063176688504,WSW,55.943160338897115,-3.188683481528604,2200.329760590347,2873.679181277064
55.943160338897115,-3.188683481528604,ENE,55.943275143926826,-3.1884063176688504,2200.329760590347,2872.429181277064
55.943275143926826,-3.1884063176688504,WSW,55.943160338897115,-3.188683481528604,2200.329760590347,2871.179181277064
55.943160338897115,-3.188683481528604,ENE,55.943275143926826,-3.1884063176688504,2200.329760590347,2869.929181277064
55.943275143926826,-3.1884063176688504,WSW,55.943160338897115,-3.188683481528604,2200.329760590347,2868.679181277064
55.943160338897115,-3.188683481528604,ENE,55.943275143926826,-3.1884063176688504,2200.329760590347,2867.429181277064
55.943275143926826,-3.1884063176688504,WSW,55.943160338897115,-3.188683481528604,2200.329760590347,2866.179181277064
55.943160338897115,-3.188683481528604,ENE,55.943275143926826,-3.1884063176688504,2200.329760590347,2864.929181277064
55.943275143926826,-3.1884063176688504,WSW,55.943160338897115,-3.188683481528604,2200.329760590347,2863.679181277064
55.943160338897115,-3.188683481528604,ENE,55.943275143926826,-3.1884063176688504,2200.329760590347,2862.429181277064
55.943275143926826,-3.1884063176688504,WSW,55.943160338897115,-3.188683481528604,2200.329760590347,2861.179181277064
55.943160338897115,-3.188683481528604,ENE,55.943275143926826,-3.1884063176688504,2200.329760590347,2859.929181277064
55.943275143926826,-3.1884063176688504,WSW,55.943160338897115,-3.188683481528604,2200.329760590347,2858.679181277064
55.943160338897115,-3.188683481528604,ENE,55.943275143926826,-3.1884063176688504,2200.329760590347,2857.429181277064
55.943275143926826,-3.1884063176688504,WSW,55.943160338897115,-3.188683481528604,2200.329760590347,2856.179181277064
