55.944425,-3.188396,S,55.944125,-3.188396,88.46409559719675,309.5871909322008
55.944125,-3.188396,ESE,55.94401019497029,-3.1881188361402466,88.46409559719675,308.3371909322008
55.94401019497029,-3.1881188361402466,ESE,55.94389538994058,-3.187841672280493,88.46409559719675,307.0871909322008
55.94389538994058,-3.187841672280493,ESE,55.94378058491087,-3.18756450842074,94.08076398853488,365.85750218922715
55.94378058491087,-3.18756450842074,NE,55.943992716945225,-3.187352376386384,94.08076398853488,364.60750218922715
55.943992716945225,-3.187352376386384,NE,55.94420484897958,-3.1871402443520283,94.08076398853488,363.35750218922715
55.94420484897958,-3.1871402443520283,NNE,55.94448201283934,-3.1870254393223187,179.24433292730131,441.4475718746122
55.94448201283934,-3.1870254393223187,ESE,55.94436720780963,-3.1867482754625653,183.9781366608315,539.9974951761667
55.94436720780963,-3.1867482754625653,ESE,55.94425240277992,-3.186471111602812,197.33250956074875,570.8520793053863
55.94425240277992,-3.186471111602812,SE,55.94404027074556,-3.186258979568456,308.3474901297944,578.3369414689632
55.94404027074556,-3.186258979568456,SSE,55.943763106885804,-3.1861441745387467,308.3474901297944,577.0869414689632
55.943763106885804,-3.1861441745387467,SE,55.94355097485145,-3.185932042504391,308.3474901297944,575.8369414689632
55.94355097485145,-3.185932042504391,SSE,55.94327381099169,-3.1858172374746814,308.3474901297944,574.5869414689632
55.94327381099169,-3.1858172374746814,SE,55.943061678957335,-3.1856051054403256,368.79368203663915,660.3440304540014
55.943061678957335,-3.1856051054403256,SW,55.94284954692298,-3.1858172374746814,368.79368203663915,659.0940304540014
55.94284954692298,-3.1858172374746814,WSW,55.94273474189327,-3.186094401334435,455.5467119785615,665.3101826053116
55.94273474189327,-3.186094401334435,W,55.94273474189327,-3.186394401334435,455.5467119785615,664.0601826053116
55.94273474189327,-3.186394401334435,W,55.94273474189327,-3.186694401334435,455.5467119785615,662.8101826053116
55.94273474189327,-3.186694401334435,W,55.94273474189327,-3.1869944013344353,455.5467119785615,661.5601826053116
55.94273474189327,-3.1869944013344353,W,55.94273474189327,-3.1872944013344355,455.5467119785615,660.3101826053116
55.94273474189327,-3.1872944013344355,W,55.94273474189327,-3.1875944013344357,465.0411033558095,733.2033915125907
55.94273474189327,-3.1875944013344357,WNW,55.94284954692298,-3.187871565194189,465.0411033558095,731.9533915125907
55.94284954692298,-3.187871565194189,WNW,55.94296435195269,-3.1881487290539425,508.6005272152446,739.897138280356
55.94296435195269,-3.1881487290539425,WNW,55.9430791569824,-3.188425892913696,508.6005272152446,738.647138280356
55.9430791569824,-3.188425892913696,W,55.9430791569824,-3.188725892913696,508.6005272152446,737.397138280356
55.9430791569824,-3.188725892913696,WNW,55.94319396201211,-3.1890030567734495,508.6005272152446,736.147138280356
55.94319396201211,-3.1890030567734495,W,55.94319396201211,-3.1893030567734497,508.6005272152446,734.897138280356
55.94319396201211,-3.1893030567734497,WNW,55.94330876704182,-3.189580220633203,508.6005272152446,733.647138280356
55.94330876704182,-3.189580220633203,W,55.94330876704182,-3.1898802206332033,508.6005272152446,732.397138280356
55.94330876704182,-3.1898802206332033,WNW,55.94342357207153,-3.1901573844929567,540.1925298665508,807.3125820030759
55.94342357207153,-3.1901573844929567,NNW,55.94370073593129,-3.1902721895226662,540.1925298665508,806.0625820030759
55.94370073593129,-3.1902721895226662,NNW,55.943977899791044,-3.1903869945523757,553.3329528776632,904.2935179265972
55.943977899791044,-3.1903869945523757,NW,55.9441900318254,-3.1905991265867315,553.3329528776632,903.0435179265972
55.9441900318254,-3.1905991265867315,WNW,55.94430483685511,-3.190876290446485,632.1287964663023,914.3884958094333
55.94430483685511,-3.190876290446485,SSW,55.944027672995354,-3.1909910954761944,632.1287964663023,913.1384958094333
55.944027672995354,-3.1909910954761944,SSW,55.9437505091356,-3.191105900505904,727.0783083615113,994.3056351864668
55.9437505091356,-3.191105900505904,S,55.943450509135594,-3.191105900505904,727.0783083615113,993.0556351864668
55.943450509135594,-3.191105900505904,WSW,55.943335704105884,-3.1913830643656573,727.0783083615113,991.8056351864668
55.943335704105884,-3.1913830643656573,E,55.943335704105884,-3.191083064365657,727.0783083615113,990.5556351864668
55.943335704105884,-3.191083064365657,SSE,55.94305854024613,-3.1909682593359476,727.0783083615113,989.3056351864668
55.94305854024613,-3.1909682593359476,SW,55.94284640821177,-3.1911803913703034,849.389413360692,1071.4359636738784
55.94284640821177,-3.1911803913703034,SW,55.942634276177415,-3.191392523404659,952.9439428662008,1152.3651639891236
55.942634276177415,-3.191392523404659,ENE,55.942749081207126,-3.1911153595449058,952.9439428662008,1151.1151639891236
55.942749081207126,-3.1911153595449058,E,55.942749081207126,-3.1908153595449056,1042.9382721308612,1262.6412449294587
55.942749081207126,-3.1908153595449056,WNW,55.942863886236836,-3.191092523404659,1042.9382721308612,1261.3912449294587
55.942863886236836,-3.191092523404659,WSW,55.942749081207126,-3.1913696872644124,1042.9382721308612,1260.1412449294587
55.942749081207126,-3.1913696872644124,W,55.942749081207126,-3.1916696872644126,1042.9382721308612,1258.8912449294587
55.942749081207126,-3.1916696872644126,WSW,55.942634276177415,-3.191946851124166,1065.4234509961168,1266.7413985600474
55.942634276177415,-3.191946851124166,N,55.94293427617742,-3.191946851124166,1065.4234509961168,1265.4913985600474
55.94293427617742,-3.191946851124166,NNW,55.943211440037174,-3.1920616561538755,1139.700337750797,1303.6977422011696
55.943211440037174,-3.1920616561538755,N,55.94351144003718,-3.1920616561538755,1139.700337750797,1302.4477422011696
55.94351144003718,-3.1920616561538755,N,55.94381144003718,-3.1920616561538755,1139.700337750797,1301.1977422011696
55.94381144003718,-3.1920616561538755,N,55.94411144003718,-3.1920616561538755,1262.4527889804954,1382.3537498921391
55.94411144003718,-3.1920616561538755,NNE,55.94438860389694,-3.191946851124166,1262.4527889804954,1381.1037498921391
55.94438860389694,-3.191946851124166,NE,55.944600735931296,-3.19173471908981,1310.7366049080736,1397.028393119205
55.944600735931296,-3.19173471908981,NNW,55.94487789979105,-3.1918495241195197,1310.7366049080736,1395.778393119205
55.94487789979105,-3.1918495241195197,NNW,55.94515506365081,-3.1919643291492292,1310.7366049080736,1394.528393119205
55.94515506365081,-3.1919643291492292,NNW,55.945432227510565,-3.1920791341789387,1310.7366049080736,1393.278393119205
55.945432227510565,-3.1920791341789387,NNW,55.94570939137032,-3.1921939392086482,1310.7366049080736,1392.028393119205
55.94570939137032,-3.1921939392086482,N,55.946009391370325,-3.1921939392086482,1409.736990338767,1500.6783101240808
55.946009391370325,-3.1921939392086482,E,55.946009391370325,-3.191893939208648,1409.736990338767,1499.4283101240808
55.946009391370325,-3.191893939208648,SSE,55.94573222751057,-3.1917791341789385,1409.736990338767,1498.1783101240808
55.94573222751057,-3.1917791341789385,E,55.94573222751057,-3.1914791341789384,1409.736990338767,1496.9283101240808
55.94573222751057,-3.1914791341789384,ESE,55.94561742248086,-3.191201970319185,1409.736990338767,1495.6783101240808
55.94561742248086,-3.191201970319185,ENE,55.94573222751057,-3.1909248064594316,1409.736990338767,1494.4283101240808
55.94573222751057,-3.1909248064594316,ENE,55.94584703254028,-3.190647642599678,1409.736990338767,1493.1783101240808
55.94584703254028,-3.190647642599678,ENE,55.94596183756999,-3.1903704787399247,1409.736990338767,1491.9283101240808
55.94596183756999,-3.1903704787399247,ENE,55.9460766425997,-3.1900933148801713,1515.1174659728786,1556.9382408417337
55.9460766425997,-3.1900933148801713,SW,55.94586451056534,-3.190305446914527,1515.1174659728786,1555.6882408417337
55.94586451056534,-3.190305446914527,SE,55.94565237853099,-3.1900933148801713,1515.1174659728786,1554.4382408417337
55.94565237853099,-3.1900933148801713,SSE,55.94537521467123,-3.189978509850462,1628.317571405579,1612.8018019580716
55.94537521467123,-3.189978509850462,E,55.94537521467123,-3.1896785098504616,1628.317571405579,1611.5518019580716
55.94537521467123,-3.1896785098504616,ENE,55.94549001970094,-3.1894013459907082,1628.317571405579,1610.3018019580716
55.94549001970094,-3.1894013459907082,E,55.94549001970094,-3.189101345990708,1628.317571405579,1609.0518019580716
55.94549001970094,-3.189101345990708,ENE,55.94560482473065,-3.1888241821309546,1628.317571405579,1607.8018019580716
55.94560482473065,-3.1888241821309546,E,55.94560482473065,-3.1885241821309545,1653.074291668802,1633.4585859812303
55.94560482473065,-3.1885241821309545,SSE,55.945327660870895,-3.188409377101245,1708.3006043041821,1704.4408017881278
55.945327660870895,-3.188409377101245,NNE,55.94560482473065,-3.1882945720715354,1813.9063627307396,1761.0432805052146
55.94560482473065,-3.1882945720715354,ENE,55.94571962976036,-3.188017408211782,1813.9063627307396,1759.7932805052146
55.94571962976036,-3.188017408211782,ENE,55.94583443479007,-3.1877402443520286,1813.9063627307396,1758.5432805052146
55.94583443479007,-3.1877402443520286,ENE,55.94594923981978,-3.1874630804922752,1813.9063627307396,1757.2932805052146
55.94594923981978,-3.1874630804922752,E,55.94594923981978,-3.187163080492275,1815.3616491890732,1845.8300849116847
55.94594923981978,-3.187163080492275,E,55.94594923981978,-3.186863080492275,1815.3616491890732,1844.5800849116847
55.94594923981978,-3.186863080492275,ESE,55.94583443479007,-3.1865859166325214,1940.04682691459,1918.6007947610644
55.94583443479007,-3.1865859166325214,S,55.94553443479007,-3.1865859166325214,1973.564353849076,1950.6319774111194
55.94553443479007,-3.1865859166325214,ENE,55.94564923981978,-3.186308752772768,1973.564353849076,1949.3819774111194
55.94564923981978,-3.186308752772768,NE,55.945861371854136,-3.1860966207384123,1973.564353849076,1948.1319774111194
55.945861371854136,-3.1860966207384123,ENE,55.945976176883846,-3.185819456878659,1973.564353849076,1946.8819774111194
55.945976176883846,-3.185819456878659,NE,55.9461883089182,-3.185607324844303,2010.4443815809555,2023.2531422613063
55.9461883089182,-3.185607324844303,ESE,55.94607350388849,-3.1853301609845497,2010.4443815809555,2022.0031422613063
55.94607350388849,-3.1853301609845497,ESE,55.94595869885878,-3.1850529971247963,2010.4443815809555,2020.7531422613063
55.94595869885878,-3.1850529971247963,SE,55.945746566824425,-3.1848408650904405,2128.020517655733,2144.1319564063097
55.945746566824425,-3.1848408650904405,ESE,55.945631761794715,-3.184563701230687,2219.846183587858,2235.044770716937
55.945631761794715,-3.184563701230687,SSW,55.94535459793496,-3.1846785062603966,2303.5570975201804,2298.895534554847
55.94535459793496,-3.1846785062603966,SE,55.9451424659006,-3.184466374226041,2386.465388202633,2322.3158070603413
55.9451424659006,-3.184466374226041,W,55.9451424659006,-3.184766374226041,2386.465388202633,2321.0658070603413
55.9451424659006,-3.184766374226041,W,55.9451424659006,-3.185066374226041,2502.143325849104,2369.040208390992
55.9451424659006,-3.185066374226041,SSE,55.944865302040846,-3.1849515691963317,2502.143325849104,2367.790208390992
55.944865302040846,-3.1849515691963317,SSE,55.94458813818109,-3.184836764166622,2502.143325849104,2366.540208390992
55.94458813818109,-3.184836764166622,SSE,55.94431097432133,-3.1847219591369127,2502.143325849104,2365.290208390992
55.94431097432133,-3.1847219591369127,SSE,55.944033810461576,-3.184607154107203,2502.143325849104,2364.040208390992
55.944033810461576,-3.184607154107203,S,55.94373381046157,-3.184607154107203,2502.143325849104,2362.790208390992
55.94373381046157,-3.184607154107203,SSE,55.94345664660182,-3.1844923490774937,2502.143325849104,2361.540208390992
55.94345664660182,-3.1844923490774937,S,55.943156646601814,-3.1844923490774937,2502.143325849104,2360.290208390992
55.943156646601814,-3.1844923490774937,SSE,55.94287948274206,-3.184377544047784,2554.6756145514205,2421.892143679499
55.94287948274206,-3.184377544047784,NNW,55.943156646601814,-3.1844923490774937,2554.6756145514205,2420.642143679499
55.943156646601814,-3.1844923490774937,SSE,55.94287948274206,-3.184377544047784,2554.6756145514205,2419.392143679499
55.94287948274206,-3.184377544047784,NNW,55.943156646601814,-3.1844923490774937,2554.6756145514205,2418.142143679499
55.943156646601814,-3.1844923490774937,SSE,55.94287948274206,-3.184377544047784,2554.6756145514205,2416.892143679499
55.94287948274206,-3.184377544047784,NNW,55.943156646601814,-3.1844923490774937,2554.6756145514205,2415.642143679499
55.943156646601814,-3.1844923490774937,SSE,55.94287948274206,-3.184377544047784,2554.6756145514205,2414.392143679499
55.94287948274206,-3.184377544047784,NNW,55.943156646601814,-3.1844923490774937,2554.6756145514205,2413.142143679499
55.943156646601814,-3.1844923490774937,SSE,55.94287948274206,-3.184377544047784,2554.6756145514205,2411.892143679499
55.94287948274206,-3.184377544047784,NNW,55.943156646601814,-3.1844923490774937,2554.6756145514205,2410.642143679499
55.943156646601814,-3.1844923490774937,SSE,55.94287948274206,-3.184377544047784,2554.6756145514205,2409.392143679499
55.94287948274206,-3.184377544047784,NNW,55.943156646601814,-3.1844923490774937,2554.6756145514205,2408.142143679499
55.943156646601814,-3.1844923490774937,SSE,55.94287948274206,-3.184377544047784,2554.6756145514205,2406.892143679499
55.94287948274206,-3.184377544047784,NNW,55.943156646601814,-3.1844923490774937,2554.6756145514205,2405.642143679499
55.943156646601814,-3.1844923490774937,SSE,55.94287948274206,-3.184377544047784,2554.6756145514205,2404.392143679499
55.94287948274206,-3.184377544047784,NNW,55.943156646601814,-3.1844923490774937,2554.6756145514205,2403.142143679499
55.943156646601814,-3.1844923490774937,SSE,55.94287948274206,-3.184377544047784,2554.6756145514205,2401.892143679499
55.94287948274206,-3.184377544047784,NNW,55.943156646601814,-3.1844923490774937,2554.6756145514205,2400.642143679499
55.943156646601814,-3.1844923490774937,SSE,55.94287948274206,-3.184377544047784,2554.6756145514205,2399.392143679499
55.94287948274206,-3.184377544047784,NNW,55.943156646601814,-3.1844923490774937,2554.6756145514205,2398.142143679499
55.943156646601814,-3.1844923490774937,SSE,55.94287948274206,-3.184377544047784,2554.6756145514205,2396.892143679499
55.94287948274206,-3.184377544047784,NNW,55.943156646601814,-3.1844923490774937,2554.6756145514205,2395.642143679499
55.943156646601814,-3.1844923490774937,SSE,55.94287948274206,-3.184377544047784,2554.6756145514205,2394.392143679499
55.94287948274206,-3.184377544047784,NNW,55.943156646601814,-3.1844923490774937,2554.6756145514205,2393.142143679499
55.943156646601814,-3.1844923490774937,SSE,55.94287948274206,-3.184377544047784,2554.6756145514205,2391.892143679499
55.94287948274206,-3.184377544047784,NNW,55.943156646601814,-3.1844923490774937,2554.6756145514205,2390.642143679499
55.943156646601814,-3.1844923490774937,SSE,55.94287948274206,-3.184377544047784,2554.6756145514205,2389.392143679499
55.94287948274206,-3.184377544047784,NNW,55.943156646601814,-3.1844923490774937,2554.6756145514205,2388.142143679499
55.943156646601814,-3.1844923490774937,SSE,55.94287948274206,-3.184377544047784,2554.6756145514205,2386.892143679499
55.94287948274206,-3.184377544047784,NNW,55.943156646601814,-3.1844923490774937,2554.6756145514205,2385.642143679499
55.943156646601814,-3.1844923490774937,SSE,55.94287948274206,-3.184377544047784,2554.6756145514205,2384.392143679499
55.94287948274206,-3.184377544047784,NNW,55.943156646601814,-3.1844923490774937,2554.6756145514205,2383.142143679499
55.943156646601814,-3.1844923490774937,SSE,55.94287948274206,-3.184377544047784,2554.6756145514205,2381.892143679499
55.94287948274206,-3.184377544047784,NNW,55.943156646601814,-3.1844923490774937,2554.6756145514205,2380.642143679499
55.943156646601814,-3.1844923490774937,SSE,55.94287948274206,-3.184377544047784,2554.6756145514205,2379.392143679499
55.94287948274206,-3.184377544047784,NNW,55.943156646601814,-3.1844923490774937,2554.6756145514205,2378.142143679499
55.943156646601814,-3.1844923490774937,SSE,55.94287948274206,-3.184377544047784,2554.6756145514205,2376.892143679499
55.94287948274206,-3.184377544047784,NNW,55.943156646601814,-3.1844923490774937,2554.6756145514205,2375.642143679499
55.943156646601814,-3.1844923490774937,SSE,55.94287948274206,-3.184377544047784,2554.6756145514205,2374.392143679499
55.94287948274206,-3.184377544047784,NNW,55.943156646601814,-3.1844923490774937,2554.6756145514205,2373.142143679499
55.943156646601814,-3.1844923490774937,SSE,55.94287948274206,-3.184377544047784,2554.6756145514205,2371.892143679499
55.94287948274206,-3.184377544047784,NNW,55.943156646601814,-3.1844923490774937,2554.6756145514205,2370.642143679499
55.943156646601814,-3.1844923490774937,SSE,55.94287948274206,-3.184377544047784,2554.6756145514205,2369.392143679499
55.94287948274206,-3.184377544047784,NNW,55.943156646601814,-3.1844923490774937,2554.6756145514205,2368.142143679499
55.943156646601814,-3.1844923490774937,SSE,55.94287948274206,-3.184377544047784,2554.6756145514205,2366.892143679499
55.94287948274206,-3.184377544047784,NNW,55.943156646601814,-3.1844923490774937,2554.6756145514205,2365.642143679499
55.943156646601814,-3.1844923490774937,SSE,55.94287948274206,-3.184377544047784,2554.6756145514205,2364.392143679499
55.94287948274206,-3.184377544047784,NNW,55.943156646601814,-3.1844923490774937,2554.6756145514205,2363.142143679499
55.943156646601814,-3.1844923490774937,SSE,55.94287948274206,-3.184377544047784,2554.6756145514205,2361.892143679499
55.94287948274206,-3.184377544047784,NNW,55.943156646601814,-3.1844923490774937,2554.6756145514205,2360.642143679499
55.943156646601814,-3.1844923490774937,SSE,55.94287948274206,-3.184377544047784,2554.6756145514205,2359.392143679499
55.94287948274206,-3.184377544047784,NNW,55.943156646601814,-3.1844923490774937,2554.6756145514205,2358.142143679499
55.943156646601814,-3.1844923490774937,SSE,55.94287948274206,-3.184377544047784,2554.6756145514205,2356.892143679499
55.94287948274206,-3.184377544047784,NNW,55.943156646601814,-3.1844923490774937,2554.6756145514205,2355.642143679499
55.943156646601814,-3.1844923490774937,SSE,55.94287948274206,-3.184377544047784,2554.6756145514205,2354.392143679499
55.94287948274206,-3.184377544047784,NNW,55.943156646601814,-3.1844923490774937,2554.6756145514205,2353.142143679499
55.943156646601814,-3.1844923490774937,SSE,55.94287948274206,-3.184377544047784,2554.6756145514205,2351.892143679499
55.94287948274206,-3.184377544047784,NNW,55.943156646601814,-3.1844923490774937,2554.6756145514205,2350.642143679499
55.943156646601814,-3.1844923490774937,SSE,55.94287948274206,-3.184377544047784,2554.6756145514205,2349.392143679499
55.94287948274206,-3.184377544047784,NNW,55.943156646601814,-3.1844923490774937,2554.6756145514205,2348.142143679499
55.943156646601814,-3.1844923490774937,SSE,55.94287948274206,-3.184377544047784,2554.6756145514205,2346.892143679499
55.94287948274206,-3.184377544047784,NNW,55.943156646601814,-3.1844923490774937,2554.6756145514205,2345.642143679499
55.943156646601814,-3.1844923490774937,SSE,55.94287948274206,-3.184377544047784,2554.6756145514205,2344.392143679499
55.94287948274206,-3.184377544047784,NNW,55.943156646601814,-3.1844923490774937,2554.6756145514205,2343.142143679499
55.943156646601814,-3.1844923490774937,SSE,55.94287948274206,-3.184377544047784,2554.6756145514205,2341.892143679499
55.94287948274206,-3.184377544047784,NNW,55.943156646601814,-3.1844923490774937,2554.6756145514205,2340.642143679499
55.943156646601814,-3.1844923490774937,SSE,55.94287948274206,-3.184377544047784,2554.6756145514205,2339.392143679499
55.94287948274206,-3.184377544047784,NNW,55.943156646601814,-3.1844923490774937,2554.6756145514205,2338.142143679499
55.943156646601814,-3.1844923490774937,SSE,55.94287948274206,-3.184377544047784,2554.6756145514205,2336.892143679499
55.94287948274206,-3.184377544047784,NNW,55.943156646601814,-3.1844923490774937,2554.6756145514205,2335.642143679499
55.943156646601814,-3.1844923490774937,SSE,55.94287948274206,-3.184377544047784,2554.6756145514205,2334.392143679499
55.94287948274206,-3.184377544047784,NNW,55.943156646601814,-3.1844923490774937,2554.6756145514205,2333.142143679499
55.943156646601814,-3.1844923490774937,SSE,55.94287948274206,-3.184377544047784,2554.6756145514205,2331.892143679499
55.94287948274206,-3.184377544047784,NNW,55.943156646601814,-3.1844923490774937,2554.6756145514205,2330.642143679499
55.943156646601814,-3.1844923490774937,SSE,55.94287948274206,-3.184377544047784,2554.6756145514205,2329.392143679499
55.94287948274206,-3.184377544047784,NNW,55.943156646601814,-3.1844923490774937,2554.6756145514205,2328.142143679499
55.943156646601814,-3.1844923490774937,SSE,55.94287948274206,-3.184377544047784,2554.6756145514205,2326.892143679499
55.94287948274206,-3.184377544047784,NNW,55.943156646601814,-3.1844923490774937,2554.6756145514205,2325.642143679499
55.943156646601814,-3.1844923490774937,SSE,55.94287948274206,-3.184377544047784,2554.6756145514205,2324.392143679499
55.94287948274206,-3.184377544047784,NNW,55.943156646601814,-3.1844923490774937,2554.6756145514205,2323.142143679499
55.943156646601814,-3.1844923490774937,SSE,55.94287948274206,-3.184377544047784,2554.6756145514205,2321.892143679499
55.94287948274206,-3.184377544047784,NNW,55.943156646601814,-3.1844923490774937,2554.6756145514205,2320.642143679499
55.943156646601814,-3.1844923490774937,SSE,55.94287948274206,-3.184377544047784,2554.6756145514205,2319.392143679499
55.94287948274206,-3.184377544047784,NNW,55.943156646601814,-3.1844923490774937,2554.6756145514205,2318.142143679499
55.943156646601814,-3.1844923490774937,SSE,55.94287948274206,-3.184377544047784,2554.6756145514205,2316.892143679499
55.94287948274206,-3.184377544047784,NNW,55.943156646601814,-3.1844923490774937,2554.6756145514205,2315.642143679499
55.943156646601814,-3.1844923490774937,SSE,55.94287948274206,-3.184377544047784,2554.6756145514205,2314.392143679499
55.94287948274206,-3.184377544047784,NNW,55.943156646601814,-3.1844923490774937,2554.6756145514205,2313.142143679499
55.943156646601814,-3.1844923490774937,SSE,55.94287948274206,-3.184377544047784,2554.6756145514205,2311.892143679499
55.94287948274206,-3.184377544047784,NNW,55.943156646601814,-3.1844923490774937,2554.6756145514205,2310.642143679499
55.943156646601814,-3.1844923490774937,SSE,55.94287948274206,-3.184377544047784,2554.6756145514205,2309.392143679499
55.94287948274206,-3.184377544047784,NNW,55.943156646601814,-3.1844923490774937,2554.6756145514205,2308.142143679499
55.943156646601814,-3.1844923490774937,SSE,55.94287948274206,-3.184377544047784,2554.6756145514205,2306.892143679499
55.94287948274206,-3.184377544047784,NNW,55.943156646601814,-3.1844923490774937,2554.6756145514205,2305.642143679499
55.943156646601814,-3.1844923490774937,SSE,55.94287948274206,-3.184377544047784,2554.6756145514205,2304.392143679499
55.94287948274206,-3.184377544047784,NNW,55.943156646601814,-3.1844923490774937,2554.6756145514205,2303.142143679499
55.943156646601814,-3.1844923490774937,SSE,55.94287948274206,-3.184377544047784,2554.6756145514205,2301.892143679499
55.94287948274206,-3.184377544047784,NNW,55.943156646601814,-3.1844923490774937,2554.6756145514205,2300.642143679499
55.943156646601814,-3.1844923490774937,SSE,55.94287948274206,-3.184377544047784,2554.6756145514205,2299.392143679499
55.94287948274206,-3.184377544047784,NNW,55.943156646601814,-3.1844923490774937,2554.6756145514205,2298.142143679499
55.943156646601814,-3.1844923490774937,SSE,55.94287948274206,-3.184377544047784,2554.6756145514205,2296.892143679499
55.94287948274206,-3.184377544047784,NNW,55.943156646601814,-3.1844923490774937,2554.6756145514205,2295.642143679499
55.943156646601814,-3.1844923490774937,SSE,55.94287948274206,-3.184377544047784,2554.6756145514205,2294.392143679499
55.94287948274206,-3.184377544047784,NNW,55.943156646601814,-3.1844923490774937,2554.6756145514205,2293.142143679499
55.943156646601814,-3.1844923490774937,SSE,55.94287948274206,-3.184377544047784,2554.6756145514205,2291.892143679499
55.94287948274206,-3.184377544047784,NNW,55.943156646601814,-3.1844923490774937,2554.6756145514205,2290.642143679499
55.943156646601814,-3.1844923490774937,SSE,55.94287948274206,-3.184377544047784,2554.6756145514205,2289.392143679499
55.94287948274206,-3.184377544047784,NNW,55.943156646601814,-3.1844923490774937,2554.6756145514205,2288.142143679499
55.943156646601814,-3.1844923490774937,SSE,55.94287948274206,-3.184377544047784,2554.6756145514205,2286.892143679499
55.94287948274206,-3.184377544047784,NNW,55.943156646601814,-3.1844923490774937,2554.6756145514205,2285.642143679499
55.943156646601814,-3.1844923490774937,SSE,55.94287948274206,-3.184377544047784,2554.6756145514205,2284.392143679499
55.94287948274206,-3.184377544047784,NNW,55.943156646601814,-3.1844923490774937,2554.6756145514205,2283.142143679499
55.943156646601814,-3.1844923490774937,SSE,55.94287948274206,-3.184377544047784,2554.6756145514205,2281.892143679499
55.94287948274206,-3.184377544047784,NNW,55.943156646601814,-3.1844923490774937,2554.6756145514205,2280.642143679499
55.943156646601814,-3.1844923490774937,SSE,55.94287948274206,-3.184377544047784,2554.6756145514205,2279.392143679499
55.94287948274206,-3.184377544047784,NNW,55.943156646601814,-3.1844923490774937,2554.6756145514205,2278.142143679499
55.943156646601814,-3.1844923490774937,SSE,55.94287948274206,-3.184377544047784,2554.6756145514205,2276.892143679499
55.94287948274206,-3.184377544047784,NNW,55.943156646601814,-3.1844923490774937,2554.6756145514205,2275.642143679499
55.943156646601814,-3.1844923490774937,SSE,55.94287948274206,-3.184377544047784,2554.6756145514205,2274.392143679499
55.94287948274206,-3.184377544047784,NNW,55.943156646601814,-3.1844923490774937,2554.6756145514205,2273.142143679499
55.943156646601814,-3.1844923490774937,SSE,55.94287948274206,-3.184377544047784,2554.6756145514205,2271.892143679499
55.94287948274206,-3.184377544047784,NNW,55.943156646601814,-3.1844923490774937,2554.6756145514205,2270.642143679499
55.943156646601814,-3.1844923490774937,SSE,55.94287948274206,-3.184377544047784,2554.6756145514205,2269.392143679499
55.94287948274206,-3.184377544047784,NNW,55.943156646601814,-3.1844923490774937,2554.6756145514205,2268.142143679499
55.943156646601814,-3.1844923490774937,SSE,55.94287948274206,-3.184377544047784,2554.6756145514205,2266.892143679499
55.94287948274206,-3.184377544047784,NNW,55.943156646601814,-3.1844923490774937,2554.6756145514205,2265.642143679499
55.943156646601814,-3.1844923490774937,SSE,55.94287948274206,-3.184377544047784,2554.6756145514205,2264.392143679499
55.94287948274206,-3.184377544047784,NNW,55.943156646601814,-3.1844923490774937,2554.6756145514205,2263.142143679499
55.943156646601814,-3.1844923490774937,SSE,55.94287948274206,-3.184377544047784,2554.6756145514205,2261.892143679499
55.94287948274206,-3.184377544047784,NNW,55.943156646601814,-3.1844923490774937,2554.6756145514205,2260.642143679499
55.943156646601814,-3.1844923490774937,SSE,55.94287948274206,-3.184377544047784,2554.6756145514205,2259.392143679499
55.94287948274206,-3.184377544047784,NNW,55.943156646601814,-3.1844923490774937,2554.6756145514205,2258.142143679499
55.943156646601814,-3.1844923490774937,SSE,55.94287948274206,-3.184377544047784,2554.6756145514205,2256.892143679499
55.94287948274206,-3.184377544047784,NNW,55.943156646601814,-3.1844923490774937,2554.6756145514205,2255.642143679499
55.943156646601814,-3.1844923490774937,SSE,55.94287948274206,-3.184377544047784,2554.6756145514205,2254.392143679499
55.94287948274206,-3.184377544047784,NNW,55.943156646601814,-3.1844923490774937,2554.6756145514205,2253.142143679499
55.943156646601814,-3.1844923490774937,SSE,55.94287948274206,-3.184377544047784,2554.6756145514205,2251.892143679499
55.94287948274206,-3.184377544047784,NNW,55.943156646601814,-3.1844923490774937,2554.6756145514205,2250.642143679499
55.943156646601814,-3.1844923490774937,SSE,55.94287948274206,-3.184377544047784,2554.6756145514205,2249.392143679499
55.94287948274206,-3.184377544047784,NNW,55.943156646601814,-3.1844923490774937,2554.6756145514205,2248.142143679499
55.943156646601814,-3.1844923490774937,SSE,55.94287948274206,-3.184377544047784,2554.6756145514205,2246.892143679499
55.94287948274206,-3.184377544047784,NNW,55.943156646601814,-3.1844923490774937,2554.6756145514205,2245.642143679499
55.943156646601814,-3.1844923490774937,SSE,55.94287948274206,-3.184377544047784,2554.6756145514205,2244.392143679499
55.94287948274206,-3.184377544047784,NNW,55.943156646601814,-3.1844923490774937,2554.6756145514205,2243.142143679499
55.943156646601814,-3.1844923490774937,SSE,55.94287948274206,-3.184377544047784,2554.6756145514205,2241.892143679499
55.94287948274206,-3.184377544047784,NNW,55.943156646601814,-3.1844923490774937,2554.6756145514205,2240.642143679499
