55.944425,-3.188396,W,55.944425,-3.188696,87.60809863734512,261.88035397043666
55.944425,-3.188696,W,55.944425,-3.1889960000000004,87.60809863734512,260.63035397043666
55.944425,-3.1889960000000004,W,55.944425,-3.1892960000000006,154.92081348384872,290.8051710288488
55.944425,-3.1892960000000006,WSW,55.94431019497029,-3.189573163859754,154.92081348384872,289.5551710288488
55.94431019497029,-3.189573163859754,SW,55.944098062935936,-3.1897852958941098,259.5586848426649,306.4755956743363
55.944098062935936,-3.1897852958941098,S,55.94379806293593,-3.1897852958941098,259.5586848426649,305.2255956743363
55.94379806293593,-3.1897852958941098,SSW,55.94352089907618,-3.1899001009238193,259.5586848426649,303.9755956743363
55.94352089907618,-3.1899001009238193,S,55.943220899076174,-3.1899001009238193,355.927814669392,333.29041459080344
55.943220899076174,-3.1899001009238193,S,55.94292089907617,-3.1899001009238193,419.4109061392693,409.4175164833056
55.94292089907617,-3.1899001009238193,E,55.94292089907617,-3.189600100923819,419.4109061392693,408.1675164833056
55.94292089907617,-3.189600100923819,E,55.94292089907617,-3.189300100923819,419.4109061392693,406.9175164833056
55.94292089907617,-3.189300100923819,ESE,55.94280609404646,-3.1890229370640655,531.9188960573199,439.2518848894398
55.94280609404646,-3.1890229370640655,ESE,55.94269128901675,-3.188745773204312,626.8351540451291,452.17990541931596
55.94269128901675,-3.188745773204312,NE,55.942903421051106,-3.1885336411699563,626.8351540451291,450.92990541931596
55.942903421051106,-3.1885336411699563,NE,55.94311555308546,-3.1883215091356005,626.8351540451291,449.67990541931596
55.94311555308546,-3.1883215091356005,NE,55.94332768511982,-3.1881093771012448,658.3429188902655,516.3664230570141
55.94332768511982,-3.1881093771012448,SE,55.94311555308546,-3.187897245066889,658.3429188902655,515.1164230570141
55.94311555308546,-3.187897245066889,ESE,55.94300074805575,-3.1876200812071356,766.7072326246217,636.3335909997102
55.94300074805575,-3.1876200812071356,SSW,55.942723584195996,-3.187734886236845,858.6072173437417,678.0415283330699
55.942723584195996,-3.187734886236845,NE,55.94293571623035,-3.1875227542024893,858.6072173437417,676.7915283330699
55.94293571623035,-3.1875227542024893,NE,55.94314784826471,-3.1873106221681335,858.6072173437417,675.5415283330699
55.94314784826471,-3.1873106221681335,ENE,55.94326265329442,-3.18703345830838,858.6072173437417,674.2915283330699
55.94326265329442,-3.18703345830838,NE,55.943474785328775,-3.1868213262740244,907.1245911816687,750.9007232475996
55.943474785328775,-3.1868213262740244,ESE,55.943359980299064,-3.186544162414271,910.2255354726773,782.4442849026947
55.943359980299064,-3.186544162414271,NE,55.94357211233342,-3.186332030379915,910.2255354726773,781.1942849026947
55.94357211233342,-3.186332030379915,NNE,55.94384927619318,-3.1862172253502057,1026.7058428736382,835.4000312056837
55.94384927619318,-3.1862172253502057,NNE,55.94412644005293,-3.186102420320496,1136.2881612687356,894.6396585321716
55.94412644005293,-3.186102420320496,NNE,55.94440360391269,-3.1859876152907867,1142.263013623384,927.5138121274215
55.94440360391269,-3.1859876152907867,WNW,55.9445184089424,-3.18626477915054,1259.7878555845823,1044.5454212389177
55.9445184089424,-3.18626477915054,NW,55.94473054097676,-3.186476911184896,1296.8309552151568,1055.8371618337692
55.94473054097676,-3.186476911184896,NNW,55.94500770483651,-3.1865917162146054,1296.8309552151568,1054.5871618337692
55.94500770483651,-3.1865917162146054,NNW,55.94528486869627,-3.186706521244315,1358.459395145556,1130.3123062061284
55.94528486869627,-3.186706521244315,ENE,55.94539967372598,-3.1864293573845615,1358.459395145556,1129.0623062061284
55.94539967372598,-3.1864293573845615,NE,55.945611805760336,-3.1862172253502057,1358.459395145556,1127.8123062061284
55.945611805760336,-3.1862172253502057,NE,55.94582393779469,-3.18600509331585,1465.4949872799048,1208.502824212755
55.94582393779469,-3.18600509331585,ESE,55.94570913276498,-3.1857279294560965,1465.4949872799048,1207.252824212755
55.94570913276498,-3.1857279294560965,ESE,55.94559432773527,-3.185450765596343,1465.4949872799048,1206.002824212755
55.94559432773527,-3.185450765596343,ESE,55.94547952270556,-3.1851736017365897,1549.5081056602905,1216.4057079070262
55.94547952270556,-3.1851736017365897,S,55.94517952270556,-3.1851736017365897,1549.5081056602905,1215.1557079070262
55.94517952270556,-3.1851736017365897,SSE,55.9449023588458,-3.18505879670688,1549.5081056602905,1213.9057079070262
55.9449023588458,-3.18505879670688,S,55.9446023588458,-3.18505879670688,1549.5081056602905,1212.6557079070262
55.9446023588458,-3.18505879670688,SSE,55.94432519498604,-3.1849439916771707,1549.5081056602905,1211.4057079070262
55.94432519498604,-3.1849439916771707,WSW,55.94421038995633,-3.185221155536924,1549.5081056602905,1210.1557079070262
55.94421038995633,-3.185221155536924,SW,55.943998257921976,-3.18543328757128,1549.5081056602905,1208.9057079070262
55.943998257921976,-3.18543328757128,SSE,55.94372109406222,-3.1853184825415704,1549.5081056602905,1207.6557079070262
55.94372109406222,-3.1853184825415704,SE,55.94350896202786,-3.1851063505072146,1549.5081056602905,1206.4057079070262
55.94350896202786,-3.1851063505072146,SW,55.94329682999351,-3.1853184825415704,1549.5081056602905,1205.1557079070262
55.94329682999351,-3.1853184825415704,ESE,55.9431820249638,-3.185041318681817,1549.5081056602905,1203.9057079070262
55.9431820249638,-3.185041318681817,E,55.9431820249638,-3.1847413186818168,1578.1672092398774,1321.2757548134407
55.9431820249638,-3.1847413186818168,WSW,55.943067219934086,-3.18501848254157,1578.1672092398774,1320.0257548134407
55.943067219934086,-3.18501848254157,WSW,55.942952414904376,-3.1852956464013236,1578.1672092398774,1318.7757548134407
55.942952414904376,-3.1852956464013236,WSW,55.942837609874665,-3.185572810261077,1578.1672092398774,1317.5257548134407
55.942837609874665,-3.185572810261077,WSW,55.942722804844955,-3.1858499741208304,1578.1672092398774,1316.2757548134407
55.942722804844955,-3.1858499741208304,W,55.942722804844955,-3.1861499741208306,1662.6564657556055,1391.0753667502254
55.942722804844955,-3.1861499741208306,NW,55.94293493687931,-3.1863621061551863,1662.6564657556055,1389.8253667502254
55.94293493687931,-3.1863621061551863,NW,55.94314706891367,-3.186574238189542,1662.6564657556055,1388.5753667502254
55.94314706891367,-3.186574238189542,NW,55.943359200948024,-3.186786370223898,1662.6564657556055,1387.3253667502254
55.943359200948024,-3.186786370223898,NW,55.94357133298238,-3.1869985022582537,1662.6564657556055,1386.0753667502254
55.94357133298238,-3.1869985022582537,NW,55.943783465016736,-3.1872106342926094,1662.6564657556055,1384.8253667502254
55.943783465016736,-3.1872106342926094,NW,55.94399559705109,-3.187422766326965,1749.3079679329521,1394.3413905194252
55.94399559705109,-3.187422766326965,NW,55.94420772908545,-3.187634898361321,1749.3079679329521,1393.0913905194252
55.94420772908545,-3.187634898361321,NW,55.944419861119805,-3.1878470303956767,1749.3079679329521,1391.8413905194252
55.944419861119805,-3.1878470303956767,NW,55.94463199315416,-3.1880591624300325,1749.3079679329521,1390.5913905194252
55.94463199315416,-3.1880591624300325,NW,55.94484412518852,-3.1882712944643883,1749.3079679329521,1389.3413905194252
55.94484412518852,-3.1882712944643883,NW,55.94505625722287,-3.188483426498744,1749.3079679329521,1388.0913905194252
55.94505625722287,-3.188483426498744,NNW,55.94533342108263,-3.1885982315284536,1869.1088094593963,1460.5792656875183
55.94533342108263,-3.1885982315284536,WNW,55.94544822611234,-3.188875395388207,1869.1088094593963,1459.3292656875183
55.94544822611234,-3.188875395388207,WNW,55.94556303114205,-3.1891525592479604,1869.1088094593963,1458.0792656875183
55.94556303114205,-3.1891525592479604,W,55.94556303114205,-3.1894525592479606,1990.69257873866,1491.3103785608723
55.94556303114205,-3.1894525592479606,SW,55.945350899107694,-3.1896646912823163,1990.69257873866,1490.0603785608723
55.945350899107694,-3.1896646912823163,SW,55.94513876707334,-3.189876823316672,1990.69257873866,1488.8103785608723
55.94513876707334,-3.189876823316672,WSW,55.94502396204363,-3.1901539871764255,1990.69257873866,1487.5603785608723
55.94502396204363,-3.1901539871764255,SW,55.94481183000927,-3.1903661192107813,2112.8756034679523,1529.4311244871365
55.94481183000927,-3.1903661192107813,NW,55.94502396204363,-3.190578251245137,2112.8756034679523,1528.1811244871365
55.94502396204363,-3.190578251245137,NW,55.945236094077984,-3.190790383279493,2217.3728121308845,1626.7395038914863
55.945236094077984,-3.190790383279493,W,55.945236094077984,-3.191090383279493,2229.3170610793554,1743.1496152170678
55.945236094077984,-3.191090383279493,WSW,55.945121289048274,-3.1913675471392464,2328.6727288662764,1817.5256738036978
55.945121289048274,-3.1913675471392464,WSW,55.94500648401856,-3.191644710999,2328.6727288662764,1816.2756738036978
55.94500648401856,-3.191644710999,SW,55.94479435198421,-3.1918568430333556,2445.6176746344804,1830.576225385595
55.94479435198421,-3.1918568430333556,NW,55.94500648401856,-3.1920689750677114,2459.0199237434745,1886.0667337679192
55.94500648401856,-3.1920689750677114,SSE,55.94472932015881,-3.191954170038002,2459.0199237434745,1884.8167337679192
55.94472932015881,-3.191954170038002,SSE,55.94445215629905,-3.1918393650082924,2459.0199237434745,1883.5667337679192
55.94445215629905,-3.1918393650082924,S,55.94415215629905,-3.1918393650082924,2494.5482607058034,1901.0300100737097
55.94415215629905,-3.1918393650082924,E,55.94415215629905,-3.191539365008292,2529.9508964570477,1937.2414003357453
55.94415215629905,-3.191539365008292,WSW,55.94403735126934,-3.1918165288680456,2555.1521343594663,2011.7843866402645
55.94403735126934,-3.1918165288680456,ESE,55.94392254623963,-3.191539365008292,2555.1521343594663,2010.5343866402645
55.94392254623963,-3.191539365008292,SE,55.94371041420527,-3.1913272329739364,2595.423452038354,2036.3622070817921
55.94371041420527,-3.1913272329739364,S,55.94341041420527,-3.1913272329739364,2595.423452038354,2035.1122070817921
55.94341041420527,-3.1913272329739364,S,55.943110414205265,-3.1913272329739364,2664.1109104925763,2049.231991552902
55.943110414205265,-3.1913272329739364,WNW,55.943225219234975,-3.19160439683369,2664.1109104925763,2047.981991552902
55.943225219234975,-3.19160439683369,W,55.943225219234975,-3.19190439683369,2664.1109104925763,2046.731991552902
55.943225219234975,-3.19190439683369,WNW,55.943340024264685,-3.1921815606934434,2684.536139346784,2165.402198004585
55.943340024264685,-3.1921815606934434,SW,55.94312789223033,-3.192393692727799,2743.817412501245,2194.634027300192
55.94312789223033,-3.192393692727799,N,55.94342789223033,-3.192393692727799,2746.8022170671798,2262.5081808399423
55.94342789223033,-3.192393692727799,NNE,55.94370505609009,-3.1922788876980897,2746.8022170671798,2261.2581808399423
55.94370505609009,-3.1922788876980897,NNE,55.943982219949845,-3.19216408266838,2746.8022170671798,2260.0081808399423
55.943982219949845,-3.19216408266838,NNE,55.9442593838096,-3.1920492776386706,2746.8022170671798,2258.7581808399423
55.9442593838096,-3.1920492776386706,NNE,55.94453654766936,-3.191934472608961,2746.8022170671798,2257.5081808399423
55.94453654766936,-3.191934472608961,NNE,55.944813711529115,-3.1918196675792516,2746.8022170671798,2256.2581808399423
55.944813711529115,-3.1918196675792516,NNE,55.94509087538887,-3.191704862549542,2746.8022170671798,2255.0081808399423
55.94509087538887,-3.191704862549542,NNE,55.94536803924863,-3.1915900575198326,2746.8022170671798,2253.7581808399423
55.94536803924863,-3.1915900575198326,NNE,55.945645203108384,-3.191475252490123,2746.8022170671798,2252.5081808399423
55.945645203108384,-3.191475252490123,SE,55.94543307107403,-3.1912631204557673,2746.8022170671798,2251.2581808399423
55.94543307107403,-3.1912631204557673,N,55.94573307107403,-3.1912631204557673,2746.8022170671798,2250.0081808399423
55.94573307107403,-3.1912631204557673,NNE,55.94601023493379,-3.191148315426058,2852.8895990480764,2363.09239589981
55.94601023493379,-3.191148315426058,ESE,55.94589542990408,-3.1908711515663044,2921.500693814433,2363.798777126885
55.94589542990408,-3.1908711515663044,WNW,55.94601023493379,-3.191148315426058,2921.500693814433,2362.548777126885
55.94601023493379,-3.191148315426058,ESE,55.94589542990408,-3.1908711515663044,2921.500693814433,2361.298777126885
55.94589542990408,-3.1908711515663044,WNW,55.94601023493379,-3.191148315426058,2921.500693814433,2360.048777126885
55.94601023493379,-3.191148315426058,ESE,55.94589542990408,-3.1908711515663044,2921.500693814433,2358.798777126885
55.94589542990408,-3.1908711515663044,WNW,55.94601023493379,-3.191148315426058,2921.500693814433,2357.548777126885
55.94601023493379,-3.191148315426058,ESE,55.94589542990408,-3.1908711515663044,2921.500693814433,2356.298777126885
55.94589542990408,-3.1908711515663044,WNW,55.94601023493379,-3.191148315426058,2921.500693814433,2355.048777126885
55.94601023493379,-3.191148315426058,ESE,55.94589542990408,-3.1908711515663044,2921.500693814433,2353.798777126885
55.94589542990408,-3.1908711515663044,WNW,55.94601023493379,-3.191148315426058,2921.500693814433,2352.548777126885
55.94601023493379,-3.191148315426058,ESE,55.94589542990408,-3.1908711515663044,2921.500693814433,2351.298777126885
55.94589542990408,-3.1908711515663044,WNW,55.94601023493379,-3.191148315426058,2921.500693814433,2350.048777126885
55.94601023493379,-3.191148315426058,ESE,55.94589542990408,-3.1908711515663044,2921.500693814433,2348.798777126885
55.94589542990408,-3.1908711515663044,WNW,55.94601023493379,-3.191148315426058,2921.500693814433,2347.548777126885
55.94601023493379,-3.191148315426058,ESE,55.94589542990408,-3.1908711515663044,2921.500693814433,2346.298777126885
55.94589542990408,-3.1908711515663044,WNW,55.94601023493379,-3.191148315426058,2921.500693814433,2345.048777126885
55.94601023493379,-3.191148315426058,ESE,55.94589542990408,-3.1908711515663044,2921.500693814433,2343.798777126885
55.94589542990408,-3.1908711515663044,WNW,55.94601023493379,-3.191148315426058,2921.500693814433,2342.548777126885
55.94601023493379,-3.191148315426058,ESE,55.94589542990408,-3.1908711515663044,2921.500693814433,2341.298777126885
55.94589542990408,-3.1908711515663044,WNW,55.94601023493379,-3.191148315426058,2921.500693814433,2340.048777126885
55.94601023493379,-3.191148315426058,ESE,55.94589542990408,-3.1908711515663044,2921.500693814433,2338.798777126885
55.94589542990408,-3.1908711515663044,WNW,55.94601023493379,-3.191148315426058,2921.500693814433,2337.548777126885
55.94601023493379,-3.191148315426058,ESE,55.94589542990408,-3.1908711515663044,2921.500693814433,2336.298777126885
55.94589542990408,-3.1908711515663044,WNW,55.94601023493379,-3.191148315426058,2921.500693814433,2335.048777126885
55.94601023493379,-3.191148315426058,ESE,55.94589542990408,-3.1908711515663044,2921.500693814433,2333.798777126885
55.94589542990408,-3.1908711515663044,WNW,55.94601023493379,-3.191148315426058,2921.500693814433,2332.548777126885
55.94601023493379,-3.191148315426058,ESE,55.94589542990408,-3.1908711515663044,2921.500693814433,2331.298777126885
55.94589542990408,-3.1908711515663044,WNW,55.94601023493379,-3.191148315426058,2921.500693814433,2330.048777126885
55.94601023493379,-3.191148315426058,ESE,55.94589542990408,-3.1908711515663044,2921.500693814433,2328.798777126885
55.94589542990408,-3.1908711515663044,WNW,55.94601023493379,-3.191148315426058,2921.500693814433,2327.548777126885
55.94601023493379,-3.191148315426058,ESE,55.94589542990408,-3.1908711515663044,2921.500693814433,2326.298777126885
55.94589542990408,-3.1908711515663044,WNW,55.94601023493379,-3.191148315426058,2921.500693814433,2325.048777126885
55.94601023493379,-3.191148315426058,ESE,55.94589542990408,-3.1908711515663044,2921.500693814433,2323.798777126885
55.94589542990408,-3.1908711515663044,WNW,55.94601023493379,-3.191148315426058,2921.500693814433,2322.548777126885
55.94601023493379,-3.191148315426058,ESE,55.94589542990408,-3.1908711515663044,2921.500693814433,2321.298777126885
55.94589542990408,-3.1908711515663044,WNW,55.94601023493379,-3.191148315426058,2921.500693814433,2320.048777126885
55.94601023493379,-3.191148315426058,ESE,55.94589542990408,-3.1908711515663044,2921.500693814433,2318.798777126885
55.94589542990408,-3.1908711515663044,WNW,55.94601023493379,-3.191148315426058,2921.500693814433,2317.548777126885
55.94601023493379,-3.191148315426058,ESE,55.94589542990408,-3.1908711515663044,2921.500693814433,2316.298777126885
55.94589542990408,-3.1908711515663044,WNW,55.94601023493379,-3.191148315426058,2921.500693814433,2315.048777126885
55.94601023493379,-3.191148315426058,ESE,55.94589542990408,-3.1908711515663044,2921.500693814433,2313.798777126885
55.94589542990408,-3.1908711515663044,WNW,55.94601023493379,-3.191148315426058,2921.500693814433,2312.548777126885
55.94601023493379,-3.191148315426058,ESE,55.94589542990408,-3.1908711515663044,2921.500693814433,2311.298777126885
55.94589542990408,-3.1908711515663044,WNW,55.94601023493379,-3.191148315426058,2921.500693814433,2310.048777126885
55.94601023493379,-3.191148315426058,ESE,55.94589542990408,-3.1908711515663044,2921.500693814433,2308.798777126885
55.94589542990408,-3.1908711515663044,WNW,55.94601023493379,-3.191148315426058,2921.500693814433,2307.548777126885
55.94601023493379,-3.191148315426058,ESE,55.94589542990408,-3.1908711515663044,2921.500693814433,2306.298777126885
55.94589542990408,-3.1908711515663044,WNW,55.94601023493379,-3.191148315426058,2921.500693814433,2305.048777126885
55.94601023493379,-3.191148315426058,ESE,55.94589542990408,-3.1908711515663044,2921.500693814433,2303.798777126885
55.94589542990408,-3.1908711515663044,WNW,55.94601023493379,-3.191148315426058,2921.500693814433,2302.548777126885
55.94601023493379,-3.191148315426058,ESE,55.94589542990408,-3.1908711515663044,2921.500693814433,2301.298777126885
55.94589542990408,-3.1908711515663044,WNW,55.94601023493379,-3.191148315426058,2921.500693814433,2300.048777126885
55.94601023493379,-3.191148315426058,ESE,55.94589542990408,-3.1908711515663044,2921.500693814433,2298.798777126885
55.94589542990408,-3.1908711515663044,WNW,55.94601023493379,-3.191148315426058,2921.500693814433,2297.548777126885
55.94601023493379,-3.191148315426058,ESE,55.94589542990408,-3.1908711515663044,2921.500693814433,2296.298777126885
55.94589542990408,-3.1908711515663044,WNW,55.94601023493379,-3.191148315426058,2921.500693814433,2295.048777126885
55.94601023493379,-3.191148315426058,ESE,55.94589542990408,-3.1908711515663044,2921.500693814433,2293.798777126885
55.94589542990408,-3.1908711515663044,WNW,55.94601023493379,-3.191148315426058,2921.500693814433,2292.548777126885
55.94601023493379,-3.191148315426058,ESE,55.94589542990408,-3.1908711515663044,2921.500693814433,2291.298777126885
55.94589542990408,-3.1908711515663044,WNW,55.94601023493379,-3.191148315426058,2921.500693814433,2290.048777126885
55.94601023493379,-3.191148315426058,ESE,55.94589542990408,-3.1908711515663044,2921.500693814433,2288.798777126885
55.94589542990408,-3.1908711515663044,WNW,55.94601023493379,-3.191148315426058,2921.500693814433,2287.548777126885
55.94601023493379,-3.191148315426058,ESE,55.94589542990408,-3.1908711515663044,2921.500693814433,2286.298777126885
55.94589542990408,-3.1908711515663044,WNW,55.94601023493379,-3.191148315426058,2921.500693814433,2285.048777126885
55.94601023493379,-3.191148315426058,ESE,55.94589542990408,-3.1908711515663044,2921.500693814433,2283.798777126885
55.94589542990408,-3.1908711515663044,WNW,55.94601023493379,-3.191148315426058,2921.500693814433,2282.548777126885
55.94601023493379,-3.191148315426058,ESE,55.94589542990408,-3.1908711515663044,2921.500693814433,2281.298777126885
55.94589542990408,-3.1908711515663044,WNW,55.94601023493379,-3.191148315426058,2921.500693814433,2280.048777126885
55.94601023493379,-3.191148315426058,ESE,55.94589542990408,-3.1908711515663044,2921.500693814433,2278.798777126885
55.94589542990408,-3.1908711515663044,WNW,55.94601023493379,-3.191148315426058,2921.500693814433,2277.548777126885
55.94601023493379,-3.191148315426058,ESE,55.94589542990408,-3.1908711515663044,2921.500693814433,2276.298777126885
55.94589542990408,-3.1908711515663044,WNW,55.94601023493379,-3.191148315426058,2921.500693814433,2275.048777126885
55.94601023493379,-3.191148315426058,ESE,55.94589542990408,-3.1908711515663044,2921.500693814433,2273.798777126885
55.94589542990408,-3.1908711515663044,WNW,55.94601023493379,-3.191148315426058,2921.500693814433,2272.548777126885
55.94601023493379,-3.191148315426058,ESE,55.94589542990408,-3.1908711515663044,2921.500693814433,2271.298777126885
55.94589542990408,-3.1908711515663044,WNW,55.94601023493379,-3.191148315426058,2921.500693814433,2270.048777126885
55.94601023493379,-3.191148315426058,ESE,55.94589542990408,-3.1908711515663044,2921.500693814433,2268.798777126885
55.94589542990408,-3.1908711515663044,WNW,55.94601023493379,-3.191148315426058,2921.500693814433,2267.548777126885
55.94601023493379,-3.191148315426058,ESE,55.94589542990408,-3.1908711515663044,2921.500693814433,2266.298777126885
55.94589542990408,-3.1908711515663044,WNW,55.94601023493379,-3.191148315426058,2921.500693814433,2265.048777126885
55.94601023493379,-3.191148315426058,ESE,55.94589542990408,-3.1908711515663044,2921.500693814433,2263.798777126885
55.94589542990408,-3.1908711515663044,WNW,55.94601023493379,-3.191148315426058,2921.500693814433,2262.548777126885
55.94601023493379,-3.191148315426058,ESE,55.94589542990408,-3.1908711515663044,2921.500693814433,2261.298777126885
55.94589542990408,-3.1908711515663044,WNW,55.94601023493379,-3.191148315426058,2921.500693814433,2260.048777126885
55.94601023493379,-3.191148315426058,ESE,55.94589542990408,-3.1908711515663044,2921.500693814433,2258.798777126885
55.94589542990408,-3.1908711515663044,WNW,55.94601023493379,-3.191148315426058,2921.500693814433,2257.548777126885
55.94601023493379,-3.191148315426058,ESE,55.94589542990408,-3.1908711515663044,2921.500693814433,2256.298777126885
55.94589542990408,-3.1908711515663044,WNW,55.94601023493379,-3.191148315426058,2921.500693814433,2255.048777126885
55.94601023493379,-3.191148315426058,ESE,55.94589542990408,-3.1908711515663044,2921.500693814433,2253.798777126885
55.94589542990408,-3.1908711515663044,WNW,55.94601023493379,-3.191148315426058,2921.500693814433,2252.548777126885
55.94601023493379,-3.191148315426058,ESE,55.94589542990408,-3.1908711515663044,2921.500693814433,2251.298777126885
55.94589542990408,-3.1908711515663044,WNW,55.94601023493379,-3.191148315426058,2921.500693814433,2250.048777126885
55.94601023493379,-3.191148315426058,ESE,55.94589542990408,-3.1908711515663044,2921.500693814433,2248.798777126885
55.94589542990408,-3.1908711515663044,WNW,55.94601023493379,-3.191148315426058,2921.500693814433,2247.548777126885
55.94601023493379,-3.191148315426058,ESE,55.94589542990408,-3.1908711515663044,2921.500693814433,2246.298777126885
55.94589542990408,-3.1908711515663044,WNW,55.94601023493379,-3.191148315426058,2921.500693814433,2245.048777126885
55.94601023493379,-3.191148315426058,ESE,55.94589542990408,-3.1908711515663044,2921.500693814433,2243.798777126885
55.94589542990408,-3.1908711515663044,WNW,55.94601023493379,-3.191148315426058,2921.500693814433,2242.548777126885
55.94601023493379,-3.191148315426058,ESE,55.94589542990408,-3.1908711515663044,2921.500693814433,2241.298777126885
55.94589542990408,-3.1908711515663044,WNW,55.94601023493379,-3.191148315426058,2921.500693814433,2240.048777126885
55.94601023493379,-3.191148315426058,ESE,55.94589542990408,-3.1908711515663044,2921.500693814433,2238.798777126885
55.94589542990408,-3.1908711515663044,WNW,55.94601023493379,-3.191148315426058,2921.500693814433,2237.548777126885
55.94601023493379,-3.191148315426058,ESE,55.94589542990408,-3.1908711515663044,2921.500693814433,2236.298777126885
55.94589542990408,-3.1908711515663044,WNW,55.94601023493379,-3.191148315426058,2921.500693814433,2235.048777126885
55.94601023493379,-3.191148315426058,ESE,55.94589542990408,-3.1908711515663044,2921.500693814433,2233.798777126885
55.94589542990408,-3.1908711515663044,WNW,55.94601023493379,-3.191148315426058,2921.500693814433,2232.548777126885
55.94601023493379,-3.191148315426058,ESE,55.94589542990408,-3.1908711515663044,2921.500693814433,2231.298777126885
55.94589542990408,-3.1908711515663044,WNW,55.94601023493379,-3.191148315426058,2921.500693814433,2230.048777126885
55.94601023493379,-3.191148315426058,ESE,55.94589542990408,-3.1908711515663044,2921.500693814433,2228.798777126885
55.94589542990408,-3.1908711515663044,WNW,55.94601023493379,-3.191148315426058,2921.500693814433,2227.548777126885
55.94601023493379,-3.191148315426058,ESE,55.94589542990408,-3.1908711515663044,2921.500693814433,2226.298777126885
55.94589542990408,-3.1908711515663044,WNW,55.94601023493379,-3.191148315426058,2921.500693814433,2225.048777126885
55.94601023493379,-3.191148315426058,ESE,55.94589542990408,-3.1908711515663044,2921.500693814433,2223.798777126885
55.94589542990408,-3.1908711515663044,WNW,55.94601023493379,-3.191148315426058,2921.500693814433,2222.548777126885
55.94601023493379,-3.191148315426058,ESE,55.94589542990408,-3.1908711515663044,2921.500693814433,2221.298777126885
55.94589542990408,-3.1908711515663044,WNW,55.94601023493379,-3.191148315426058,2921.500693814433,2220.048777126885
55.94601023493379,-3.191148315426058,ESE,55.94589542990408,-3.1908711515663044,2921.500693814433,2218.798777126885
55.94589542990408,-3.1908711515663044,WNW,55.94601023493379,-3.191148315426058,2921.500693814433,2217.548777126885
55.94601023493379,-3.191148315426058,ESE,55.94589542990408,-3.1908711515663044,2921.500693814433,2216.298777126885
55.94589542990408,-3.1908711515663044,WNW,55.94601023493379,-3.191148315426058,2921.500693814433,2215.048777126885
55.94601023493379,-3.191148315426058,ESE,55.94589542990408,-3.1908711515663044,2921.500693814433,2213.798777126885
55.94589542990408,-3.1908711515663044,WNW,55.94601023493379,-3.191148315426058,2921.500693814433,2212.548777126885
55.94601023493379,-3.191148315426058,ESE,55.94589542990408,-3.1908711515663044,2921.500693814433,2211.298777126885
55.94589542990408,-3.1908711515663044,WNW,55.94601023493379,-3.191148315426058,2921.500693814433,2210.048777126885
55.94601023493379,-3.191148315426058,ESE,55.94589542990408,-3.1908711515663044,2921.500693814433,2208.798777126885
55.94589542990408,-3.1908711515663044,WNW,55.94601023493379,-3.191148315426058,2921.500693814433,2207.548777126885
55.94601023493379,-3.191148315426058,ESE,55.94589542990408,-3.1908711515663044,2921.500693814433,2206.298777126885
55.94589542990408,-3.1908711515663044,WNW,55.94601023493379,-3.191148315426058,2921.500693814433,2205.048777126885
55.94601023493379,-3.191148315426058,ESE,55.94589542990408,-3.1908711515663044,2921.500693814433,2203.798777126885
55.94589542990408,-3.1908711515663044,WNW,55.94601023493379,-3.191148315426058,2921.500693814433,2202.548777126885
55.94601023493379,-3.191148315426058,ESE,55.94589542990408,-3.1908711515663044,2921.500693814433,2201.298777126885
55.94589542990408,-3.1908711515663044,WNW,55.94601023493379,-3.191148315426058,2921.500693814433,2200.048777126885
55.94601023493379,-3.191148315426058,ESE,55.94589542990408,-3.1908711515663044,2921.500693814433,2198.798777126885
55.94589542990408,-3.1908711515663044,WNW,55.94601023493379,-3.191148315426058,2921.500693814433,2197.548777126885
55.94601023493379,-3.191148315426058,ESE,55.94589542990408,-3.1908711515663044,2921.500693814433,2196.298777126885
55.94589542990408,-3.1908711515663044,WNW,55.94601023493379,-3.191148315426058,2921.500693814433,2195.048777126885
55.94601023493379,-3.191148315426058,ESE,55.94589542990408,-3.1908711515663044,2921.500693814433,2193.798777126885
55.94589542990408,-3.1908711515663044,WNW,55.94601023493379,-3.191148315426058,2921.500693814433,2192.548777126885
55.94601023493379,-3.191148315426058,ESE,55.94589542990408,-3.1908711515663044,2921.500693814433,2191.298777126885
55.94589542990408,-3.1908711515663044,WNW,55.94601023493379,-3.191148315426058,2921.500693814433,2190.048777126885
55.94601023493379,-3.191148315426058,ESE,55.94589542990408,-3.1908711515663044,2921.500693814433,2188.798777126885
55.94589542990408,-3.1908711515663044,WNW,55.94601023493379,-3.191148315426058,2921.500693814433,2187.548777126885
55.94601023493379,-3.191148315426058,ESE,55.94589542990408,-3.1908711515663044,2921.500693814433,2186.298777126885
55.94589542990408,-3.1908711515663044,WNW,55.94601023493379,-3.191148315426058,2921.500693814433,2185.048777126885
55.94601023493379,-3.191148315426058,ESE,55.94589542990408,-3.1908711515663044,2921.500693814433,2183.798777126885
