55.944425,-3.188396,NW,55.94463713203436,-3.188608132034356,4.786836609146292,329.1510459838454
55.94463713203436,-3.188608132034356,SSW,55.9443599681746,-3.1887229370640653,4.786836609146292,327.9010459838454
55.9443599681746,-3.1887229370640653,SSW,55.944082804314846,-3.188837742093775,117.14227550504017,331.39055743271615
55.944082804314846,-3.188837742093775,SSW,55.94380564045509,-3.1889525471234843,117.14227550504017,330.14055743271615
55.94380564045509,-3.1889525471234843,SSW,55.94352847659533,-3.189067352153194,117.14227550504017,328.89055743271615
55.94352847659533,-3.189067352153194,SW,55.94331634456098,-3.1892794841875496,140.9945202677077,384.05371581393644
55.94331634456098,-3.1892794841875496,WSW,55.943201539531266,-3.189556648047303,186.5026210274744,451.30762868640176
55.943201539531266,-3.189556648047303,S,55.94290153953126,-3.189556648047303,284.7104625151758,569.5263586948686
55.94290153953126,-3.189556648047303,NW,55.94311367156562,-3.1897687800816588,284.7104625151758,568.2763586948686
55.94311367156562,-3.1897687800816588,NW,55.943325803599976,-3.1899809121160145,284.7104625151758,567.0263586948686
55.943325803599976,-3.1899809121160145,NW,55.94353793563433,-3.1901930441503703,284.7104625151758,565.7763586948686
55.94353793563433,-3.1901930441503703,WNW,55.94365274066404,-3.1904702080101237,284.7104625151758,564.5263586948686
55.94365274066404,-3.1904702080101237,NW,55.9438648726984,-3.1906823400444795,366.093766998669,628.7661873811186
55.9438648726984,-3.1906823400444795,W,55.9438648726984,-3.1909823400444797,424.30118510198656,668.890337757856
55.9438648726984,-3.1909823400444797,SW,55.94365274066404,-3.1911944720788354,424.30118510198656,667.640337757856
55.94365274066404,-3.1911944720788354,WSW,55.94353793563433,-3.191471635938589,434.48672899352323,755.7058087317229
55.94353793563433,-3.191471635938589,NW,55.94375006766869,-3.1916837679729446,524.9250621968292,832.3495214234784
55.94375006766869,-3.1916837679729446,W,55.94375006766869,-3.191983767972945,632.8178759919874,839.5823461168787
55.94375006766869,-3.191983767972945,S,55.943450067668685,-3.191983767972945,632.8178759919874,838.3323461168787
55.943450067668685,-3.191983767972945,SSE,55.94317290380893,-3.1918689629432353,632.8178759919874,837.0823461168787
55.94317290380893,-3.1918689629432353,S,55.942872903808926,-3.1918689629432353,685.850795806004,869.3214546119816
55.942872903808926,-3.1918689629432353,NNE,55.94315006766868,-3.191754157913526,685.850795806004,868.0714546119816
55.94315006766868,-3.191754157913526,N,55.943450067668685,-3.191754157913526,685.850795806004,866.8214546119816
55.943450067668685,-3.191754157913526,N,55.94375006766869,-3.191754157913526,685.850795806004,865.5714546119816
55.94375006766869,-3.191754157913526,N,55.94405006766869,-3.191754157913526,685.850795806004,864.3214546119816
55.94405006766869,-3.191754157913526,N,55.944350067668694,-3.191754157913526,685.850795806004,863.0714546119816
55.944350067668694,-3.191754157913526,NNE,55.94462723152845,-3.1916393528838163,789.6054125979363,944.1074792068093
55.94462723152845,-3.1916393528838163,E,55.94462723152845,-3.191339352883816,789.6054125979363,942.8574792068093
55.94462723152845,-3.191339352883816,E,55.94462723152845,-3.191039352883816,811.8626903999585,1002.7655048739857
55.94462723152845,-3.191039352883816,ENE,55.94474203655816,-3.1907621890240625,811.8626903999585,1001.5155048739857
55.94474203655816,-3.1907621890240625,NNW,55.94501920041792,-3.190876994053772,812.449779675095,1058.0299920209702
55.94501920041792,-3.190876994053772,NNE,55.945296364277674,-3.1907621890240625,812.449779675095,1056.7799920209702
55.945296364277674,-3.1907621890240625,NNE,55.94557352813743,-3.190647383994353,812.449779675095,1055.5299920209702
55.94557352813743,-3.190647383994353,NNE,55.94585069199719,-3.1905325789646435,823.9252716322061,1087.6013950308577
55.94585069199719,-3.1905325789646435,ESE,55.945735886967476,-3.19025541510489,823.9252716322061,1086.3513950308577
55.945735886967476,-3.19025541510489,ESE,55.945621081937766,-3.1899782512451367,823.9252716322061,1085.1013950308577
55.945621081937766,-3.1899782512451367,SSW,55.94534391807801,-3.190093056274846,823.9252716322061,1083.8513950308577
55.94534391807801,-3.190093056274846,SSE,55.94506675421825,-3.1899782512451367,823.9252716322061,1082.6013950308577
55.94506675421825,-3.1899782512451367,E,55.94506675421825,-3.1896782512451365,823.9252716322061,1081.3513950308577
55.94506675421825,-3.1896782512451365,ENE,55.94518155924796,-3.189401087385383,854.1487854421395,1164.7966221292254
55.94518155924796,-3.189401087385383,ENE,55.945296364277674,-3.1891239235256297,854.1487854421395,1163.5466221292254
55.945296364277674,-3.1891239235256297,E,55.945296364277674,-3.1888239235256295,854.1487854421395,1162.2966221292254
55.945296364277674,-3.1888239235256295,ENE,55.945411169307384,-3.188546759665876,916.3438689280953,1188.6499777998345
55.945411169307384,-3.188546759665876,ENE,55.945525974337095,-3.1882695958061227,916.3438689280953,1187.3999777998345
55.945525974337095,-3.1882695958061227,ENE,55.945640779366805,-3.1879924319463693,916.3438689280953,1186.1499777998345
55.945640779366805,-3.1879924319463693,ENE,55.945755584396515,-3.187715268086616,1027.7532484411686,1192.62654541761
55.945755584396515,-3.187715268086616,NE,55.94596771643087,-3.18750313605226,1027.7532484411686,1191.37654541761
55.94596771643087,-3.18750313605226,ENE,55.94608252146058,-3.1872259721925067,1027.7532484411686,1190.12654541761
55.94608252146058,-3.1872259721925067,E,55.94608252146058,-3.1869259721925065,1075.2356209994937,1259.4878974726878
55.94608252146058,-3.1869259721925065,ESE,55.94596771643087,-3.186648808332753,1165.5426737126854,1380.135236390711
55.94596771643087,-3.186648808332753,SE,55.945755584396515,-3.1864366762983973,1165.5426737126854,1378.885236390711
55.945755584396515,-3.1864366762983973,ESE,55.945640779366805,-3.186159512438644,1165.5426737126854,1377.635236390711
55.945640779366805,-3.186159512438644,SE,55.94542864733245,-3.185947380404288,1224.2076138854043,1400.3182514244318
55.94542864733245,-3.185947380404288,S,55.945128647332446,-3.185947380404288,1331.6448038947337,1445.217395113199
55.945128647332446,-3.185947380404288,SW,55.94491651529809,-3.186159512438644,1331.6448038947337,1443.967395113199
55.94491651529809,-3.186159512438644,SSW,55.94463935143833,-3.1862743174683534,1331.6448038947337,1442.717395113199
55.94463935143833,-3.1862743174683534,SW,55.94442721940398,-3.186486449502709,1357.9161797744844,1539.8275493273272
55.94442721940398,-3.186486449502709,WSW,55.94431241437427,-3.1867636133624626,1357.9161797744844,1538.5775493273272
55.94431241437427,-3.1867636133624626,WSW,55.944197609344556,-3.187040777222216,1439.9388508642955,1585.7747836023098
55.944197609344556,-3.187040777222216,WSW,55.944082804314846,-3.1873179410819694,1439.9388508642955,1584.5247836023098
55.944082804314846,-3.1873179410819694,WSW,55.943967999285135,-3.187595104941723,1439.9388508642955,1583.2747836023098
55.943967999285135,-3.187595104941723,SW,55.94375586725078,-3.1878072369760786,1562.297850709368,1589.811851090945
55.94375586725078,-3.1878072369760786,S,55.943455867250776,-3.1878072369760786,1635.561502893176,1650.9725928360654
55.943455867250776,-3.1878072369760786,SE,55.94324373521642,-3.187595104941723,1635.561502893176,1649.7225928360654
55.94324373521642,-3.187595104941723,SE,55.943031603182064,-3.187382972907367,1739.4214142617898,1737.0504576819228
55.943031603182064,-3.187382972907367,ESE,55.94291679815235,-3.1871058090476136,1739.4214142617898,1735.8004576819228
55.94291679815235,-3.1871058090476136,ENE,55.943031603182064,-3.1868286451878602,1739.4214142617898,1734.5504576819228
55.943031603182064,-3.1868286451878602,SE,55.94281947114771,-3.1866165131535045,1852.4992121480796,1755.76982648044
55.94281947114771,-3.1866165131535045,ENE,55.94293427617742,-3.186339349293751,1852.4992121480796,1754.51982648044
55.94293427617742,-3.186339349293751,E,55.94293427617742,-3.186039349293751,1852.4992121480796,1753.26982648044
55.94293427617742,-3.186039349293751,ENE,55.94304908120713,-3.1857621854339975,1956.256767133984,1867.07376964251
55.94304908120713,-3.1857621854339975,E,55.94304908120713,-3.1854621854339973,1989.286937548337,1935.7001501300356
55.94304908120713,-3.1854621854339973,E,55.94304908120713,-3.185162185433997,2045.3880223688964,1953.5667907926643
55.94304908120713,-3.185162185433997,SW,55.94283694917277,-3.185374317468353,2045.3880223688964,1952.3167907926643
55.94283694917277,-3.185374317468353,WSW,55.94272214414306,-3.1856514813281063,2092.9572521452706,2036.127392407463
55.94272214414306,-3.1856514813281063,NNE,55.94299930800282,-3.1855366762983968,2092.9572521452706,2034.877392407463
55.94299930800282,-3.1855366762983968,NNE,55.943276471862575,-3.1854218712686873,2092.9572521452706,2033.627392407463
55.943276471862575,-3.1854218712686873,NNE,55.94355363572233,-3.1853070662389777,2092.9572521452706,2032.377392407463
55.94355363572233,-3.1853070662389777,NNE,55.94383079958209,-3.1851922612092682,2092.9572521452706,2031.127392407463
55.94383079958209,-3.1851922612092682,NNE,55.944107963441844,-3.1850774561795587,2092.9572521452706,2029.877392407463
55.944107963441844,-3.1850774561795587,NE,55.9443200954762,-3.184865324145203,2092.9572521452706,2028.627392407463
55.9443200954762,-3.184865324145203,NNE,55.94459725933596,-3.1847505191154935,2179.389073061387,2108.9979396538524
55.94459725933596,-3.1847505191154935,SSW,55.9443200954762,-3.184865324145203,2179.389073061387,2107.7479396538524
55.9443200954762,-3.184865324145203,NNE,55.94459725933596,-3.1847505191154935,2179.389073061387,2106.4979396538524
55.94459725933596,-3.1847505191154935,SSW,55.9443200954762,-3.184865324145203,2179.389073061387,2105.2479396538524
55.9443200954762,-3.184865324145203,NNE,55.94459725933596,-3.1847505191154935,2179.389073061387,2103.9979396538524
55.94459725933596,-3.1847505191154935,SSW,55.9443200954762,-3.184865324145203,2179.389073061387,2102.7479396538524
55.9443200954762,-3.184865324145203,NNE,55.94459725933596,-3.1847505191154935,2179.389073061387,2101.4979396538524
55.94459725933596,-3.1847505191154935,SSW,55.9443200954762,-3.184865324145203,2179.389073061387,2100.2479396538524
55.9443200954762,-3.184865324145203,NNE,55.94459725933596,-3.1847505191154935,2179.389073061387,2098.9979396538524
55.94459725933596,-3.1847505191154935,SSW,55.9443200954762,-3.184865324145203,2179.389073061387,2097.7479396538524
55.9443200954762,-3.184865324145203,NNE,55.94459725933596,-3.1847505191154935,2179.389073061387,2096.4979396538524
55.94459725933596,-3.1847505191154935,SSW,55.9443200954762,-3.184865324145203,2179.389073061387,2095.2479396538524
55.9443200954762,-3.184865324145203,NNE,55.94459725933596,-3.1847505191154935,2179.389073061387,2093.9979396538524
55.94459725933596,-3.1847505191154935,SSW,55.9443200954762,-3.184865324145203,2179.389073061387,2092.7479396538524
55.9443200954762,-3.184865324145203,NNE,55.94459725933596,-3.1847505191154935,2179.389073061387,2091.4979396538524
55.94459725933596,-3.1847505191154935,SSW,55.9443200954762,-3.184865324145203,2179.389073061387,2090.2479396538524
55.9443200954762,-3.184865324145203,NNE,55.94459725933596,-3.1847505191154935,2179.389073061387,2088.9979396538524
55.94459725933596,-3.1847505191154935,SSW,55.9443200954762,-3.184865324145203,2179.389073061387,2087.7479396538524
55.9443200954762,-3.184865324145203,NNE,55.94459725933596,-3.1847505191154935,2179.389073061387,2086.4979396538524
55.94459725933596,-3.1847505191154935,SSW,55.9443200954762,-3.184865324145203,2179.389073061387,2085.2479396538524
55.9443200954762,-3.184865324145203,NNE,55.94459725933596,-3.1847505191154935,2179.389073061387,2083.9979396538524
55.94459725933596,-3.1847505191154935,SSW,55.9443200954762,-3.184865324145203,2179.389073061387,2082.7479396538524
55.9443200954762,-3.184865324145203,NNE,55.94459725933596,-3.1847505191154935,2179.389073061387,2081.4979396538524
55.94459725933596,-3.1847505191154935,SSW,55.9443200954762,-3.184865324145203,2179.389073061387,2080.2479396538524
55.9443200954762,-3.184865324145203,NNE,55.94459725933596,-3.1847505191154935,2179.389073061387,2078.9979396538524
55.94459725933596,-3.1847505191154935,SSW,55.9443200954762,-3.184865324145203,2179.389073061387,2077.7479396538524
55.9443200954762,-3.184865324145203,NNE,55.94459725933596,-3.1847505191154935,2179.389073061387,2076.4979396538524
55.94459725933596,-3.1847505191154935,SSW,55.9443200954762,-3.184865324145203,2179.389073061387,2075.2479396538524
55.9443200954762,-3.184865324145203,NNE,55.94459725933596,-3.1847505191154935,2179.389073061387,2073.9979396538524
55.94459725933596,-3.1847505191154935,SSW,55.9443200954762,-3.184865324145203,2179.389073061387,2072.7479396538524
55.9443200954762,-3.184865324145203,NNE,55.94459725933596,-3.1847505191154935,2179.389073061387,2071.4979396538524
55.94459725933596,-3.1847505191154935,SSW,55.9443200954762,-3.184865324145203,2179.389073061387,2070.2479396538524
55.9443200954762,-3.184865324145203,NNE,55.94459725933596,-3.1847505191154935,2179.389073061387,2068.9979396538524
55.94459725933596,-3.1847505191154935,SSW,55.9443200954762,-3.184865324145203,2179.389073061387,2067.7479396538524
55.9443200954762,-3.184865324145203,NNE,55.94459725933596,-3.1847505191154935,2179.389073061387,2066.4979396538524
55.94459725933596,-3.1847505191154935,SSW,55.9443200954762,-3.184865324145203,2179.389073061387,2065.2479396538524
55.9443200954762,-3.184865324145203,NNE,55.94459725933596,-3.1847505191154935,2179.389073061387,2063.9979396538524
55.94459725933596,-3.1847505191154935,SSW,55.9443200954762,-3.184865324145203,2179.389073061387,2062.7479396538524
55.9443200954762,-3.184865324145203,NNE,55.94459725933596,-3.1847505191154935,2179.389073061387,2061.4979396538524
55.94459725933596,-3.1847505191154935,SSW,55.9443200954762,-3.184865324145203,2179.389073061387,2060.2479396538524
55.9443200954762,-3.184865324145203,NNE,55.94459725933596,-3.1847505191154935,2179.389073061387,2058.9979396538524
55.94459725933596,-3.1847505191154935,SSW,55.9443200954762,-3.184865324145203,2179.389073061387,2057.7479396538524
55.9443200954762,-3.184865324145203,NNE,55.94459725933596,-3.1847505191154935,2179.389073061387,2056.4979396538524
55.94459725933596,-3.1847505191154935,SSW,55.9443200954762,-3.184865324145203,2179.389073061387,2055.2479396538524
55.9443200954762,-3.184865324145203,NNE,55.94459725933596,-3.1847505191154935,2179.389073061387,2053.9979396538524
55.94459725933596,-3.1847505191154935,SSW,55.9443200954762,-3.184865324145203,2179.389073061387,2052.7479396538524
55.9443200954762,-3.184865324145203,NNE,55.94459725933596,-3.1847505191154935,2179.389073061387,2051.4979396538524
55.94459725933596,-3.1847505191154935,SSW,55.9443200954762,-3.184865324145203,2179.389073061387,2050.2479396538524
55.9443200954762,-3.184865324145203,NNE,55.94459725933596,-3.1847505191154935,2179.389073061387,2048.9979396538524
55.94459725933596,-3.1847505191154935,SSW,55.9443200954762,-3.184865324145203,2179.389073061387,2047.7479396538524
55.9443200954762,-3.184865324145203,NNE,55.94459725933596,-3.1847505191154935,2179.389073061387,2046.4979396538524
55.94459725933596,-3.1847505191154935,SSW,55.9443200954762,-3.184865324145203,2179.389073061387,2045.2479396538524
55.9443200954762,-3.184865324145203,NNE,55.94459725933596,-3.1847505191154935,2179.389073061387,2043.9979396538524
55.94459725933596,-3.1847505191154935,SSW,55.9443200954762,-3.184865324145203,2179.389073061387,2042.7479396538524
55.9443200954762,-3.184865324145203,NNE,55.94459725933596,-3.1847505191154935,2179.389073061387,2041.4979396538524
55.94459725933596,-3.1847505191154935,SSW,55.9443200954762,-3.184865324145203,2179.389073061387,2040.2479396538524
55.9443200954762,-3.184865324145203,NNE,55.94459725933596,-3.1847505191154935,2179.389073061387,2038.9979396538524
55.94459725933596,-3.1847505191154935,SSW,55.9443200954762,-3.184865324145203,2179.389073061387,2037.7479396538524
55.9443200954762,-3.184865324145203,NNE,55.94459725933596,-3.1847505191154935,2179.389073061387,2036.4979396538524
55.94459725933596,-3.1847505191154935,SSW,55.9443200954762,-3.184865324145203,2179.389073061387,2035.2479396538524
55.9443200954762,-3.184865324145203,NNE,55.94459725933596,-3.1847505191154935,2179.389073061387,2033.9979396538524
55.94459725933596,-3.1847505191154935,SSW,55.9443200954762,-3.184865324145203,2179.389073061387,2032.7479396538524
55.9443200954762,-3.184865324145203,NNE,55.94459725933596,-3.1847505191154935,2179.389073061387,2031.4979396538524
55.94459725933596,-3.1847505191154935,SSW,55.9443200954762,-3.184865324145203,2179.389073061387,2030.2479396538524
55.9443200954762,-3.184865324145203,NNE,55.94459725933596,-3.1847505191154935,2179.389073061387,2028.9979396538524
55.94459725933596,-3.1847505191154935,SSW,55.9443200954762,-3.184865324145203,2179.389073061387,2027.7479396538524
55.9443200954762,-3.184865324145203,NNE,55.94459725933596,-3.1847505191154935,2179.389073061387,2026.4979396538524
55.94459725933596,-3.1847505191154935,SSW,55.9443200954762,-3.184865324145203,2179.389073061387,2025.2479396538524
55.9443200954762,-3.184865324145203,NNE,55.94459725933596,-3.1847505191154935,2179.389073061387,2023.9979396538524
55.94459725933596,-3.1847505191154935,SSW,55.9443200954762,-3.184865324145203,2179.389073061387,2022.7479396538524
55.9443200954762,-3.184865324145203,NNE,55.94459725933596,-3.1847505191154935,2179.389073061387,2021.4979396538524
55.94459725933596,-3.1847505191154935,SSW,55.9443200954762,-3.184865324145203,2179.389073061387,2020.2479396538524
55.9443200954762,-3.184865324145203,NNE,55.94459725933596,-3.1847505191154935,2179.389073061387,2018.9979396538524
55.94459725933596,-3.1847505191154935,SSW,55.9443200954762,-3.184865324145203,2179.389073061387,2017.7479396538524
55.9443200954762,-3.184865324145203,NNE,55.94459725933596,-3.1847505191154935,2179.389073061387,2016.4979396538524
55.94459725933596,-3.1847505191154935,SSW,55.9443200954762,-3.184865324145203,2179.389073061387,2015.2479396538524
55.9443200954762,-3.184865324145203,NNE,55.94459725933596,-3.1847505191154935,2179.389073061387,2013.9979396538524
55.94459725933596,-3.1847505191154935,SSW,55.9443200954762,-3.184865324145203,2179.389073061387,2012.7479396538524
55.9443200954762,-3.184865324145203,NNE,55.94459725933596,-3.1847505191154935,2179.389073061387,2011.4979396538524
55.94459725933596,-3.1847505191154935,SSW,55.9443200954762,-3.184865324145203,2179.389073061387,2010.2479396538524
55.9443200954762,-3.184865324145203,NNE,55.94459725933596,-3.1847505191154935,2179.389073061387,2008.9979396538524
55.94459725933596,-3.1847505191154935,SSW,55.9443200954762,-3.184865324145203,2179.389073061387,2007.7479396538524
55.9443200954762,-3.184865324145203,NNE,55.94459725933596,-3.1847505191154935,2179.389073061387,2006.4979396538524
55.94459725933596,-3.1847505191154935,SSW,55.9443200954762,-3.184865324145203,2179.389073061387,2005.2479396538524
55.9443200954762,-3.184865324145203,NNE,55.94459725933596,-3.1847505191154935,2179.389073061387,2003.9979396538524
55.94459725933596,-3.1847505191154935,SSW,55.9443200954762,-3.184865324145203,2179.389073061387,2002.7479396538524
55.9443200954762,-3.184865324145203,NNE,55.94459725933596,-3.1847505191154935,2179.389073061387,2001.4979396538524
55.94459725933596,-3.1847505191154935,SSW,55.9443200954762,-3.184865324145203,2179.389073061387,2000.2479396538524
55.9443200954762,-3.184865324145203,NNE,55.94459725933596,-3.1847505191154935,2179.389073061387,1998.9979396538524
55.94459725933596,-3.1847505191154935,SSW,55.9443200954762,-3.184865324145203,2179.389073061387,1997.7479396538524
55.9443200954762,-3.184865324145203,NNE,55.94459725933596,-3.1847505191154935,2179.389073061387,1996.4979396538524
55.94459725933596,-3.1847505191154935,SSW,55.9443200954762,-3.184865324145203,2179.389073061387,1995.2479396538524
55.9443200954762,-3.184865324145203,NNE,55.94459725933596,-3.1847505191154935,2179.389073061387,1993.9979396538524
55.94459725933596,-3.1847505191154935,SSW,55.9443200954762,-3.184865324145203,2179.389073061387,1992.7479396538524
55.9443200954762,-3.184865324145203,NNE,55.94459725933596,-3.1847505191154935,2179.389073061387,1991.4979396538524
55.94459725933596,-3.1847505191154935,SSW,55.9443200954762,-3.184865324145203,2179.389073061387,1990.2479396538524
55.9443200954762,-3.184865324145203,NNE,55.94459725933596,-3.1847505191154935,2179.389073061387,1988.9979396538524
55.94459725933596,-3.1847505191154935,SSW,55.9443200954762,-3.184865324145203,2179.389073061387,1987.7479396538524
55.9443200954762,-3.184865324145203,NNE,55.94459725933596,-3.1847505191154935,2179.389073061387,1986.4979396538524
55.94459725933596,-3.1847505191154935,SSW,55.9443200954762,-3.184865324145203,2179.389073061387,1985.2479396538524
55.9443200954762,-3.184865324145203,NNE,55.94459725933596,-3.1847505191154935,2179.389073061387,1983.9979396538524
55.94459725933596,-3.1847505191154935,SSW,55.9443200954762,-3.184865324145203,2179.389073061387,1982.7479396538524
55.9443200954762,-3.184865324145203,NNE,55.94459725933596,-3.1847505191154935,2179.389073061387,1981.4979396538524
55.94459725933596,-3.1847505191154935,SSW,55.9443200954762,-3.184865324145203,2179.389073061387,1980.2479396538524
55.9443200954762,-3.184865324145203,NNE,55.94459725933596,-3.1847505191154935,2179.389073061387,1978.9979396538524
55.94459725933596,-3.1847505191154935,SSW,55.9443200954762,-3.184865324145203,2179.389073061387,1977.7479396538524
55.9443200954762,-3.184865324145203,NNE,55.94459725933596,-3.1847505191154935,2179.389073061387,1976.4979396538524
55.94459725933596,-3.1847505191154935,SSW,55.9443200954762,-3.184865324145203,2179.389073061387,1975.2479396538524
55.9443200954762,-3.184865324145203,NNE,55.94459725933596,-3.1847505191154935,2179.389073061387,1973.9979396538524
55.94459725933596,-3.1847505191154935,SSW,55.9443200954762,-3.184865324145203,2179.389073061387,1972.7479396538524
55.9443200954762,-3.184865324145203,NNE,55.94459725933596,-3.1847505191154935,2179.389073061387,1971.4979396538524
55.94459725933596,-3.1847505191154935,SSW,55.9443200954762,-3.184865324145203,2179.389073061387,1970.2479396538524
55.9443200954762,-3.184865324145203,NNE,55.94459725933596,-3.1847505191154935,2179.389073061387,1968.9979396538524
55.94459725933596,-3.1847505191154935,SSW,55.9443200954762,-3.184865324145203,2179.389073061387,1967.7479396538524
55.9443200954762,-3.184865324145203,NNE,55.94459725933596,-3.1847505191154935,2179.389073061387,1966.4979396538524
55.94459725933596,-3.1847505191154935,SSW,55.9443200954762,-3.184865324145203,2179.389073061387,1965.2479396538524
55.9443200954762,-3.184865324145203,NNE,55.94459725933596,-3.1847505191154935,2179.389073061387,1963.9979396538524
55.94459725933596,-3.1847505191154935,SSW,55.9443200954762,-3.184865324145203,2179.389073061387,1962.7479396538524
55.9443200954762,-3.184865324145203,NNE,55.94459725933596,-3.1847505191154935,2179.389073061387,1961.4979396538524
55.94459725933596,-3.1847505191154935,SSW,55.9443200954762,-3.184865324145203,2179.389073061387,1960.2479396538524
55.9443200954762,-3.184865324145203,NNE,55.94459725933596,-3.1847505191154935,2179.389073061387,1958.9979396538524
55.94459725933596,-3.1847505191154935,SSW,55.9443200954762,-3.184865324145203,2179.389073061387,1957.7479396538524
55.9443200954762,-3.184865324145203,NNE,55.94459725933596,-3.1847505191154935,2179.389073061387,1956.4979396538524
55.94459725933596,-3.1847505191154935,SSW,55.9443200954762,-3.184865324145203,2179.389073061387,1955.2479396538524
55.9443200954762,-3.184865324145203,NNE,55.94459725933596,-3.1847505191154935,2179.389073061387,1953.9979396538524
55.94459725933596,-3.1847505191154935,SSW,55.9443200954762,-3.184865324145203,2179.389073061387,1952.7479396538524
55.9443200954762,-3.184865324145203,NNE,55.94459725933596,-3.1847505191154935,2179.389073061387,1951.4979396538524
55.94459725933596,-3.1847505191154935,SSW,55.9443200954762,-3.184865324145203,2179.389073061387,1950.2479396538524
55.9443200954762,-3.184865324145203,NNE,55.94459725933596,-3.1847505191154935,2179.389073061387,1948.9979396538524
55.94459725933596,-3.1847505191154935,SSW,55.9443200954762,-3.184865324145203,2179.389073061387,1947.7479396538524
55.9443200954762,-3.184865324145203,NNE,55.94459725933596,-3.1847505191154935,2179.389073061387,1946.4979396538524
55.94459725933596,-3.1847505191154935,SSW,55.9443200954762,-3.184865324145203,2179.389073061387,1945.2479396538524
55.9443200954762,-3.184865324145203,NNE,55.94459725933596,-3.1847505191154935,2179.389073061387,1943.9979396538524
55.94459725933596,-3.1847505191154935,SSW,55.9443200954762,-3.184865324145203,2179.389073061387,1942.7479396538524
55.9443200954762,-3.184865324145203,NNE,55.94459725933596,-3.1847505191154935,2179.389073061387,1941.4979396538524
55.94459725933596,-3.1847505191154935,SSW,55.9443200954762,-3.184865324145203,2179.389073061387,1940.2479396538524
55.9443200954762,-3.184865324145203,NNE,55.94459725933596,-3.1847505191154935,2179.389073061387,1938.9979396538524
55.94459725933596,-3.1847505191154935,SSW,55.9443200954762,-3.184865324145203,2179.389073061387,1937.7479396538524
55.9443200954762,-3.184865324145203,NNE,55.94459725933596,-3.1847505191154935,2179.389073061387,1936.4979396538524
55.94459725933596,-3.1847505191154935,SSW,55.9443200954762,-3.184865324145203,2179.389073061387,1935.2479396538524
55.9443200954762,-3.184865324145203,NNE,55.94459725933596,-3.1847505191154935,2179.389073061387,1933.9979396538524
55.94459725933596,-3.1847505191154935,SSW,55.9443200954762,-3.184865324145203,2179.389073061387,1932.7479396538524
55.9443200954762,-3.184865324145203,NNE,55.94459725933596,-3.1847505191154935,2179.389073061387,1931.4979396538524
55.94459725933596,-3.1847505191154935,SSW,55.9443200954762,-3.184865324145203,2179.389073061387,1930.2479396538524
55.9443200954762,-3.184865324145203,NNE,55.94459725933596,-3.1847505191154935,2179.389073061387,1928.9979396538524
55.94459725933596,-3.1847505191154935,SSW,55.9443200954762,-3.184865324145203,2179.389073061387,1927.7479396538524
55.9443200954762,-3.184865324145203,NNE,55.94459725933596,-3.1847505191154935,2179.389073061387,1926.4979396538524
55.94459725933596,-3.1847505191154935,SSW,55.9443200954762,-3.184865324145203,2179.389073061387,1925.2479396538524
55.9443200954762,-3.184865324145203,NNE,55.94459725933596,-3.1847505191154935,2179.389073061387,1923.9979396538524
55.94459725933596,-3.1847505191154935,SSW,55.9443200954762,-3.184865324145203,2179.389073061387,1922.7479396538524
55.9443200954762,-3.184865324145203,NNE,55.94459725933596,-3.1847505191154935,2179.389073061387,1921.4979396538524
55.94459725933596,-3.1847505191154935,SSW,55.9443200954762,-3.184865324145203,2179.389073061387,1920.2479396538524
55.9443200954762,-3.184865324145203,NNE,55.94459725933596,-3.1847505191154935,2179.389073061387,1918.9979396538524
55.94459725933596,-3.1847505191154935,SSW,55.9443200954762,-3.184865324145203,2179.389073061387,1917.7479396538524
55.9443200954762,-3.184865324145203,NNE,55.94459725933596,-3.1847505191154935,2179.389073061387,1916.4979396538524
55.94459725933596,-3.1847505191154935,SSW,55.9443200954762,-3.184865324145203,2179.389073061387,1915.2479396538524
55.9443200954762,-3.184865324145203,NNE,55.94459725933596,-3.1847505191154935,2179.389073061387,1913.9979396538524
55.94459725933596,-3.1847505191154935,SSW,55.9443200954762,-3.184865324145203,2179.389073061387,1912.7479396538524
55.9443200954762,-3.184865324145203,NNE,55.94459725933596,-3.1847505191154935,2179.389073061387,1911.4979396538524
55.94459725933596,-3.1847505191154935,SSW,55.9443200954762,-3.184865324145203,2179.389073061387,1910.2479396538524
55.9443200954762,-3.184865324145203,NNE,55.94459725933596,-3.1847505191154935,2179.389073061387,1908.9979396538524
55.94459725933596,-3.1847505191154935,SSW,55.9443200954762,-3.184865324145203,2179.389073061387,1907.7479396538524
55.9443200954762,-3.184865324145203,NNE,55.94459725933596,-3.1847505191154935,2179.389073061387,1906.4979396538524
55.94459725933596,-3.1847505191154935,SSW,55.9443200954762,-3.184865324145203,2179.389073061387,1905.2479396538524
55.9443200954762,-3.184865324145203,NNE,55.94459725933596,-3.1847505191154935,2179.389073061387,1903.9979396538524
55.94459725933596,-3.1847505191154935,SSW,55.9443200954762,-3.184865324145203,2179.389073061387,1902.7479396538524
55.9443200954762,-3.184865324145203,NNE,55.94459725933596,-3.1847505191154935,2179.389073061387,1901.4979396538524
55.94459725933596,-3.1847505191154935,SSW,55.9443200954762,-3.184865324145203,2179.389073061387,1900.2479396538524
55.9443200954762,-3.184865324145203,NNE,55.94459725933596,-3.1847505191154935,2179.389073061387,1898.9979396538524
