55.944425,-3.188396,WNW,55.94453980502971,-3.1886731638597534,0.0,248.75
55.94453980502971,-3.1886731638597534,WSW,55.944425,-3.188950327719507,0.0,247.5
55.944425,-3.188950327719507,NNW,55.94470216385976,-3.1890651327492163,75.59316434448998,249.88864695048775
55.94470216385976,-3.1890651327492163,SSW,55.944425,-3.189179937778926,76.70433465260649,263.45434612903057
55.944425,-3.189179937778926,S,55.944125,-3.189179937778926,76.70433465260649,262.20434612903057
55.944125,-3.189179937778926,SSW,55.94384783614024,-3.1892947428086353,201.23050805649268,309.6599708819725
55.94384783614024,-3.1892947428086353,WSW,55.94373303111053,-3.1895719066683887,201.23050805649268,308.4099708819725
55.94373303111053,-3.1895719066683887,WSW,55.94361822608082,-3.189849070528142,201.23050805649268,307.1599708819725
55.94361822608082,-3.189849070528142,WSW,55.94350342105111,-3.1901262343878956,221.54585067104196,402.0854029937211
55.94350342105111,-3.1901262343878956,SSE,55.943226257191355,-3.190011429358186,304.1650138184112,508.3913203473215
55.943226257191355,-3.190011429358186,SW,55.943014125157,-3.190223561392542,304.1650138184112,507.1413203473215
55.943014125157,-3.190223561392542,SSW,55.94273696129724,-3.1903383664222513,416.0582073152066,559.1480246273143
55.94273696129724,-3.1903383664222513,N,55.943036961297246,-3.1903383664222513,416.0582073152066,557.8980246273143
55.943036961297246,-3.1903383664222513,N,55.94333696129725,-3.1903383664222513,416.0582073152066,556.6480246273143
55.94333696129725,-3.1903383664222513,NNE,55.943614125157005,-3.190223561392542,416.0582073152066,555.3980246273143
55.943614125157005,-3.190223561392542,N,55.94391412515701,-3.190223561392542,416.0582073152066,554.1480246273143
55.94391412515701,-3.190223561392542,NNE,55.944191289016764,-3.1901087563628323,524.3044788261685,591.8141714455543
55.944191289016764,-3.1901087563628323,WNW,55.944306094046475,-3.1903859202225857,524.3044788261685,590.5641714455543
55.944306094046475,-3.1903859202225857,NW,55.94451822608083,-3.1905980522569415,524.3044788261685,589.3141714455543
55.94451822608083,-3.1905980522569415,WNW,55.94463303111054,-3.190875216116695,524.3044788261685,588.0641714455543
55.94463303111054,-3.190875216116695,NW,55.9448451631449,-3.1910873481510507,557.6011212775965,686.5714241693548
55.9448451631449,-3.1910873481510507,NW,55.945057295179254,-3.1912994801854064,614.6989260763372,777.7606329727932
55.945057295179254,-3.1912994801854064,SW,55.9448451631449,-3.191511612219762,672.2085777363435,779.3780414386947
55.9448451631449,-3.191511612219762,N,55.9451451631449,-3.191511612219762,789.0888523138501,859.4504955962759
55.9451451631449,-3.191511612219762,SW,55.944933031110544,-3.191723744254118,839.120784608719,878.1200029934165
55.944933031110544,-3.191723744254118,N,55.94523303111055,-3.191723744254118,839.120784608719,876.8700029934165
55.94523303111055,-3.191723744254118,NNW,55.9455101949703,-3.1918385492838275,865.0398666670292,958.6263323791509
55.9455101949703,-3.1918385492838275,NNW,55.94578735883006,-3.191953354313537,865.0398666670292,957.3763323791509
55.94578735883006,-3.191953354313537,N,55.94608735883006,-3.191953354313537,947.5139565443426,986.3533771603966
55.94608735883006,-3.191953354313537,E,55.94608735883006,-3.191653354313537,947.5139565443426,985.1033771603966
55.94608735883006,-3.191653354313537,ESE,55.94597255380035,-3.1913761904537834,1014.3688970513285,1063.178192701525
55.94597255380035,-3.1913761904537834,ESE,55.94585774877064,-3.19109902659403,1014.3688970513285,1061.928192701525
55.94585774877064,-3.19109902659403,SE,55.945645616736286,-3.1908868945596742,1084.5178426988275,1134.2370283874513
55.945645616736286,-3.1908868945596742,ENE,55.945760421765996,-3.190609730699921,1084.5178426988275,1132.9870283874513
55.945760421765996,-3.190609730699921,ENE,55.94587522679571,-3.1903325668401674,1084.5178426988275,1131.7370283874513
55.94587522679571,-3.1903325668401674,ENE,55.94599003182542,-3.190055402980414,1155.968758293849,1221.3608312033107
55.94599003182542,-3.190055402980414,E,55.94599003182542,-3.189755402980414,1155.968758293849,1220.1108312033107
55.94599003182542,-3.189755402980414,E,55.94599003182542,-3.1894554029804136,1155.968758293849,1218.8608312033107
55.94599003182542,-3.1894554029804136,E,55.94599003182542,-3.1891554029804134,1155.968758293849,1217.6108312033107
55.94599003182542,-3.1891554029804134,ESE,55.94587522679571,-3.18887823912066,1155.968758293849,1216.3608312033107
55.94587522679571,-3.18887823912066,E,55.94587522679571,-3.18857823912066,1280.2584374164164,1261.3648516539747
55.94587522679571,-3.18857823912066,E,55.94587522679571,-3.1882782391206597,1280.2584374164164,1260.1148516539747
55.94587522679571,-3.1882782391206597,E,55.94587522679571,-3.1879782391206595,1331.294788328828,1353.9383664879078
55.94587522679571,-3.1879782391206595,NE,55.94608735883006,-3.1877661070863037,1448.1207283226943,1372.514757074147
55.94608735883006,-3.1877661070863037,ENE,55.94620216385977,-3.1874889432265503,1539.2899278983405,1372.5779274864926
55.94620216385977,-3.1874889432265503,SSW,55.94592500000002,-3.18760374825626,1539.2899278983405,1371.3279274864926
55.94592500000002,-3.18760374825626,SSW,55.94564783614026,-3.1877185532859693,1599.4714115990696,1427.1136372127482
55.94564783614026,-3.1877185532859693,ESE,55.94553303111055,-3.187441389426216,1599.4714115990696,1425.8636372127482
55.94553303111055,-3.187441389426216,E,55.94553303111055,-3.1871413894262157,1698.392564012779,1503.2010291023053
55.94553303111055,-3.1871413894262157,S,55.94523303111055,-3.1871413894262157,1698.392564012779,1501.9510291023053
55.94523303111055,-3.1871413894262157,S,55.944933031110544,-3.1871413894262157,1798.199556105843,1581.5229539314337
55.944933031110544,-3.1871413894262157,SE,55.94472089907619,-3.18692925739186,1798.199556105843,1580.2729539314337
55.94472089907619,-3.18692925739186,SE,55.94450876704183,-3.186717125357504,1798.199556105843,1579.0229539314337
55.94450876704183,-3.186717125357504,ESE,55.94439396201212,-3.1864399614977508,1874.0947580687464,1700.1472670573037
55.94439396201212,-3.1864399614977508,E,55.94439396201212,-3.1861399614977506,1874.0947580687464,1698.8972670573037
55.94439396201212,-3.1861399614977506,ENE,55.94450876704183,-3.185862797637997,1989.5936858345276,1782.6539964314675
55.94450876704183,-3.185862797637997,SE,55.944296635007476,-3.1856506656036414,2075.6652966658303,1827.754001117173
55.944296635007476,-3.1856506656036414,ENE,55.944411440037186,-3.185373501743888,2075.6652966658303,1826.504001117173
55.944411440037186,-3.185373501743888,NE,55.94462357207154,-3.1851613697095322,2097.97433787762,1934.387929262903
55.94462357207154,-3.1851613697095322,ESE,55.94450876704183,-3.184884205849779,2097.97433787762,1933.137929262903
55.94450876704183,-3.184884205849779,SE,55.944296635007476,-3.184672073815423,2137.355453066162,1958.1586951025156
55.944296635007476,-3.184672073815423,SW,55.94408450297312,-3.184884205849779,2137.355453066162,1956.9086951025156
55.94408450297312,-3.184884205849779,SW,55.94387237093876,-3.1850963378841346,2137.355453066162,1955.6586951025156
55.94387237093876,-3.1850963378841346,SW,55.94366023890441,-3.1853084699184904,2137.355453066162,1954.4086951025156
55.94366023890441,-3.1853084699184904,WSW,55.9435454338747,-3.1855856337782438,2181.290037695287,1982.900631407582
55.9435454338747,-3.1855856337782438,W,55.9435454338747,-3.185885633778244,2181.290037695287,1981.650631407582
55.9435454338747,-3.185885633778244,W,55.9435454338747,-3.186185633778244,2181.290037695287,1980.400631407582
55.9435454338747,-3.186185633778244,W,55.9435454338747,-3.1864856337782443,2181.290037695287,1979.150631407582
55.9435454338747,-3.1864856337782443,W,55.9435454338747,-3.1867856337782445,2290.184063717238,2055.2908433515154
55.9435454338747,-3.1867856337782445,SSW,55.94326827001494,-3.186900438807954,2290.184063717238,2054.0408433515154
55.94326827001494,-3.186900438807954,SW,55.943056137980584,-3.18711257084231,2357.7307013279496,2102.900422606878
55.943056137980584,-3.18711257084231,WNW,55.943170943010294,-3.187389734702063,2357.7307013279496,2101.650422606878
55.943170943010294,-3.187389734702063,W,55.943170943010294,-3.1876897347020634,2357.7307013279496,2100.400422606878
55.943170943010294,-3.1876897347020634,WNW,55.943285748040005,-3.187966898561817,2357.7307013279496,2099.150422606878
55.943285748040005,-3.187966898561817,W,55.943285748040005,-3.188266898561817,2416.6127294447565,2212.5961260595277
55.943285748040005,-3.188266898561817,NW,55.94349788007436,-3.1884790305961728,2502.9064073303257,2282.5620352298574
55.94349788007436,-3.1884790305961728,NE,55.94371001210872,-3.188266898561817,2502.9064073303257,2281.3120352298574
55.94371001210872,-3.188266898561817,NE,55.94392214414307,-3.1880547665274612,2502.9064073303257,2280.0620352298574
55.94392214414307,-3.1880547665274612,NE,55.94413427617743,-3.1878426344931055,2502.9064073303257,2278.8120352298574
55.94413427617743,-3.1878426344931055,NE,55.944346408211786,-3.1876305024587497,2502.9064073303257,2277.5620352298574
55.944346408211786,-3.1876305024587497,NE,55.94455854024614,-3.187418370424394,2502.9064073303257,2276.3120352298574
55.94455854024614,-3.187418370424394,NE,55.9447706722805,-3.187206238390038,2502.9064073303257,2275.0620352298574
55.9447706722805,-3.187206238390038,ENE,55.94488547731021,-3.1869290745302847,2502.9064073303257,2273.8120352298574
55.94488547731021,-3.1869290745302847,E,55.94488547731021,-3.1866290745302845,2502.9064073303257,2272.5620352298574
55.94488547731021,-3.1866290745302845,SW,55.94467334527585,-3.1868412065646403,2502.9064073303257,2271.3120352298574
55.94467334527585,-3.1868412065646403,NNW,55.94495050913561,-3.18695601159435,2502.9064073303257,2270.0620352298574
55.94495050913561,-3.18695601159435,NNW,55.945227672995365,-3.1870708166240593,2502.9064073303257,2268.8120352298574
55.945227672995365,-3.1870708166240593,NNE,55.94550483685512,-3.18695601159435,2502.9064073303257,2267.5620352298574
55.94550483685512,-3.18695601159435,NE,55.94571696888948,-3.186743879559994,2502.9064073303257,2266.3120352298574
55.94571696888948,-3.186743879559994,ESE,55.94560216385977,-3.1864667157002406,2502.9064073303257,2265.0620352298574
55.94560216385977,-3.1864667157002406,SSE,55.94532500000001,-3.186351910670531,2529.38450339077,2321.41274181005
55.94532500000001,-3.186351910670531,ENE,55.94543980502972,-3.1860747468107777,2529.38450339077,2320.16274181005
55.94543980502972,-3.1860747468107777,ENE,55.94555461005943,-3.1857975829510243,2529.38450339077,2318.91274181005
55.94555461005943,-3.1857975829510243,ENE,55.94566941508914,-3.185520419091271,2529.38450339077,2317.66274181005
55.94566941508914,-3.185520419091271,E,55.94566941508914,-3.1852204190912707,2529.38450339077,2316.41274181005
55.94566941508914,-3.1852204190912707,ENE,55.94578422011885,-3.1849432552315173,2529.38450339077,2315.16274181005
55.94578422011885,-3.1849432552315173,E,55.94578422011885,-3.184643255231517,2564.433813935313,2317.4073747784055
55.94578422011885,-3.184643255231517,WSW,55.94566941508914,-3.1849204190912705,2564.433813935313,2316.1573747784055
55.94566941508914,-3.1849204190912705,WSW,55.94555461005943,-3.185197582951024,2564.433813935313,2314.9073747784055
55.94555461005943,-3.185197582951024,WSW,55.94543980502972,-3.1854747468107774,2564.433813935313,2313.6573747784055
55.94543980502972,-3.1854747468107774,WSW,55.94532500000001,-3.1857519106705308,2564.433813935313,2312.4073747784055
55.94532500000001,-3.1857519106705308,WSW,55.9452101949703,-3.186029074530284,2564.433813935313,2311.1573747784055
55.9452101949703,-3.186029074530284,W,55.9452101949703,-3.1863290745302844,2564.433813935313,2309.9073747784055
55.9452101949703,-3.1863290745302844,NNW,55.94548735883006,-3.186443879559994,2564.433813935313,2308.6573747784055
55.94548735883006,-3.186443879559994,NW,55.94569949086441,-3.1866560115943496,2564.433813935313,2307.4073747784055
55.94569949086441,-3.1866560115943496,ESE,55.9455846858347,-3.1863788477345962,2564.433813935313,2306.1573747784055
55.9455846858347,-3.1863788477345962,NW,55.94579681786906,-3.186590979768952,2564.433813935313,2304.9073747784055
55.94579681786906,-3.186590979768952,WSW,55.94568201283935,-3.1868681436287054,2564.433813935313,2303.6573747784055
55.94568201283935,-3.1868681436287054,WSW,55.94556720780964,-3.187145307488459,2564.433813935313,2302.4073747784055
55.94556720780964,-3.187145307488459,WSW,55.94545240277993,-3.187422471348212,2564.433813935313,2301.1573747784055
55.94545240277993,-3.187422471348212,WSW,55.94533759775022,-3.1876996352079656,2564.433813935313,2299.9073747784055
55.94533759775022,-3.1876996352079656,SW,55.94512546571586,-3.1879117672423214,2564.433813935313,2298.6573747784055
55.94512546571586,-3.1879117672423214,SW,55.944913333681505,-3.188123899276677,2564.433813935313,2297.4073747784055
55.944913333681505,-3.188123899276677,WNW,55.945028138711216,-3.1884010631364306,2564.433813935313,2296.1573747784055
55.945028138711216,-3.1884010631364306,WSW,55.944913333681505,-3.188678226996184,2564.433813935313,2294.9073747784055
55.944913333681505,-3.188678226996184,S,55.9446133336815,-3.188678226996184,2564.433813935313,2293.6573747784055
55.9446133336815,-3.188678226996184,SW,55.944401201647146,-3.1888903590305397,2564.433813935313,2292.4073747784055
55.944401201647146,-3.1888903590305397,W,55.944401201647146,-3.18919035903054,2564.433813935313,2291.1573747784055
55.944401201647146,-3.18919035903054,W,55.944401201647146,-3.18949035903054,2564.433813935313,2289.9073747784055
55.944401201647146,-3.18949035903054,W,55.944401201647146,-3.1897903590305403,2564.433813935313,2288.6573747784055
55.944401201647146,-3.1897903590305403,W,55.944401201647146,-3.1900903590305405,2564.433813935313,2287.4073747784055
55.944401201647146,-3.1900903590305405,ENE,55.94451600667686,-3.189813195170787,2564.433813935313,2286.1573747784055
55.94451600667686,-3.189813195170787,N,55.94481600667686,-3.189813195170787,2564.433813935313,2284.9073747784055
55.94481600667686,-3.189813195170787,WSW,55.94470120164715,-3.1900903590305405,2564.433813935313,2283.6573747784055
55.94470120164715,-3.1900903590305405,WSW,55.94458639661744,-3.190367522890294,2564.433813935313,2282.4073747784055
55.94458639661744,-3.190367522890294,WSW,55.94447159158773,-3.1906446867500473,2564.433813935313,2281.1573747784055
55.94447159158773,-3.1906446867500473,WSW,55.94435678655802,-3.1909218506098007,2564.433813935313,2279.9073747784055
55.94435678655802,-3.1909218506098007,WSW,55.94424198152831,-3.191199014469554,2564.433813935313,2278.6573747784055
55.94424198152831,-3.191199014469554,WSW,55.9441271764986,-3.1914761783293075,2564.433813935313,2277.4073747784055
55.9441271764986,-3.1914761783293075,WSW,55.94401237146889,-3.191753342189061,2564.433813935313,2276.1573747784055
55.94401237146889,-3.191753342189061,S,55.943712371468884,-3.191753342189061,2564.433813935313,2274.9073747784055
55.943712371468884,-3.191753342189061,W,55.943712371468884,-3.192053342189061,2564.433813935313,2273.6573747784055
55.943712371468884,-3.192053342189061,WSW,55.94359756643917,-3.1923305060488145,2659.9464502066235,2374.9238357221298
55.94359756643917,-3.1923305060488145,NNW,55.94387473029893,-3.192445311078524,2725.4338176470283,2493.232936622537
55.94387473029893,-3.192445311078524,ENE,55.94398953532864,-3.1921681472187706,2777.731150907089,2602.531453977503
55.94398953532864,-3.1921681472187706,SSE,55.943712371468884,-3.192053342189061,2777.731150907089,2601.281453977503
55.943712371468884,-3.192053342189061,SSE,55.94343520760913,-3.1919385371593516,2777.731150907089,2600.031453977503
55.94343520760913,-3.1919385371593516,S,55.943135207609124,-3.1919385371593516,2777.731150907089,2598.781453977503
55.943135207609124,-3.1919385371593516,SSE,55.94285804374937,-3.191823732129642,2846.4427582108215,2657.158061334587
55.94285804374937,-3.191823732129642,NNW,55.943135207609124,-3.1919385371593516,2846.4427582108215,2655.908061334587
55.943135207609124,-3.1919385371593516,SSE,55.94285804374937,-3.191823732129642,2846.4427582108215,2654.658061334587
55.94285804374937,-3.191823732129642,NNW,55.943135207609124,-3.1919385371593516,2846.4427582108215,2653.408061334587
55.943135207609124,-3.1919385371593516,SSE,55.94285804374937,-3.191823732129642,2846.4427582108215,2652.158061334587
55.94285804374937,-3.191823732129642,NNW,55.943135207609124,-3.1919385371593516,2846.4427582108215,2650.908061334587
55.943135207609124,-3.1919385371593516,SSE,55.94285804374937,-3.191823732129642,2846.4427582108215,2649.658061334587
55.94285804374937,-3.191823732129642,NNW,55.943135207609124,-3.1919385371593516,2846.4427582108215,2648.408061334587
55.943135207609124,-3.1919385371593516,SSE,55.94285804374937,-3.191823732129642,2846.4427582108215,2647.158061334587
55.94285804374937,-3.191823732129642,NNW,55.943135207609124,-3.1919385371593516,2846.4427582108215,2645.908061334587
55.943135207609124,-3.1919385371593516,SSE,55.94285804374937,-3.191823732129642,2846.4427582108215,2644.658061334587
55.94285804374937,-3.191823732129642,NNW,55.943135207609124,-3.1919385371593516,2846.4427582108215,2643.408061334587
55.943135207609124,-3.1919385371593516,SSE,55.94285804374937,-3.191823732129642,2846.4427582108215,2642.158061334587
55.94285804374937,-3.191823732129642,NNW,55.943135207609124,-3.1919385371593516,2846.4427582108215,2640.908061334587
55.943135207609124,-3.1919385371593516,SSE,55.94285804374937,-3.191823732129642,2846.4427582108215,2639.658061334587
55.94285804374937,-3.191823732129642,NNW,55.943135207609124,-3.1919385371593516,2846.4427582108215,2638.408061334587
55.943135207609124,-3.1919385371593516,SSE,55.94285804374937,-3.191823732129642,2846.4427582108215,2637.158061334587
55.94285804374937,-3.191823732129642,NNW,55.943135207609124,-3.1919385371593516,2846.4427582108215,2635.908061334587
55.943135207609124,-3.1919385371593516,SSE,55.94285804374937,-3.191823732129642,2846.4427582108215,2634.658061334587
55.94285804374937,-3.191823732129642,NNW,55.943135207609124,-3.1919385371593516,2846.4427582108215,2633.408061334587
55.943135207609124,-3.1919385371593516,SSE,55.94285804374937,-3.191823732129642,2846.4427582108215,2632.158061334587
55.94285804374937,-3.191823732129642,NNW,55.943135207609124,-3.1919385371593516,2846.4427582108215,2630.908061334587
55.943135207609124,-3.1919385371593516,SSE,55.94285804374937,-3.191823732129642,2846.4427582108215,2629.658061334587
55.94285804374937,-3.191823732129642,NNW,55.943135207609124,-3.1919385371593516,2846.4427582108215,2628.408061334587
55.943135207609124,-3.1919385371593516,SSE,55.94285804374937,-3.191823732129642,2846.4427582108215,2627.158061334587
55.94285804374937,-3.191823732129642,NNW,55.943135207609124,-3.1919385371593516,2846.4427582108215,2625.908061334587
55.943135207609124,-3.1919385371593516,SSE,55.94285804374937,-3.191823732129642,2846.4427582108215,2624.658061334587
55.94285804374937,-3.191823732129642,NNW,55.943135207609124,-3.1919385371593516,2846.4427582108215,2623.408061334587
55.943135207609124,-3.1919385371593516,SSE,55.94285804374937,-3.191823732129642,2846.4427582108215,2622.158061334587
55.94285804374937,-3.191823732129642,NNW,55.943135207609124,-3.1919385371593516,2846.4427582108215,2620.908061334587
55.943135207609124,-3.1919385371593516,SSE,55.94285804374937,-3.191823732129642,2846.4427582108215,2619.658061334587
55.94285804374937,-3.191823732129642,NNW,55.943135207609124,-3.1919385371593516,2846.4427582108215,2618.408061334587
55.943135207609124,-3.1919385371593516,SSE,55.94285804374937,-3.191823732129642,2846.4427582108215,2617.158061334587
55.94285804374937,-3.191823732129642,NNW,55.943135207609124,-3.1919385371593516,2846.4427582108215,2615.908061334587
55.943135207609124,-3.1919385371593516,SSE,55.94285804374937,-3.191823732129642,2846.4427582108215,2614.658061334587
55.94285804374937,-3.191823732129642,NNW,55.943135207609124,-3.1919385371593516,2846.4427582108215,2613.408061334587
55.943135207609124,-3.1919385371593516,SSE,55.94285804374937,-3.191823732129642,2846.4427582108215,2612.158061334587
55.94285804374937,-3.191823732129642,NNW,55.943135207609124,-3.1919385371593516,2846.4427582108215,2610.908061334587
55.943135207609124,-3.1919385371593516,SSE,55.94285804374937,-3.191823732129642,2846.4427582108215,2609.658061334587
55.94285804374937,-3.191823732129642,NNW,55.943135207609124,-3.1919385371593516,2846.4427582108215,2608.408061334587
55.943135207609124,-3.1919385371593516,SSE,55.94285804374937,-3.191823732129642,2846.4427582108215,2607.158061334587
55.94285804374937,-3.191823732129642,NNW,55.943135207609124,-3.1919385371593516,2846.4427582108215,2605.908061334587
55.943135207609124,-3.1919385371593516,SSE,55.94285804374937,-3.191823732129642,2846.4427582108215,2604.658061334587
55.94285804374937,-3.191823732129642,NNW,55.943135207609124,-3.1919385371593516,2846.4427582108215,2603.408061334587
55.943135207609124,-3.1919385371593516,SSE,55.94285804374937,-3.191823732129642,2846.4427582108215,2602.158061334587
55.94285804374937,-3.191823732129642,NNW,55.943135207609124,-3.1919385371593516,2846.4427582108215,2600.908061334587
55.943135207609124,-3.1919385371593516,SSE,55.94285804374937,-3.191823732129642,2846.4427582108215,2599.658061334587
55.94285804374937,-3.191823732129642,NNW,55.943135207609124,-3.1919385371593516,2846.4427582108215,2598.408061334587
55.943135207609124,-3.1919385371593516,SSE,55.94285804374937,-3.191823732129642,2846.4427582108215,2597.158061334587
55.94285804374937,-3.191823732129642,NNW,55.943135207609124,-3.1919385371593516,2846.4427582108215,2595.908061334587
55.943135207609124,-3.1919385371593516,SSE,55.94285804374937,-3.191823732129642,2846.4427582108215,2594.658061334587
55.94285804374937,-3.191823732129642,NNW,55.943135207609124,-3.1919385371593516,2846.4427582108215,2593.408061334587
55.943135207609124,-3.1919385371593516,SSE,55.94285804374937,-3.191823732129642,2846.4427582108215,2592.158061334587
55.94285804374937,-3.191823732129642,NNW,55.943135207609124,-3.1919385371593516,2846.4427582108215,2590.908061334587
55.943135207609124,-3.1919385371593516,SSE,55.94285804374937,-3.191823732129642,2846.4427582108215,2589.658061334587
55.94285804374937,-3.191823732129642,NNW,55.943135207609124,-3.1919385371593516,2846.4427582108215,2588.408061334587
55.943135207609124,-3.1919385371593516,SSE,55.94285804374937,-3.191823732129642,2846.4427582108215,2587.158061334587
55.94285804374937,-3.191823732129642,NNW,55.943135207609124,-3.1919385371593516,2846.4427582108215,2585.908061334587
55.943135207609124,-3.1919385371593516,SSE,55.94285804374937,-3.191823732129642,2846.4427582108215,2584.658061334587
55.94285804374937,-3.191823732129642,NNW,55.943135207609124,-3.1919385371593516,2846.4427582108215,2583.408061334587
55.943135207609124,-3.1919385371593516,SSE,55.94285804374937,-3.191823732129642,2846.4427582108215,2582.158061334587
55.94285804374937,-3.191823732129642,NNW,55.943135207609124,-3.1919385371593516,2846.4427582108215,2580.908061334587
55.943135207609124,-3.1919385371593516,SSE,55.94285804374937,-3.191823732129642,2846.4427582108215,2579.658061334587
55.94285804374937,-3.191823732129642,NNW,55.943135207609124,-3.1919385371593516,2846.4427582108215,2578.408061334587
55.943135207609124,-3.1919385371593516,SSE,55.94285804374937,-3.191823732129642,2846.4427582108215,2577.158061334587
55.94285804374937,-3.191823732129642,NNW,55.943135207609124,-3.1919385371593516,2846.4427582108215,2575.908061334587
55.943135207609124,-3.1919385371593516,SSE,55.94285804374937,-3.191823732129642,2846.4427582108215,2574.658061334587
55.94285804374937,-3.191823732129642,NNW,55.943135207609124,-3.1919385371593516,2846.4427582108215,2573.408061334587
55.943135207609124,-3.1919385371593516,SSE,55.94285804374937,-3.191823732129642,2846.4427582108215,2572.158061334587
55.94285804374937,-3.191823732129642,NNW,55.943135207609124,-3.1919385371593516,2846.4427582108215,2570.908061334587
55.943135207609124,-3.1919385371593516,SSE,55.94285804374937,-3.191823732129642,2846.4427582108215,2569.658061334587
55.94285804374937,-3.191823732129642,NNW,55.943135207609124,-3.1919385371593516,2846.4427582108215,2568.408061334587
55.943135207609124,-3.1919385371593516,SSE,55.94285804374937,-3.191823732129642,2846.4427582108215,2567.158061334587
55.94285804374937,-3.191823732129642,NNW,55.943135207609124,-3.1919385371593516,2846.4427582108215,2565.908061334587
55.943135207609124,-3.1919385371593516,SSE,55.94285804374937,-3.191823732129642,2846.4427582108215,2564.658061334587
55.94285804374937,-3.191823732129642,NNW,55.943135207609124,-3.1919385371593516,2846.4427582108215,2563.408061334587
55.943135207609124,-3.1919385371593516,SSE,55.94285804374937,-3.191823732129642,2846.4427582108215,2562.158061334587
55.94285804374937,-3.191823732129642,NNW,55.943135207609124,-3.1919385371593516,2846.4427582108215,2560.908061334587
55.943135207609124,-3.1919385371593516,SSE,55.94285804374937,-3.191823732129642,2846.4427582108215,2559.658061334587
55.94285804374937,-3.191823732129642,NNW,55.943135207609124,-3.1919385371593516,2846.4427582108215,2558.408061334587
55.943135207609124,-3.1919385371593516,SSE,55.94285804374937,-3.191823732129642,2846.4427582108215,2557.158061334587
55.94285804374937,-3.191823732129642,NNW,55.943135207609124,-3.1919385371593516,2846.4427582108215,2555.908061334587
55.943135207609124,-3.1919385371593516,SSE,55.94285804374937,-3.191823732129642,2846.4427582108215,2554.658061334587
55.94285804374937,-3.191823732129642,NNW,55.943135207609124,-3.1919385371593516,2846.4427582108215,2553.408061334587
55.943135207609124,-3.1919385371593516,SSE,55.94285804374937,-3.191823732129642,2846.4427582108215,2552.158061334587
55.94285804374937,-3.191823732129642,NNW,55.943135207609124,-3.1919385371593516,2846.4427582108215,2550.908061334587
55.943135207609124,-3.1919385371593516,SSE,55.94285804374937,-3.191823732129642,2846.4427582108215,2549.658061334587
55.94285804374937,-3.191823732129642,NNW,55.943135207609124,-3.1919385371593516,2846.4427582108215,2548.408061334587
55.943135207609124,-3.1919385371593516,SSE,55.94285804374937,-3.191823732129642,2846.4427582108215,2547.158061334587
55.94285804374937,-3.191823732129642,NNW,55.943135207609124,-3.1919385371593516,2846.4427582108215,2545.908061334587
55.943135207609124,-3.1919385371593516,SSE,55.94285804374937,-3.191823732129642,2846.4427582108215,2544.658061334587
55.94285804374937,-3.191823732129642,NNW,55.943135207609124,-3.1919385371593516,2846.4427582108215,2543.408061334587
55.943135207609124,-3.1919385371593516,SSE,55.94285804374937,-3.191823732129642,2846.4427582108215,2542.158061334587
55.94285804374937,-3.191823732129642,NNW,55.943135207609124,-3.1919385371593516,2846.4427582108215,2540.908061334587
55.943135207609124,-3.1919385371593516,SSE,55.94285804374937,-3.191823732129642,2846.4427582108215,2539.658061334587
55.94285804374937,-3.191823732129642,NNW,55.943135207609124,-3.1919385371593516,2846.4427582108215,2538.408061334587
55.943135207609124,-3.1919385371593516,SSE,55.94285804374937,-3.191823732129642,2846.4427582108215,2537.158061334587
55.94285804374937,-3.191823732129642,NNW,55.943135207609124,-3.1919385371593516,2846.4427582108215,2535.908061334587
55.943135207609124,-3.1919385371593516,SSE,55.94285804374937,-3.191823732129642,2846.4427582108215,2534.658061334587
55.94285804374937,-3.191823732129642,NNW,55.943135207609124,-3.1919385371593516,2846.4427582108215,2533.408061334587
55.943135207609124,-3.1919385371593516,SSE,55.94285804374937,-3.191823732129642,2846.4427582108215,2532.158061334587
55.94285804374937,-3.191823732129642,NNW,55.943135207609124,-3.1919385371593516,2846.4427582108215,2530.908061334587
55.943135207609124,-3.1919385371593516,SSE,55.94285804374937,-3.191823732129642,2846.4427582108215,2529.658061334587
55.94285804374937,-3.191823732129642,NNW,55.943135207609124,-3.1919385371593516,2846.4427582108215,2528.408061334587
55.943135207609124,-3.1919385371593516,SSE,55.94285804374937,-3.191823732129642,2846.4427582108215,2527.158061334587
55.94285804374937,-3.191823732129642,NNW,55.943135207609124,-3.1919385371593516,2846.4427582108215,2525.908061334587
55.943135207609124,-3.1919385371593516,SSE,55.94285804374937,-3.191823732129642,2846.4427582108215,2524.658061334587
55.94285804374937,-3.191823732129642,NNW,55.943135207609124,-3.1919385371593516,2846.4427582108215,2523.408061334587
55.943135207609124,-3.1919385371593516,SSE,55.94285804374937,-3.191823732129642,2846.4427582108215,2522.158061334587
55.94285804374937,-3.191823732129642,NNW,55.943135207609124,-3.1919385371593516,2846.4427582108215,2520.908061334587
55.943135207609124,-3.1919385371593516,SSE,55.94285804374937,-3.191823732129642,2846.4427582108215,2519.658061334587
55.94285804374937,-3.191823732129642,NNW,55.943135207609124,-3.1919385371593516,2846.4427582108215,2518.408061334587
