55.944425,-3.188396,S,55.944125,-3.188396,0.0,248.75
55.944125,-3.188396,S,55.943825,-3.188396,0.0,247.5
55.943825,-3.188396,SSE,55.94354783614024,-3.1882811949702905,0.0,246.25
55.94354783614024,-3.1882811949702905,S,55.94324783614024,-3.1882811949702905,2.1055387554577005,262.0141000147981
55.94324783614024,-3.1882811949702905,SSW,55.94297067228048,-3.188396,2.1055387554577005,260.7641000147981
55.94297067228048,-3.188396,SSW,55.942693508420724,-3.1885108050297095,36.702469549686064,274.31813410105843
55.942693508420724,-3.1885108050297095,NE,55.94290564045508,-3.1882986729953537,36.702469549686064,273.06813410105843
55.94290564045508,-3.1882986729953537,NE,55.94311777248944,-3.188086540960998,36.702469549686064,271.81813410105843
55.94311777248944,-3.188086540960998,NE,55.94332990452379,-3.187874408926642,36.702469549686064,270.56813410105843
55.94332990452379,-3.187874408926642,ENE,55.9434447095535,-3.187597245066889,36.702469549686064,269.31813410105843
55.9434447095535,-3.187597245066889,NE,55.94365684158786,-3.187385113032533,81.11847428638853,320.62465912066654
55.94365684158786,-3.187385113032533,NE,55.943868973622216,-3.1871729809981773,164.44488181677087,321.12068110387844
55.943868973622216,-3.1871729809981773,NNE,55.94414613748197,-3.1870581759684677,236.61374395291705,362.9285223391066
55.94414613748197,-3.1870581759684677,ENE,55.94426094251168,-3.1867810121087143,255.79442398481868,464.17822544635953
55.94426094251168,-3.1867810121087143,E,55.94426094251168,-3.186481012108714,255.79442398481868,462.92822544635953
55.94426094251168,-3.186481012108714,E,55.94426094251168,-3.186181012108714,329.6074208586025,565.2670051263623
55.94426094251168,-3.186181012108714,SSW,55.943983778651926,-3.1862958171384235,329.6074208586025,564.0170051263623
55.943983778651926,-3.1862958171384235,SSW,55.94370661479217,-3.186410622168133,329.6074208586025,562.7670051263623
55.94370661479217,-3.186410622168133,S,55.94340661479217,-3.186410622168133,335.58681259868047,562.4859202376896
55.94340661479217,-3.186410622168133,NNW,55.94368377865192,-3.1865254271978425,335.58681259868047,561.2359202376896
55.94368377865192,-3.1865254271978425,NNE,55.94396094251168,-3.186410622168133,335.58681259868047,559.9859202376896
55.94396094251168,-3.186410622168133,NNE,55.94423810637144,-3.1862958171384235,335.58681259868047,558.7359202376896
55.94423810637144,-3.1862958171384235,NNE,55.94451527023119,-3.186181012108714,335.58681259868047,557.4859202376896
55.94451527023119,-3.186181012108714,NNE,55.94479243409095,-3.1860662070790045,335.58681259868047,556.2359202376896
55.94479243409095,-3.1860662070790045,NNE,55.945069597950706,-3.185951402049295,370.9910181631772,652.6990364779845
55.945069597950706,-3.185951402049295,NNE,55.94534676181046,-3.1858365970195854,370.9910181631772,651.4490364779845
55.94534676181046,-3.1858365970195854,NNE,55.94562392567022,-3.185721791989876,412.2149471155637,717.1858804752699
55.94562392567022,-3.185721791989876,NNE,55.945901089529976,-3.1856069869601664,470.0499818435591,761.5332710256023
55.945901089529976,-3.1856069869601664,E,55.945901089529976,-3.1853069869601662,470.0499818435591,760.2832710256023
55.945901089529976,-3.1853069869601662,E,55.945901089529976,-3.185006986960166,470.0499818435591,759.0332710256023
55.945901089529976,-3.185006986960166,E,55.945901089529976,-3.184706986960166,570.4004962634477,840.0433356175172
55.945901089529976,-3.184706986960166,SSE,55.94562392567022,-3.1845921819304563,570.4004962634477,838.7933356175172
55.94562392567022,-3.1845921819304563,SSE,55.94534676181046,-3.184477376900747,570.4004962634477,837.5433356175172
55.94534676181046,-3.184477376900747,S,55.94504676181046,-3.184477376900747,570.4004962634477,836.2933356175172
55.94504676181046,-3.184477376900747,SSE,55.9447695979507,-3.1843625718710373,573.4961649099115,956.277754328396
55.9447695979507,-3.1843625718710373,S,55.9444695979507,-3.1843625718710373,573.4961649099115,955.027754328396
55.9444695979507,-3.1843625718710373,NW,55.94468172998506,-3.184574703905393,573.4961649099115,953.777754328396
55.94468172998506,-3.184574703905393,W,55.94468172998506,-3.1848747039053933,573.4961649099115,952.527754328396
55.94468172998506,-3.1848747039053933,SW,55.9444695979507,-3.185086835939749,573.4961649099115,951.277754328396
55.9444695979507,-3.185086835939749,SSE,55.944192434090944,-3.1849720309100396,573.4961649099115,950.027754328396
55.944192434090944,-3.1849720309100396,SE,55.94398030205659,-3.184759898875684,573.4961649099115,948.777754328396
55.94398030205659,-3.184759898875684,SSE,55.94370313819683,-3.1846450938459743,573.4961649099115,947.527754328396
55.94370313819683,-3.1846450938459743,SE,55.943491006162475,-3.1844329618116185,635.080789307541,1056.8178541307864
55.943491006162475,-3.1844329618116185,WNW,55.943605811192185,-3.184710125671372,635.080789307541,1055.5678541307864
55.943605811192185,-3.184710125671372,NW,55.94381794322654,-3.1849222577057277,635.080789307541,1054.3178541307864
55.94381794322654,-3.1849222577057277,NW,55.9440300752609,-3.1851343897400834,635.080789307541,1053.0678541307864
55.9440300752609,-3.1851343897400834,NW,55.944242207295254,-3.185346521774439,635.080789307541,1051.8178541307864
55.944242207295254,-3.185346521774439,NW,55.94445433932961,-3.185558653808795,635.080789307541,1050.5678541307864
55.94445433932961,-3.185558653808795,NW,55.944666471363966,-3.1857707858431508,635.080789307541,1049.3178541307864
55.944666471363966,-3.1857707858431508,NW,55.94487860339832,-3.1859829178775065,635.080789307541,1048.0678541307864
55.94487860339832,-3.1859829178775065,NW,55.94509073543268,-3.1861950499118623,635.080789307541,1046.8178541307864
55.94509073543268,-3.1861950499118623,SW,55.94487860339832,-3.186407181946218,635.080789307541,1045.5678541307864
55.94487860339832,-3.186407181946218,NNW,55.94515576725808,-3.1865219869759276,635.080789307541,1044.3178541307864
55.94515576725808,-3.1865219869759276,N,55.94545576725808,-3.1865219869759276,647.7670951968781,1073.5524528169803
55.94545576725808,-3.1865219869759276,NNW,55.94573293111784,-3.186636792005637,647.7670951968781,1072.3024528169803
55.94573293111784,-3.186636792005637,NW,55.945945063152195,-3.186848924039993,744.4168405069391,1190.3597858103285
55.945945063152195,-3.186848924039993,W,55.945945063152195,-3.187148924039993,744.4168405069391,1189.1097858103285
55.945945063152195,-3.187148924039993,W,55.945945063152195,-3.1874489240399932,744.4168405069391,1187.8597858103285
55.945945063152195,-3.1874489240399932,WSW,55.945830258122484,-3.1877260878997467,744.4168405069391,1186.6097858103285
55.945830258122484,-3.1877260878997467,W,55.945830258122484,-3.188026087899747,744.4168405069391,1185.3597858103285
55.945830258122484,-3.188026087899747,W,55.945830258122484,-3.188326087899747,744.4168405069391,1184.1097858103285
55.945830258122484,-3.188326087899747,WNW,55.945945063152195,-3.1886032517595004,795.3411107907951,1203.3193635101184
55.945945063152195,-3.1886032517595004,WSW,55.945830258122484,-3.188880415619254,795.3411107907951,1202.0693635101184
55.945830258122484,-3.188880415619254,WSW,55.945715453092774,-3.1891575794790072,795.3411107907951,1200.8193635101184
55.945715453092774,-3.1891575794790072,WSW,55.94560064806306,-3.1894347433387606,830.8200006278644,1288.2413756767753
55.94560064806306,-3.1894347433387606,SW,55.94538851602871,-3.1896468753731164,830.8200006278644,1286.9913756767753
55.94538851602871,-3.1896468753731164,SSW,55.94511135216895,-3.189761680402826,830.8200006278644,1285.7413756767753
55.94511135216895,-3.189761680402826,SW,55.944899220134594,-3.1899738124371817,907.9999361020672,1292.725894329931
55.944899220134594,-3.1899738124371817,W,55.944899220134594,-3.190273812437182,907.9999361020672,1291.475894329931
55.944899220134594,-3.190273812437182,WNW,55.945014025164305,-3.1905509762969353,907.9999361020672,1290.225894329931
55.945014025164305,-3.1905509762969353,W,55.945014025164305,-3.1908509762969355,999.6078864749079,1410.6923181176262
55.945014025164305,-3.1908509762969355,NE,55.94522615719866,-3.1906388442625797,999.6078864749079,1409.4423181176262
55.94522615719866,-3.1906388442625797,WSW,55.94511135216895,-3.190916008122333,999.6078864749079,1408.1923181176262
55.94511135216895,-3.190916008122333,NW,55.94532348420331,-3.191128140156689,1050.704573066853,1524.3348603124255
55.94532348420331,-3.191128140156689,W,55.94532348420331,-3.191428140156689,1050.704573066853,1523.0848603124255
55.94532348420331,-3.191428140156689,WSW,55.9452086791736,-3.1917053040164425,1119.1146751274878,1542.813125217089
55.9452086791736,-3.1917053040164425,SSE,55.94493151531384,-3.191590498986733,1119.1146751274878,1541.563125217089
55.94493151531384,-3.191590498986733,SSW,55.94465435145408,-3.1917053040164425,1120.750793843912,1557.6532387788395
55.94465435145408,-3.1917053040164425,WNW,55.944769156483794,-3.191982467876196,1158.0270407542794,1642.9831569601947
55.944769156483794,-3.191982467876196,SW,55.94455702444944,-3.1921945999105517,1202.001887976415,1728.0008715015135
55.94455702444944,-3.1921945999105517,SE,55.94434489241508,-3.191982467876196,1229.7122175368556,1753.2213935061259
55.94434489241508,-3.191982467876196,SSW,55.944067728555325,-3.1920972729059054,1229.7122175368556,1751.9713935061259
55.944067728555325,-3.1920972729059054,SSW,55.94379056469557,-3.192212077935615,1308.0136269341751,1850.0072373394876
55.94379056469557,-3.192212077935615,S,55.943490564695566,-3.192212077935615,1308.0136269341751,1848.7572373394876
55.943490564695566,-3.192212077935615,SSW,55.94321340083581,-3.1923268829653244,1432.0711231527903,1893.0282465855366
55.94321340083581,-3.1923268829653244,ENE,55.94332820586552,-3.192049719105571,1432.0711231527903,1891.7782465855366
55.94332820586552,-3.192049719105571,ENE,55.94344301089523,-3.1917725552458176,1432.0711231527903,1890.5282465855366
55.94344301089523,-3.1917725552458176,ENE,55.94355781592494,-3.191495391386064,1432.0711231527903,1889.2782465855366
55.94355781592494,-3.191495391386064,ENE,55.94367262095465,-3.191218227526311,1443.214030743135,1934.5852785761128
55.94367262095465,-3.191218227526311,ESE,55.94355781592494,-3.1909410636665574,1443.214030743135,1933.3352785761128
55.94355781592494,-3.1909410636665574,E,55.94355781592494,-3.190641063666557,1450.5835629386718,1979.3132059583093
55.94355781592494,-3.190641063666557,NNE,55.9438349797847,-3.1905262586368477,1573.2353591210722,1993.7713759455773
55.9438349797847,-3.1905262586368477,S,55.943534979784694,-3.1905262586368477,1573.2353591210722,1992.5213759455773
55.943534979784694,-3.1905262586368477,S,55.94323497978469,-3.1905262586368477,1573.2353591210722,1991.2713759455773
55.94323497978469,-3.1905262586368477,SSE,55.942957815924935,-3.190411453607138,1645.9090194805192,2084.7732270352485
55.942957815924935,-3.190411453607138,NNW,55.94323497978469,-3.1905262586368477,1645.9090194805192,2083.5232270352485
55.94323497978469,-3.1905262586368477,SSE,55.942957815924935,-3.190411453607138,1645.9090194805192,2082.2732270352485
55.942957815924935,-3.190411453607138,NNW,55.94323497978469,-3.1905262586368477,1645.9090194805192,2081.0232270352485
55.94323497978469,-3.1905262586368477,SSE,55.942957815924935,-3.190411453607138,1645.9090194805192,2079.7732270352485
55.942957815924935,-3.190411453607138,NNW,55.94323497978469,-3.1905262586368477,1645.9090194805192,2078.5232270352485
55.94323497978469,-3.1905262586368477,SSE,55.942957815924935,-3.190411453607138,1645.9090194805192,2077.2732270352485
55.942957815924935,-3.190411453607138,NNW,55.94323497978469,-3.1905262586368477,1645.9090194805192,2076.0232270352485
55.94323497978469,-3.1905262586368477,SSE,55.942957815924935,-3.190411453607138,1645.9090194805192,2074.7732270352485
55.942957815924935,-3.190411453607138,NNW,55.94323497978469,-3.1905262586368477,1645.9090194805192,2073.5232270352485
55.94323497978469,-3.1905262586368477,SSE,55.942957815924935,-3.190411453607138,1645.9090194805192,2072.2732270352485
55.942957815924935,-3.190411453607138,NNW,55.94323497978469,-3.1905262586368477,1645.9090194805192,2071.0232270352485
55.94323497978469,-3.1905262586368477,SSE,55.942957815924935,-3.190411453607138,1645.9090194805192,2069.7732270352485
55.942957815924935,-3.190411453607138,NNW,55.94323497978469,-3.1905262586368477,1645.9090194805192,2068.5232270352485
55.94323497978469,-3.1905262586368477,SSE,55.942957815924935,-3.190411453607138,1645.9090194805192,2067.2732270352485
55.942957815924935,-3.190411453607138,NNW,55.94323497978469,-3.1905262586368477,1645.9090194805192,2066.0232270352485
55.94323497978469,-3.1905262586368477,SSE,55.942957815924935,-3.190411453607138,1645.9090194805192,2064.7732270352485
55.942957815924935,-3.190411453607138,NNW,55.94323497978469,-3.1905262586368477,1645.9090194805192,2063.5232270352485
55.94323497978469,-3.1905262586368477,SSE,55.942957815924935,-3.190411453607138,1645.9090194805192,2062.2732270352485
55.942957815924935,-3.190411453607138,NNW,55.94323497978469,-3.1905262586368477,1645.9090194805192,2061.0232270352485
55.94323497978469,-3.1905262586368477,SSE,55.942957815924935,-3.190411453607138,1645.9090194805192,2059.7732270352485
55.942957815924935,-3.190411453607138,NNW,55.94323497978469,-3.1905262586368477,1645.9090194805192,2058.5232270352485
55.94323497978469,-3.1905262586368477,SSE,55.942957815924935,-3.190411453607138,1645.9090194805192,2057.2732270352485
55.942957815924935,-3.190411453607138,NNW,55.94323497978469,-3.1905262586368477,1645.9090194805192,2056.0232270352485
55.94323497978469,-3.1905262586368477,SSE,55.942957815924935,-3.190411453607138,1645.9090194805192,2054.7732270352485
55.942957815924935,-3.190411453607138,NNW,55.94323497978469,-3.1905262586368477,1645.9090194805192,2053.5232270352485
55.94323497978469,-3.1905262586368477,SSE,55.942957815924935,-3.190411453607138,1645.9090194805192,2052.2732270352485
55.942957815924935,-3.190411453607138,NNW,55.94323497978469,-3.1905262586368477,1645.9090194805192,2051.0232270352485
55.94323497978469,-3.1905262586368477,SSE,55.942957815924935,-3.190411453607138,1645.9090194805192,2049.7732270352485
55.942957815924935,-3.190411453607138,NNW,55.94323497978469,-3.1905262586368477,1645.9090194805192,2048.5232270352485
55.94323497978469,-3.1905262586368477,SSE,55.942957815924935,-3.190411453607138,1645.9090194805192,2047.2732270352485
55.942957815924935,-3.190411453607138,NNW,55.94323497978469,-3.1905262586368477,1645.9090194805192,2046.0232270352485
55.94323497978469,-3.1905262586368477,SSE,55.942957815924935,-3.190411453607138,1645.9090194805192,2044.7732270352485
55.942957815924935,-3.190411453607138,NNW,55.94323497978469,-3.1905262586368477,1645.9090194805192,2043.5232270352485
55.94323497978469,-3.1905262586368477,SSE,55.942957815924935,-3.190411453607138,1645.9090194805192,2042.2732270352485
55.942957815924935,-3.190411453607138,NNW,55.94323497978469,-3.1905262586368477,1645.9090194805192,2041.0232270352485
55.94323497978469,-3.1905262586368477,SSE,55.942957815924935,-3.190411453607138,1645.9090194805192,2039.7732270352485
55.942957815924935,-3.190411453607138,NNW,55.94323497978469,-3.1905262586368477,1645.9090194805192,2038.5232270352485
55.94323497978469,-3.1905262586368477,SSE,55.942957815924935,-3.190411453607138,1645.9090194805192,2037.2732270352485
55.942957815924935,-3.190411453607138,NNW,55.94323497978469,-3.1905262586368477,1645.9090194805192,2036.0232270352485
55.94323497978469,-3.1905262586368477,SSE,55.942957815924935,-3.190411453607138,1645.9090194805192,2034.7732270352485
55.942957815924935,-3.190411453607138,NNW,55.94323497978469,-3.1905262586368477,1645.9090194805192,2033.5232270352485
55.94323497978469,-3.1905262586368477,SSE,55.942957815924935,-3.190411453607138,1645.9090194805192,2032.2732270352485
55.942957815924935,-3.190411453607138,NNW,55.94323497978469,-3.1905262586368477,1645.9090194805192,2031.0232270352485
55.94323497978469,-3.1905262586368477,SSE,55.942957815924935,-3.190411453607138,1645.9090194805192,2029.7732270352485
55.942957815924935,-3.190411453607138,NNW,55.94323497978469,-3.1905262586368477,1645.9090194805192,2028.5232270352485
55.94323497978469,-3.1905262586368477,SSE,55.942957815924935,-3.190411453607138,1645.9090194805192,2027.2732270352485
55.942957815924935,-3.190411453607138,NNW,55.94323497978469,-3.1905262586368477,1645.9090194805192,2026.0232270352485
55.94323497978469,-3.1905262586368477,SSE,55.942957815924935,-3.190411453607138,1645.9090194805192,2024.7732270352485
55.942957815924935,-3.190411453607138,NNW,55.94323497978469,-3.1905262586368477,1645.9090194805192,2023.5232270352485
55.94323497978469,-3.1905262586368477,SSE,55.942957815924935,-3.190411453607138,1645.9090194805192,2022.2732270352485
55.942957815924935,-3.190411453607138,NNW,55.94323497978469,-3.1905262586368477,1645.9090194805192,2021.0232270352485
55.94323497978469,-3.1905262586368477,SSE,55.942957815924935,-3.190411453607138,1645.9090194805192,2019.7732270352485
55.942957815924935,-3.190411453607138,NNW,55.94323497978469,-3.1905262586368477,1645.9090194805192,2018.5232270352485
55.94323497978469,-3.1905262586368477,SSE,55.942957815924935,-3.190411453607138,1645.9090194805192,2017.2732270352485
55.942957815924935,-3.190411453607138,NNW,55.94323497978469,-3.1905262586368477,1645.9090194805192,2016.0232270352485
55.94323497978469,-3.1905262586368477,SSE,55.942957815924935,-3.190411453607138,1645.9090194805192,2014.7732270352485
55.942957815924935,-3.190411453607138,NNW,55.94323497978469,-3.1905262586368477,1645.9090194805192,2013.5232270352485
55.94323497978469,-3.1905262586368477,SSE,55.942957815924935,-3.190411453607138,1645.9090194805192,2012.2732270352485
55.942957815924935,-3.190411453607138,NNW,55.94323497978469,-3.1905262586368477,1645.9090194805192,2011.0232270352485
55.94323497978469,-3.1905262586368477,SSE,55.942957815924935,-3.190411453607138,1645.9090194805192,2009.7732270352485
55.942957815924935,-3.190411453607138,NNW,55.94323497978469,-3.1905262586368477,1645.9090194805192,2008.5232270352485
55.94323497978469,-3.1905262586368477,SSE,55.942957815924935,-3.190411453607138,1645.9090194805192,2007.2732270352485
55.942957815924935,-3.190411453607138,NNW,55.94323497978469,-3.1905262586368477,1645.9090194805192,2006.0232270352485
55.94323497978469,-3.1905262586368477,SSE,55.942957815924935,-3.190411453607138,1645.9090194805192,2004.7732270352485
55.942957815924935,-3.190411453607138,NNW,55.94323497978469,-3.1905262586368477,1645.9090194805192,2003.5232270352485
55.94323497978469,-3.1905262586368477,SSE,55.942957815924935,-3.190411453607138,1645.9090194805192,2002.2732270352485
55.942957815924935,-3.190411453607138,NNW,55.94323497978469,-3.1905262586368477,1645.9090194805192,2001.0232270352485
55.94323497978469,-3.1905262586368477,SSE,55.942957815924935,-3.190411453607138,1645.9090194805192,1999.7732270352485
55.942957815924935,-3.190411453607138,NNW,55.94323497978469,-3.1905262586368477,1645.9090194805192,1998.5232270352485
55.94323497978469,-3.1905262586368477,SSE,55.942957815924935,-3.190411453607138,1645.9090194805192,1997.2732270352485
55.942957815924935,-3.190411453607138,NNW,55.94323497978469,-3.1905262586368477,1645.9090194805192,1996.0232270352485
55.94323497978469,-3.1905262586368477,SSE,55.942957815924935,-3.190411453607138,1645.9090194805192,1994.7732270352485
55.942957815924935,-3.190411453607138,NNW,55.94323497978469,-3.1905262586368477,1645.9090194805192,1993.5232270352485
55.94323497978469,-3.1905262586368477,SSE,55.942957815924935,-3.190411453607138,1645.9090194805192,1992.2732270352485
55.942957815924935,-3.190411453607138,NNW,55.94323497978469,-3.1905262586368477,1645.9090194805192,1991.0232270352485
55.94323497978469,-3.1905262586368477,SSE,55.942957815924935,-3.190411453607138,1645.9090194805192,1989.7732270352485
55.942957815924935,-3.190411453607138,NNW,55.94323497978469,-3.1905262586368477,1645.9090194805192,1988.5232270352485
55.94323497978469,-3.1905262586368477,SSE,55.942957815924935,-3.190411453607138,1645.9090194805192,1987.2732270352485
55.942957815924935,-3.190411453607138,NNW,55.94323497978469,-3.1905262586368477,1645.9090194805192,1986.0232270352485
55.94323497978469,-3.1905262586368477,SSE,55.942957815924935,-3.190411453607138,1645.9090194805192,1984.7732270352485
55.942957815924935,-3.190411453607138,NNW,55.94323497978469,-3.1905262586368477,1645.9090194805192,1983.5232270352485
55.94323497978469,-3.1905262586368477,SSE,55.942957815924935,-3.190411453607138,1645.9090194805192,1982.2732270352485
55.942957815924935,-3.190411453607138,NNW,55.94323497978469,-3.1905262586368477,1645.9090194805192,1981.0232270352485
55.94323497978469,-3.1905262586368477,SSE,55.942957815924935,-3.190411453607138,1645.9090194805192,1979.7732270352485
55.942957815924935,-3.190411453607138,NNW,55.94323497978469,-3.1905262586368477,1645.9090194805192,1978.5232270352485
55.94323497978469,-3.1905262586368477,SSE,55.942957815924935,-3.190411453607138,1645.9090194805192,1977.2732270352485
55.942957815924935,-3.190411453607138,NNW,55.94323497978469,-3.1905262586368477,1645.9090194805192,1976.0232270352485
55.94323497978469,-3.1905262586368477,SSE,55.942957815924935,-3.190411453607138,1645.9090194805192,1974.7732270352485
55.942957815924935,-3.190411453607138,NNW,55.94323497978469,-3.1905262586368477,1645.9090194805192,1973.5232270352485
55.94323497978469,-3.1905262586368477,SSE,55.942957815924935,-3.190411453607138,1645.9090194805192,1972.2732270352485
55.942957815924935,-3.190411453607138,NNW,55.94323497978469,-3.1905262586368477,1645.9090194805192,1971.0232270352485
55.94323497978469,-3.1905262586368477,SSE,55.942957815924935,-3.190411453607138,1645.9090194805192,1969.7732270352485
55.942957815924935,-3.190411453607138,NNW,55.94323497978469,-3.1905262586368477,1645.9090194805192,1968.5232270352485
55.94323497978469,-3.1905262586368477,SSE,55.942957815924935,-3.190411453607138,1645.9090194805192,1967.2732270352485
55.942957815924935,-3.190411453607138,NNW,55.94323497978469,-3.1905262586368477,1645.9090194805192,1966.0232270352485
55.94323497978469,-3.1905262586368477,SSE,55.942957815924935,-3.190411453607138,1645.9090194805192,1964.7732270352485
55.942957815924935,-3.190411453607138,NNW,55.94323497978469,-3.1905262586368477,1645.9090194805192,1963.5232270352485
55.94323497978469,-3.1905262586368477,SSE,55.942957815924935,-3.190411453607138,1645.9090194805192,1962.2732270352485
55.942957815924935,-3.190411453607138,NNW,55.94323497978469,-3.1905262586368477,1645.9090194805192,1961.0232270352485
55.94323497978469,-3.1905262586368477,SSE,55.942957815924935,-3.190411453607138,1645.9090194805192,1959.7732270352485
55.942957815924935,-3.190411453607138,NNW,55.94323497978469,-3.1905262586368477,1645.9090194805192,1958.5232270352485
55.94323497978469,-3.1905262586368477,SSE,55.942957815924935,-3.190411453607138,1645.9090194805192,1957.2732270352485
55.942957815924935,-3.190411453607138,NNW,55.94323497978469,-3.1905262586368477,1645.9090194805192,1956.0232270352485
55.94323497978469,-3.1905262586368477,SSE,55.942957815924935,-3.190411453607138,1645.9090194805192,1954.7732270352485
55.942957815924935,-3.190411453607138,NNW,55.94323497978469,-3.1905262586368477,1645.9090194805192,1953.5232270352485
55.94323497978469,-3.1905262586368477,SSE,55.942957815924935,-3.190411453607138,1645.9090194805192,1952.2732270352485
55.942957815924935,-3.190411453607138,NNW,55.94323497978469,-3.1905262586368477,1645.9090194805192,1951.0232270352485
55.94323497978469,-3.1905262586368477,SSE,55.942957815924935,-3.190411453607138,1645.9090194805192,1949.7732270352485
55.942957815924935,-3.190411453607138,NNW,55.94323497978469,-3.1905262586368477,1645.9090194805192,1948.5232270352485
55.94323497978469,-3.1905262586368477,SSE,55.942957815924935,-3.190411453607138,1645.9090194805192,1947.2732270352485
55.942957815924935,-3.190411453607138,NNW,55.94323497978469,-3.1905262586368477,1645.9090194805192,1946.0232270352485
55.94323497978469,-3.1905262586368477,SSE,55.942957815924935,-3.190411453607138,1645.9090194805192,1944.7732270352485
55.942957815924935,-3.190411453607138,NNW,55.94323497978469,-3.1905262586368477,1645.9090194805192,1943.5232270352485
55.94323497978469,-3.1905262586368477,SSE,55.942957815924935,-3.190411453607138,1645.9090194805192,1942.2732270352485
55.942957815924935,-3.190411453607138,NNW,55.94323497978469,-3.1905262586368477,1645.9090194805192,1941.0232270352485
55.94323497978469,-3.1905262586368477,SSE,55.942957815924935,-3.190411453607138,1645.9090194805192,1939.7732270352485
55.942957815924935,-3.190411453607138,NNW,55.94323497978469,-3.1905262586368477,1645.9090194805192,1938.5232270352485
55.94323497978469,-3.1905262586368477,SSE,55.942957815924935,-3.190411453607138,1645.9090194805192,1937.2732270352485
55.942957815924935,-3.190411453607138,NNW,55.94323497978469,-3.1905262586368477,1645.9090194805192,1936.0232270352485
55.94323497978469,-3.1905262586368477,SSE,55.942957815924935,-3.190411453607138,1645.9090194805192,1934.7732270352485
55.942957815924935,-3.190411453607138,NNW,55.94323497978469,-3.1905262586368477,1645.9090194805192,1933.5232270352485
55.94323497978469,-3.1905262586368477,SSE,55.942957815924935,-3.190411453607138,1645.9090194805192,1932.2732270352485
55.942957815924935,-3.190411453607138,NNW,55.94323497978469,-3.1905262586368477,1645.9090194805192,1931.0232270352485
55.94323497978469,-3.1905262586368477,SSE,55.942957815924935,-3.190411453607138,1645.9090194805192,1929.7732270352485
55.942957815924935,-3.190411453607138,NNW,55.94323497978469,-3.1905262586368477,1645.9090194805192,1928.5232270352485
55.94323497978469,-3.1905262586368477,SSE,55.942957815924935,-3.190411453607138,1645.9090194805192,1927.2732270352485
55.942957815924935,-3.190411453607138,NNW,55.94323497978469,-3.1905262586368477,1645.9090194805192,1926.0232270352485
55.94323497978469,-3.1905262586368477,SSE,55.942957815924935,-3.190411453607138,1645.9090194805192,1924.7732270352485
55.942957815924935,-3.190411453607138,NNW,55.94323497978469,-3.1905262586368477,1645.9090194805192,1923.5232270352485
55.94323497978469,-3.1905262586368477,SSE,55.942957815924935,-3.190411453607138,1645.9090194805192,1922.2732270352485
55.942957815924935,-3.190411453607138,NNW,55.94323497978469,-3.1905262586368477,1645.9090194805192,1921.0232270352485
55.94323497978469,-3.1905262586368477,SSE,55.942957815924935,-3.190411453607138,1645.9090194805192,1919.7732270352485
55.942957815924935,-3.190411453607138,NNW,55.94323497978469,-3.1905262586368477,1645.9090194805192,1918.5232270352485
55.94323497978469,-3.1905262586368477,SSE,55.942957815924935,-3.190411453607138,1645.9090194805192,1917.2732270352485
55.942957815924935,-3.190411453607138,NNW,55.94323497978469,-3.1905262586368477,1645.9090194805192,1916.0232270352485
55.94323497978469,-3.1905262586368477,SSE,55.942957815924935,-3.190411453607138,1645.9090194805192,1914.7732270352485
55.942957815924935,-3.190411453607138,NNW,55.94323497978469,-3.1905262586368477,1645.9090194805192,1913.5232270352485
55.94323497978469,-3.1905262586368477,SSE,55.942957815924935,-3.190411453607138,1645.9090194805192,1912.2732270352485
55.942957815924935,-3.190411453607138,NNW,55.94323497978469,-3.1905262586368477,1645.9090194805192,1911.0232270352485
55.94323497978469,-3.1905262586368477,SSE,55.942957815924935,-3.190411453607138,1645.9090194805192,1909.7732270352485
55.942957815924935,-3.190411453607138,NNW,55.94323497978469,-3.1905262586368477,1645.9090194805192,1908.5232270352485
55.94323497978469,-3.1905262586368477,SSE,55.942957815924935,-3.190411453607138,1645.9090194805192,1907.2732270352485
55.942957815924935,-3.190411453607138,NNW,55.94323497978469,-3.1905262586368477,1645.9090194805192,1906.0232270352485
55.94323497978469,-3.1905262586368477,SSE,55.942957815924935,-3.190411453607138,1645.9090194805192,1904.7732270352485
55.942957815924935,-3.190411453607138,NNW,55.94323497978469,-3.1905262586368477,1645.9090194805192,1903.5232270352485
55.94323497978469,-3.1905262586368477,SSE,55.942957815924935,-3.190411453607138,1645.9090194805192,1902.2732270352485
55.942957815924935,-3.190411453607138,NNW,55.94323497978469,-3.1905262586368477,1645.9090194805192,1901.0232270352485
55.94323497978469,-3.1905262586368477,SSE,55.942957815924935,-3.190411453607138,1645.9090194805192,1899.7732270352485
55.942957815924935,-3.190411453607138,NNW,55.94323497978469,-3.1905262586368477,1645.9090194805192,1898.5232270352485
55.94323497978469,-3.1905262586368477,SSE,55.942957815924935,-3.190411453607138,1645.9090194805192,1897.2732270352485
55.942957815924935,-3.190411453607138,NNW,55.94323497978469,-3.1905262586368477,1645.9090194805192,1896.0232270352485
55.94323497978469,-3.1905262586368477,SSE,55.942957815924935,-3.190411453607138,1645.9090194805192,1894.7732270352485
55.942957815924935,-3.190411453607138,NNW,55.94323497978469,-3.1905262586368477,1645.9090194805192,1893.5232270352485
55.94323497978469,-3.1905262586368477,SSE,55.942957815924935,-3.190411453607138,1645.9090194805192,1892.2732270352485
55.942957815924935,-3.190411453607138,NNW,55.94323497978469,-3.1905262586368477,1645.9090194805192,1891.0232270352485
