55.944425,-3.188396,NE,55.94463713203436,-3.1881838679656442,0.0,248.75
55.94463713203436,-3.1881838679656442,NE,55.944849264068715,-3.1879717359312885,54.463257092711586,367.95771736522465
55.944849264068715,-3.1879717359312885,E,55.944849264068715,-3.1876717359312883,96.59994381760517,370.86253331186856
55.944849264068715,-3.1876717359312883,E,55.944849264068715,-3.187371735931288,96.59994381760517,369.61253331186856
55.944849264068715,-3.187371735931288,ENE,55.944964069098425,-3.1870945720715347,202.7478522325356,471.683515220211
55.944964069098425,-3.1870945720715347,SSW,55.94468690523867,-3.187209377101244,202.7478522325356,470.433515220211
55.94468690523867,-3.187209377101244,SSW,55.94440974137891,-3.1873241821309537,326.64846552383904,578.484757433384
55.94440974137891,-3.1873241821309537,NE,55.94462187341327,-3.187112050096598,326.64846552383904,577.234757433384
55.94462187341327,-3.187112050096598,NE,55.944834005447625,-3.186899918062242,326.64846552383904,575.984757433384
55.944834005447625,-3.186899918062242,ENE,55.944948810477335,-3.1866227542024887,326.64846552383904,574.734757433384
55.944948810477335,-3.1866227542024887,NE,55.94516094251169,-3.186410622168133,326.64846552383904,573.484757433384
55.94516094251169,-3.186410622168133,ENE,55.9452757475414,-3.1861334583083796,371.64364926835435,602.6984586150314
55.9452757475414,-3.1861334583083796,SE,55.945063615507046,-3.185921326274024,371.64364926835435,601.4484586150314
55.945063615507046,-3.185921326274024,SSE,55.94478645164729,-3.1858065212443143,371.64364926835435,600.1984586150314
55.94478645164729,-3.1858065212443143,SSE,55.94450928778753,-3.185691716214605,371.64364926835435,598.9484586150314
55.94450928778753,-3.185691716214605,SSE,55.944232123927776,-3.1855769111848953,476.75476339080456,675.8854665388023
55.944232123927776,-3.1855769111848953,SE,55.94401999189342,-3.1853647791505395,476.75476339080456,674.6354665388023
55.94401999189342,-3.1853647791505395,SE,55.943807859859064,-3.1851526471161837,476.75476339080456,673.3854665388023
55.943807859859064,-3.1851526471161837,ESE,55.94369305482935,-3.1848754832564303,541.004294525593,749.3557938154428
55.94369305482935,-3.1848754832564303,SE,55.943480922795,-3.1846633512220746,541.004294525593,748.1057938154428
55.943480922795,-3.1846633512220746,SSE,55.94320375893524,-3.184548546192365,574.4898703167245,840.25347767463
55.94320375893524,-3.184548546192365,NNE,55.943480922795,-3.1844337411626555,574.4898703167245,839.00347767463
55.943480922795,-3.1844337411626555,N,55.943780922795,-3.1844337411626555,574.4898703167245,837.75347767463
55.943780922795,-3.1844337411626555,N,55.944080922795,-3.1844337411626555,636.6396813244125,894.0473390090419
55.944080922795,-3.1844337411626555,WSW,55.94396611776529,-3.184710905022409,636.6396813244125,892.7973390090419
55.94396611776529,-3.184710905022409,WSW,55.94385131273558,-3.1849880688821623,636.6396813244125,891.5473390090419
55.94385131273558,-3.1849880688821623,WSW,55.94373650770587,-3.1852652327419158,636.6396813244125,890.2973390090419
55.94373650770587,-3.1852652327419158,WSW,55.94362170267616,-3.185542396601669,636.6396813244125,889.0473390090419
55.94362170267616,-3.185542396601669,WNW,55.94373650770587,-3.1858195604614226,636.6396813244125,887.7973390090419
55.94373650770587,-3.1858195604614226,WNW,55.94385131273558,-3.186096724321176,636.6396813244125,886.5473390090419
55.94385131273558,-3.186096724321176,WSW,55.94373650770587,-3.1863738881809294,636.6396813244125,885.2973390090419
55.94373650770587,-3.1863738881809294,WSW,55.94362170267616,-3.1866510520406828,636.6396813244125,884.0473390090419
55.94362170267616,-3.1866510520406828,SW,55.943409570641805,-3.1868631840750385,636.6396813244125,882.7973390090419
55.943409570641805,-3.1868631840750385,WSW,55.943294765612094,-3.187140347934792,636.6396813244125,881.5473390090419
55.943294765612094,-3.187140347934792,WSW,55.943179960582384,-3.1874175117945454,636.6396813244125,880.2973390090419
55.943179960582384,-3.1874175117945454,W,55.943179960582384,-3.1877175117945455,636.6396813244125,879.0473390090419
55.943179960582384,-3.1877175117945455,WSW,55.943065155552674,-3.187994675654299,636.6396813244125,877.7973390090419
55.943065155552674,-3.187994675654299,W,55.943065155552674,-3.188294675654299,636.6396813244125,876.5473390090419
55.943065155552674,-3.188294675654299,WSW,55.94295035052296,-3.1885718395140525,685.4578926242872,887.498807430369
55.94295035052296,-3.1885718395140525,NW,55.94316248255732,-3.1887839715484083,685.4578926242872,886.248807430369
55.94316248255732,-3.1887839715484083,NW,55.943374614591676,-3.188996103582764,685.4578926242872,884.998807430369
55.943374614591676,-3.188996103582764,NW,55.94358674662603,-3.18920823561712,801.1449457692827,945.7815074927998
55.94358674662603,-3.18920823561712,N,55.943886746626035,-3.18920823561712,801.1449457692827,944.5315074927998
55.943886746626035,-3.18920823561712,N,55.94418674662604,-3.18920823561712,801.1449457692827,943.2815074927998
55.94418674662604,-3.18920823561712,N,55.94448674662604,-3.18920823561712,831.0476322143331,1007.2811119373524
55.94448674662604,-3.18920823561712,N,55.94478674662604,-3.18920823561712,831.0476322143331,1006.0311119373524
55.94478674662604,-3.18920823561712,N,55.945086746626046,-3.18920823561712,884.8265781071883,1124.553321281171
55.945086746626046,-3.18920823561712,NE,55.9452988786604,-3.188996103582764,884.8265781071883,1123.303321281171
55.9452988786604,-3.188996103582764,NE,55.94551101069476,-3.1887839715484083,909.7154747427575,1179.0491558190772
55.94551101069476,-3.1887839715484083,NW,55.945723142729115,-3.188996103582764,909.7154747427575,1177.7991558190772
55.945723142729115,-3.188996103582764,NNW,55.94600030658887,-3.1891109086124736,919.9009847910661,1213.8064415773988
55.94600030658887,-3.1891109086124736,WNW,55.94611511161858,-3.189388072472227,919.9009847910661,1212.5564415773988
55.94611511161858,-3.189388072472227,W,55.94611511161858,-3.189688072472227,962.3870424342269,1315.1926671948775
55.94611511161858,-3.189688072472227,SSW,55.945837947758825,-3.1898028775019367,962.3870424342269,1313.9426671948775
55.945837947758825,-3.1898028775019367,SW,55.94562581572447,-3.1900150095362925,962.3870424342269,1312.6926671948775
55.94562581572447,-3.1900150095362925,SSW,55.94534865186471,-3.190129814566002,969.7591285324827,1316.3622096991317
55.94534865186471,-3.190129814566002,SW,55.945136519830356,-3.1903419466003577,1094.1029212193594,1363.3782182228458
55.945136519830356,-3.1903419466003577,WNW,55.94525132486007,-3.190619110460111,1129.1575453067276,1478.8148754614972
55.94525132486007,-3.190619110460111,NW,55.94546345689442,-3.190831242494467,1181.8951987665803,1594.2402220154488
55.94546345689442,-3.190831242494467,WNW,55.94557826192413,-3.1911084063542203,1181.8951987665803,1592.9902220154488
55.94557826192413,-3.1911084063542203,W,55.94557826192413,-3.1914084063542205,1205.2740621424598,1631.2845228971187
55.94557826192413,-3.1914084063542205,WNW,55.945693066953844,-3.191685570213974,1227.5559809033653,1744.373713091622
55.945693066953844,-3.191685570213974,WSW,55.94557826192413,-3.1919627340737273,1227.5559809033653,1743.123713091622
55.94557826192413,-3.1919627340737273,W,55.94557826192413,-3.1922627340737275,1338.8566267167503,1753.9144039537732
55.94557826192413,-3.1922627340737275,ESE,55.94546345689442,-3.191985570213974,1338.8566267167503,1752.6644039537732
55.94546345689442,-3.191985570213974,ESE,55.94534865186471,-3.1917084063542207,1338.8566267167503,1751.4144039537732
55.94534865186471,-3.1917084063542207,ESE,55.945233846835,-3.1914312424944673,1347.4525014654148,1808.367823562211
55.945233846835,-3.1914312424944673,SE,55.945021714800646,-3.1912191104601115,1347.4525014654148,1807.117823562211
55.945021714800646,-3.1912191104601115,SSE,55.94474455094089,-3.191104305430402,1347.4525014654148,1805.867823562211
55.94474455094089,-3.191104305430402,S,55.94444455094089,-3.191104305430402,1347.4525014654148,1804.617823562211
55.94444455094089,-3.191104305430402,SSW,55.94416738708113,-3.1912191104601115,1347.4525014654148,1803.367823562211
55.94416738708113,-3.1912191104601115,S,55.94386738708113,-3.1912191104601115,1347.4525014654148,1802.117823562211
55.94386738708113,-3.1912191104601115,S,55.943567387081124,-3.1912191104601115,1347.4525014654148,1800.867823562211
55.943567387081124,-3.1912191104601115,SSW,55.94329022322137,-3.191333915489821,1392.9167015481319,1893.066304416599
55.94329022322137,-3.191333915489821,S,55.942990223221365,-3.191333915489821,1392.9167015481319,1891.816304416599
55.942990223221365,-3.191333915489821,S,55.94269022322136,-3.191333915489821,1455.1508107267825,1983.8623212439568
55.94269022322136,-3.191333915489821,ENE,55.94280502825107,-3.1910567516300676,1455.1508107267825,1982.6123212439568
55.94280502825107,-3.1910567516300676,ENE,55.94291983328078,-3.1907795877703142,1490.3004677640977,2009.905693776482
55.94291983328078,-3.1907795877703142,ENE,55.94303463831049,-3.190502423910561,1490.3004677640977,2008.655693776482
55.94303463831049,-3.190502423910561,NE,55.94324677034485,-3.190290291876205,1564.769103594191,2095.600567772955
55.94324677034485,-3.190290291876205,SE,55.94303463831049,-3.1900781598418493,1564.769103594191,2094.350567772955
55.94303463831049,-3.1900781598418493,SE,55.94282250627614,-3.1898660278074935,1582.0247104865052,2201.449848729221
55.94282250627614,-3.1898660278074935,NW,55.94303463831049,-3.1900781598418493,1582.0247104865052,2200.199848729221
55.94303463831049,-3.1900781598418493,SE,55.94282250627614,-3.1898660278074935,1582.0247104865052,2198.949848729221
55.94282250627614,-3.1898660278074935,NW,55.94303463831049,-3.1900781598418493,1582.0247104865052,2197.699848729221
55.94303463831049,-3.1900781598418493,SE,55.94282250627614,-3.1898660278074935,1582.0247104865052,2196.449848729221
55.94282250627614,-3.1898660278074935,NW,55.94303463831049,-3.1900781598418493,1582.0247104865052,2195.199848729221
55.94303463831049,-3.1900781598418493,SE,55.94282250627614,-3.1898660278074935,1582.0247104865052,2193.949848729221
55.94282250627614,-3.1898660278074935,NW,55.94303463831049,-3.1900781598418493,1582.0247104865052,2192.699848729221
55.94303463831049,-3.1900781598418493,SE,55.94282250627614,-3.1898660278074935,1582.0247104865052,2191.449848729221
55.94282250627614,-3.1898660278074935,NW,55.94303463831049,-3.1900781598418493,1582.0247104865052,2190.199848729221
55.94303463831049,-3.1900781598418493,SE,55.94282250627614,-3.1898660278074935,1582.0247104865052,2188.949848729221
55.94282250627614,-3.1898660278074935,NW,55.94303463831049,-3.1900781598418493,1582.0247104865052,2187.699848729221
55.94303463831049,-3.1900781598418493,SE,55.94282250627614,-3.1898660278074935,1582.0247104865052,2186.449848729221
55.94282250627614,-3.1898660278074935,NW,55.94303463831049,-3.1900781598418493,1582.0247104865052,2185.199848729221
55.94303463831049,-3.1900781598418493,SE,55.94282250627614,-3.1898660278074935,1582.0247104865052,2183.949848729221
55.94282250627614,-3.1898660278074935,NW,55.94303463831049,-3.1900781598418493,1582.0247104865052,2182.699848729221
55.94303463831049,-3.1900781598418493,SE,55.94282250627614,-3.1898660278074935,1582.0247104865052,2181.449848729221
55.94282250627614,-3.1898660278074935,NW,55.94303463831049,-3.1900781598418493,1582.0247104865052,2180.199848729221
55.94303463831049,-3.1900781598418493,SE,55.94282250627614,-3.1898660278074935,1582.0247104865052,2178.949848729221
55.94282250627614,-3.1898660278074935,NW,55.94303463831049,-3.1900781598418493,1582.0247104865052,2177.699848729221
55.94303463831049,-3.1900781598418493,SE,55.94282250627614,-3.1898660278074935,1582.0247104865052,2176.449848729221
55.94282250627614,-3.1898660278074935,NW,55.94303463831049,-3.1900781598418493,1582.0247104865052,2175.199848729221
55.94303463831049,-3.1900781598418493,SE,55.94282250627614,-3.1898660278074935,1582.0247104865052,2173.949848729221
55.94282250627614,-3.1898660278074935,NW,55.94303463831049,-3.1900781598418493,1582.0247104865052,2172.699848729221
55.94303463831049,-3.1900781598418493,SE,55.94282250627614,-3.1898660278074935,1582.0247104865052,2171.449848729221
55.94282250627614,-3.1898660278074935,NW,55.94303463831049,-3.1900781598418493,1582.0247104865052,2170.199848729221
55.94303463831049,-3.1900781598418493,SE,55.94282250627614,-3.1898660278074935,1582.0247104865052,2168.949848729221
55.94282250627614,-3.1898660278074935,NW,55.94303463831049,-3.1900781598418493,1582.0247104865052,2167.699848729221
55.94303463831049,-3.1900781598418493,SE,55.94282250627614,-3.1898660278074935,1582.0247104865052,2166.449848729221
55.94282250627614,-3.1898660278074935,NW,55.94303463831049,-3.1900781598418493,1582.0247104865052,2165.199848729221
55.94303463831049,-3.1900781598418493,SE,55.94282250627614,-3.1898660278074935,1582.0247104865052,2163.949848729221
55.94282250627614,-3.1898660278074935,NW,55.94303463831049,-3.1900781598418493,1582.0247104865052,2162.699848729221
55.94303463831049,-3.1900781598418493,SE,55.94282250627614,-3.1898660278074935,1582.0247104865052,2161.449848729221
55.94282250627614,-3.1898660278074935,NW,55.94303463831049,-3.1900781598418493,1582.0247104865052,2160.199848729221
55.94303463831049,-3.1900781598418493,SE,55.94282250627614,-3.1898660278074935,1582.0247104865052,2158.949848729221
55.94282250627614,-3.1898660278074935,NW,55.94303463831049,-3.1900781598418493,1582.0247104865052,2157.699848729221
55.94303463831049,-3.1900781598418493,SE,55.94282250627614,-3.1898660278074935,1582.0247104865052,2156.449848729221
55.94282250627614,-3.1898660278074935,NW,55.94303463831049,-3.1900781598418493,1582.0247104865052,2155.199848729221
55.94303463831049,-3.1900781598418493,SE,55.94282250627614,-3.1898660278074935,1582.0247104865052,2153.949848729221
55.94282250627614,-3.1898660278074935,NW,55.94303463831049,-3.1900781598418493,1582.0247104865052,2152.699848729221
55.94303463831049,-3.1900781598418493,SE,55.94282250627614,-3.1898660278074935,1582.0247104865052,2151.449848729221
55.94282250627614,-3.1898660278074935,NW,55.94303463831049,-3.1900781598418493,1582.0247104865052,2150.199848729221
55.94303463831049,-3.1900781598418493,SE,55.94282250627614,-3.1898660278074935,1582.0247104865052,2148.949848729221
55.94282250627614,-3.1898660278074935,NW,55.94303463831049,-3.1900781598418493,1582.0247104865052,2147.699848729221
55.94303463831049,-3.1900781598418493,SE,55.94282250627614,-3.1898660278074935,1582.0247104865052,2146.449848729221
55.94282250627614,-3.1898660278074935,NW,55.94303463831049,-3.1900781598418493,1582.0247104865052,2145.199848729221
55.94303463831049,-3.1900781598418493,SE,55.94282250627614,-3.1898660278074935,1582.0247104865052,2143.949848729221
55.94282250627614,-3.1898660278074935,NW,55.94303463831049,-3.1900781598418493,1582.0247104865052,2142.699848729221
55.94303463831049,-3.1900781598418493,SE,55.94282250627614,-3.1898660278074935,1582.0247104865052,2141.449848729221
55.94282250627614,-3.1898660278074935,NW,55.94303463831049,-3.1900781598418493,1582.0247104865052,2140.199848729221
55.94303463831049,-3.1900781598418493,SE,55.94282250627614,-3.1898660278074935,1582.0247104865052,2138.949848729221
55.94282250627614,-3.1898660278074935,NW,55.94303463831049,-3.1900781598418493,1582.0247104865052,2137.699848729221
55.94303463831049,-3.1900781598418493,SE,55.94282250627614,-3.1898660278074935,1582.0247104865052,2136.449848729221
55.94282250627614,-3.1898660278074935,NW,55.94303463831049,-3.1900781598418493,1582.0247104865052,2135.199848729221
55.94303463831049,-3.1900781598418493,SE,55.94282250627614,-3.1898660278074935,1582.0247104865052,2133.949848729221
55.94282250627614,-3.1898660278074935,NW,55.94303463831049,-3.1900781598418493,1582.0247104865052,2132.699848729221
55.94303463831049,-3.1900781598418493,SE,55.94282250627614,-3.1898660278074935,1582.0247104865052,2131.449848729221
55.94282250627614,-3.1898660278074935,NW,55.94303463831049,-3.1900781598418493,1582.0247104865052,2130.199848729221
55.94303463831049,-3.1900781598418493,SE,55.94282250627614,-3.1898660278074935,1582.0247104865052,2128.949848729221
55.94282250627614,-3.1898660278074935,NW,55.94303463831049,-3.1900781598418493,1582.0247104865052,2127.699848729221
55.94303463831049,-3.1900781598418493,SE,55.94282250627614,-3.1898660278074935,1582.0247104865052,2126.449848729221
55.94282250627614,-3.1898660278074935,NW,55.94303463831049,-3.1900781598418493,1582.0247104865052,2125.199848729221
55.94303463831049,-3.1900781598418493,SE,55.94282250627614,-3.1898660278074935,1582.0247104865052,2123.949848729221
55.94282250627614,-3.1898660278074935,NW,55.94303463831049,-3.1900781598418493,1582.0247104865052,2122.699848729221
55.94303463831049,-3.1900781598418493,SE,55.94282250627614,-3.1898660278074935,1582.0247104865052,2121.449848729221
55.94282250627614,-3.1898660278074935,NW,55.94303463831049,-3.1900781598418493,1582.0247104865052,2120.199848729221
55.94303463831049,-3.1900781598418493,SE,55.94282250627614,-3.1898660278074935,1582.0247104865052,2118.949848729221
55.94282250627614,-3.1898660278074935,NW,55.94303463831049,-3.1900781598418493,1582.0247104865052,2117.699848729221
55.94303463831049,-3.1900781598418493,SE,55.94282250627614,-3.1898660278074935,1582.0247104865052,2116.449848729221
55.94282250627614,-3.1898660278074935,NW,55.94303463831049,-3.1900781598418493,1582.0247104865052,2115.199848729221
55.94303463831049,-3.1900781598418493,SE,55.94282250627614,-3.1898660278074935,1582.0247104865052,2113.949848729221
55.94282250627614,-3.1898660278074935,NW,55.94303463831049,-3.1900781598418493,1582.0247104865052,2112.699848729221
55.94303463831049,-3.1900781598418493,SE,55.94282250627614,-3.1898660278074935,1582.0247104865052,2111.449848729221
55.94282250627614,-3.1898660278074935,NW,55.94303463831049,-3.1900781598418493,1582.0247104865052,2110.199848729221
55.94303463831049,-3.1900781598418493,SE,55.94282250627614,-3.1898660278074935,1582.0247104865052,2108.949848729221
55.94282250627614,-3.1898660278074935,NW,55.94303463831049,-3.1900781598418493,1582.0247104865052,2107.699848729221
55.94303463831049,-3.1900781598418493,SE,55.94282250627614,-3.1898660278074935,1582.0247104865052,2106.449848729221
55.94282250627614,-3.1898660278074935,NW,55.94303463831049,-3.1900781598418493,1582.0247104865052,2105.199848729221
55.94303463831049,-3.1900781598418493,SE,55.94282250627614,-3.1898660278074935,1582.0247104865052,2103.949848729221
55.94282250627614,-3.1898660278074935,NW,55.94303463831049,-3.1900781598418493,1582.0247104865052,2102.699848729221
55.94303463831049,-3.1900781598418493,SE,55.94282250627614,-3.1898660278074935,1582.0247104865052,2101.449848729221
55.94282250627614,-3.1898660278074935,NW,55.94303463831049,-3.1900781598418493,1582.0247104865052,2100.199848729221
55.94303463831049,-3.1900781598418493,SE,55.94282250627614,-3.1898660278074935,1582.0247104865052,2098.949848729221
55.94282250627614,-3.1898660278074935,NW,55.94303463831049,-3.1900781598418493,1582.0247104865052,2097.699848729221
55.94303463831049,-3.1900781598418493,SE,55.94282250627614,-3.1898660278074935,1582.0247104865052,2096.449848729221
55.94282250627614,-3.1898660278074935,NW,55.94303463831049,-3.1900781598418493,1582.0247104865052,2095.199848729221
55.94303463831049,-3.1900781598418493,SE,55.94282250627614,-3.1898660278074935,1582.0247104865052,2093.949848729221
55.94282250627614,-3.1898660278074935,NW,55.94303463831049,-3.1900781598418493,1582.0247104865052,2092.699848729221
55.94303463831049,-3.1900781598418493,SE,55.94282250627614,-3.1898660278074935,1582.0247104865052,2091.449848729221
55.94282250627614,-3.1898660278074935,NW,55.94303463831049,-3.1900781598418493,1582.0247104865052,2090.199848729221
55.94303463831049,-3.1900781598418493,SE,55.94282250627614,-3.1898660278074935,1582.0247104865052,2088.949848729221
55.94282250627614,-3.1898660278074935,NW,55.94303463831049,-3.1900781598418493,1582.0247104865052,2087.699848729221
55.94303463831049,-3.1900781598418493,SE,55.94282250627614,-3.1898660278074935,1582.0247104865052,2086.449848729221
55.94282250627614,-3.1898660278074935,NW,55.94303463831049,-3.1900781598418493,1582.0247104865052,2085.199848729221
55.94303463831049,-3.1900781598418493,SE,55.94282250627614,-3.1898660278074935,1582.0247104865052,2083.949848729221
55.94282250627614,-3.1898660278074935,NW,55.94303463831049,-3.1900781598418493,1582.0247104865052,2082.699848729221
55.94303463831049,-3.1900781598418493,SE,55.94282250627614,-3.1898660278074935,1582.0247104865052,2081.449848729221
55.94282250627614,-3.1898660278074935,NW,55.94303463831049,-3.1900781598418493,1582.0247104865052,2080.199848729221
55.94303463831049,-3.1900781598418493,SE,55.94282250627614,-3.1898660278074935,1582.0247104865052,2078.949848729221
55.94282250627614,-3.1898660278074935,NW,55.94303463831049,-3.1900781598418493,1582.0247104865052,2077.699848729221
55.94303463831049,-3.1900781598418493,SE,55.94282250627614,-3.1898660278074935,1582.0247104865052,2076.449848729221
55.94282250627614,-3.1898660278074935,NW,55.94303463831049,-3.1900781598418493,1582.0247104865052,2075.199848729221
55.94303463831049,-3.1900781598418493,SE,55.94282250627614,-3.1898660278074935,1582.0247104865052,2073.949848729221
55.94282250627614,-3.1898660278074935,NW,55.94303463831049,-3.1900781598418493,1582.0247104865052,2072.699848729221
55.94303463831049,-3.1900781598418493,SE,55.94282250627614,-3.1898660278074935,1582.0247104865052,2071.449848729221
55.94282250627614,-3.1898660278074935,NW,55.94303463831049,-3.1900781598418493,1582.0247104865052,2070.199848729221
55.94303463831049,-3.1900781598418493,SE,55.94282250627614,-3.1898660278074935,1582.0247104865052,2068.949848729221
55.94282250627614,-3.1898660278074935,NW,55.94303463831049,-3.1900781598418493,1582.0247104865052,2067.699848729221
55.94303463831049,-3.1900781598418493,SE,55.94282250627614,-3.1898660278074935,1582.0247104865052,2066.449848729221
55.94282250627614,-3.1898660278074935,NW,55.94303463831049,-3.1900781598418493,1582.0247104865052,2065.199848729221
55.94303463831049,-3.1900781598418493,SE,55.94282250627614,-3.1898660278074935,1582.0247104865052,2063.949848729221
55.94282250627614,-3.1898660278074935,NW,55.94303463831049,-3.1900781598418493,1582.0247104865052,2062.699848729221
55.94303463831049,-3.1900781598418493,SE,55.94282250627614,-3.1898660278074935,1582.0247104865052,2061.449848729221
55.94282250627614,-3.1898660278074935,NW,55.94303463831049,-3.1900781598418493,1582.0247104865052,2060.199848729221
55.94303463831049,-3.1900781598418493,SE,55.94282250627614,-3.1898660278074935,1582.0247104865052,2058.949848729221
55.94282250627614,-3.1898660278074935,NW,55.94303463831049,-3.1900781598418493,1582.0247104865052,2057.699848729221
55.94303463831049,-3.1900781598418493,SE,55.94282250627614,-3.1898660278074935,1582.0247104865052,2056.449848729221
55.94282250627614,-3.1898660278074935,NW,55.94303463831049,-3.1900781598418493,1582.0247104865052,2055.199848729221
55.94303463831049,-3.1900781598418493,SE,55.94282250627614,-3.1898660278074935,1582.0247104865052,2053.949848729221
55.94282250627614,-3.1898660278074935,NW,55.94303463831049,-3.1900781598418493,1582.0247104865052,2052.699848729221
55.94303463831049,-3.1900781598418493,SE,55.94282250627614,-3.1898660278074935,1582.0247104865052,2051.449848729221
55.94282250627614,-3.1898660278074935,NW,55.94303463831049,-3.1900781598418493,1582.0247104865052,2050.199848729221
55.94303463831049,-3.1900781598418493,SE,55.94282250627614,-3.1898660278074935,1582.0247104865052,2048.949848729221
55.94282250627614,-3.1898660278074935,NW,55.94303463831049,-3.1900781598418493,1582.0247104865052,2047.6998487292208
55.94303463831049,-3.1900781598418493,SE,55.94282250627614,-3.1898660278074935,1582.0247104865052,2046.4498487292208
55.94282250627614,-3.1898660278074935,NW,55.94303463831049,-3.1900781598418493,1582.0247104865052,2045.1998487292208
55.94303463831049,-3.1900781598418493,SE,55.94282250627614,-3.1898660278074935,1582.0247104865052,2043.9498487292208
55.94282250627614,-3.1898660278074935,NW,55.94303463831049,-3.1900781598418493,1582.0247104865052,2042.6998487292208
55.94303463831049,-3.1900781598418493,SE,55.94282250627614,-3.1898660278074935,1582.0247104865052,2041.4498487292208
55.94282250627614,-3.1898660278074935,NW,55.94303463831049,-3.1900781598418493,1582.0247104865052,2040.1998487292208
55.94303463831049,-3.1900781598418493,SE,55.94282250627614,-3.1898660278074935,1582.0247104865052,2038.9498487292208
55.94282250627614,-3.1898660278074935,NW,55.94303463831049,-3.1900781598418493,1582.0247104865052,2037.6998487292208
55.94303463831049,-3.1900781598418493,SE,55.94282250627614,-3.1898660278074935,1582.0247104865052,2036.4498487292208
55.94282250627614,-3.1898660278074935,NW,55.94303463831049,-3.1900781598418493,1582.0247104865052,2035.1998487292208
55.94303463831049,-3.1900781598418493,SE,55.94282250627614,-3.1898660278074935,1582.0247104865052,2033.9498487292208
55.94282250627614,-3.1898660278074935,NW,55.94303463831049,-3.1900781598418493,1582.0247104865052,2032.6998487292208
55.94303463831049,-3.1900781598418493,SE,55.94282250627614,-3.1898660278074935,1582.0247104865052,2031.4498487292208
55.94282250627614,-3.1898660278074935,NW,55.94303463831049,-3.1900781598418493,1582.0247104865052,2030.1998487292208
55.94303463831049,-3.1900781598418493,SE,55.94282250627614,-3.1898660278074935,1582.0247104865052,2028.9498487292208
55.94282250627614,-3.1898660278074935,NW,55.94303463831049,-3.1900781598418493,1582.0247104865052,2027.6998487292208
55.94303463831049,-3.1900781598418493,SE,55.94282250627614,-3.1898660278074935,1582.0247104865052,2026.4498487292208
55.94282250627614,-3.1898660278074935,NW,55.94303463831049,-3.1900781598418493,1582.0247104865052,2025.1998487292208
55.94303463831049,-3.1900781598418493,SE,55.94282250627614,-3.1898660278074935,1582.0247104865052,2023.9498487292208
55.94282250627614,-3.1898660278074935,NW,55.94303463831049,-3.1900781598418493,1582.0247104865052,2022.6998487292208
55.94303463831049,-3.1900781598418493,SE,55.94282250627614,-3.1898660278074935,1582.0247104865052,2021.4498487292208
55.94282250627614,-3.1898660278074935,NW,55.94303463831049,-3.1900781598418493,1582.0247104865052,2020.1998487292208
55.94303463831049,-3.1900781598418493,SE,55.94282250627614,-3.1898660278074935,1582.0247104865052,2018.9498487292208
55.94282250627614,-3.1898660278074935,NW,55.94303463831049,-3.1900781598418493,1582.0247104865052,2017.6998487292208
55.94303463831049,-3.1900781598418493,SE,55.94282250627614,-3.1898660278074935,1582.0247104865052,2016.4498487292208
55.94282250627614,-3.1898660278074935,NW,55.94303463831049,-3.1900781598418493,1582.0247104865052,2015.1998487292208
55.94303463831049,-3.1900781598418493,SE,55.94282250627614,-3.1898660278074935,1582.0247104865052,2013.9498487292208
55.94282250627614,-3.1898660278074935,NW,55.94303463831049,-3.1900781598418493,1582.0247104865052,2012.6998487292208
55.94303463831049,-3.1900781598418493,SE,55.94282250627614,-3.1898660278074935,1582.0247104865052,2011.4498487292208
55.94282250627614,-3.1898660278074935,NW,55.94303463831049,-3.1900781598418493,1582.0247104865052,2010.1998487292208
55.94303463831049,-3.1900781598418493,SE,55.94282250627614,-3.1898660278074935,1582.0247104865052,2008.9498487292208
55.94282250627614,-3.1898660278074935,NW,55.94303463831049,-3.1900781598418493,1582.0247104865052,2007.6998487292208
55.94303463831049,-3.1900781598418493,SE,55.94282250627614,-3.1898660278074935,1582.0247104865052,2006.4498487292208
55.94282250627614,-3.1898660278074935,NW,55.94303463831049,-3.1900781598418493,1582.0247104865052,2005.1998487292208
55.94303463831049,-3.1900781598418493,SE,55.94282250627614,-3.1898660278074935,1582.0247104865052,2003.9498487292208
55.94282250627614,-3.1898660278074935,NW,55.94303463831049,-3.1900781598418493,1582.0247104865052,2002.6998487292208
55.94303463831049,-3.1900781598418493,SE,55.94282250627614,-3.1898660278074935,1582.0247104865052,2001.4498487292208
55.94282250627614,-3.1898660278074935,NW,55.94303463831049,-3.1900781598418493,1582.0247104865052,2000.1998487292208
55.94303463831049,-3.1900781598418493,SE,55.94282250627614,-3.1898660278074935,1582.0247104865052,1998.9498487292208
55.94282250627614,-3.1898660278074935,NW,55.94303463831049,-3.1900781598418493,1582.0247104865052,1997.6998487292208
55.94303463831049,-3.1900781598418493,SE,55.94282250627614,-3.1898660278074935,1582.0247104865052,1996.4498487292208
55.94282250627614,-3.1898660278074935,NW,55.94303463831049,-3.1900781598418493,1582.0247104865052,1995.1998487292208
55.94303463831049,-3.1900781598418493,SE,55.94282250627614,-3.1898660278074935,1582.0247104865052,1993.9498487292208
55.94282250627614,-3.1898660278074935,NW,55.94303463831049,-3.1900781598418493,1582.0247104865052,1992.6998487292208
55.94303463831049,-3.1900781598418493,SE,55.94282250627614,-3.1898660278074935,1582.0247104865052,1991.4498487292208
