55.944425,-3.188396,S,55.944125,-3.188396,0.0,248.75
55.944125,-3.188396,SSE,55.94384783614024,-3.1882811949702905,0.0,247.5
55.94384783614024,-3.1882811949702905,S,55.94354783614024,-3.1882811949702905,76.42963450053077,368.7199941193084
55.94354783614024,-3.1882811949702905,SSE,55.943270672280484,-3.188166389940581,171.77793355071924,438.7009010007298
55.943270672280484,-3.188166389940581,ENE,55.943385477310194,-3.1878892260808276,171.77793355071924,437.4509010007298
55.943385477310194,-3.1878892260808276,E,55.943385477310194,-3.1875892260808274,186.64323944316723,471.4106123341918
55.943385477310194,-3.1875892260808274,S,55.94308547731019,-3.1875892260808274,194.65738092789346,502.60196813255595
55.94308547731019,-3.1875892260808274,SSW,55.942808313450435,-3.187704031110537,257.4926129787176,535.4990945858596
55.942808313450435,-3.187704031110537,NE,55.94302044548479,-3.187491899076181,257.4926129787176,534.2490945858596
55.94302044548479,-3.187491899076181,NE,55.94323257751915,-3.1872797670418254,257.4926129787176,532.9990945858596
55.94323257751915,-3.1872797670418254,NE,55.9434447095535,-3.1870676350074696,257.4926129787176,531.7490945858596
55.9434447095535,-3.1870676350074696,NE,55.94365684158786,-3.186855502973114,257.4926129787176,530.4990945858596
55.94365684158786,-3.186855502973114,NE,55.943868973622216,-3.186643370938758,305.09621434371513,538.0084480362633
55.943868973622216,-3.186643370938758,NNW,55.94414613748197,-3.1867581759684676,409.4639412259215,589.1848510852238
55.94414613748197,-3.1867581759684676,NE,55.94435826951633,-3.186546043934112,409.4639412259215,587.9348510852238
55.94435826951633,-3.186546043934112,NE,55.944570401550685,-3.186333911899756,409.4639412259215,586.6848510852238
55.944570401550685,-3.186333911899756,ENE,55.944685206580395,-3.1860567480400026,493.396792368554,709.2419786997391
55.944685206580395,-3.1860567480400026,ESE,55.944570401550685,-3.185779584180249,493.396792368554,707.9919786997391
55.944570401550685,-3.185779584180249,SE,55.94435826951633,-3.1855674521458934,532.7730976559621,794.5303772175472
55.94435826951633,-3.1855674521458934,ESE,55.94424346448662,-3.18529028828614,532.7730976559621,793.2803772175472
55.94424346448662,-3.18529028828614,ESE,55.94412865945691,-3.1850131244263866,532.7730976559621,792.0303772175472
55.94412865945691,-3.1850131244263866,E,55.94412865945691,-3.1847131244263864,648.3959773225531,845.3143884912449
55.94412865945691,-3.1847131244263864,E,55.94412865945691,-3.1844131244263862,715.3557532276244,943.4643980598426
55.94412865945691,-3.1844131244263862,SSW,55.94385149559715,-3.1845279294560958,715.3557532276244,942.2143980598426
55.94385149559715,-3.1845279294560958,SW,55.943639363562795,-3.1847400614904515,804.2471467784392,1054.5886498131886
55.943639363562795,-3.1847400614904515,W,55.943639363562795,-3.1850400614904517,804.2471467784392,1053.3386498131886
55.943639363562795,-3.1850400614904517,SSW,55.94336219970304,-3.185154866520161,804.2471467784392,1052.0886498131886
55.94336219970304,-3.185154866520161,S,55.943062199703036,-3.185154866520161,804.2471467784392,1050.8386498131886
55.943062199703036,-3.185154866520161,S,55.94276219970303,-3.185154866520161,858.7214960641272,1107.5109190569085
55.94276219970303,-3.185154866520161,NNW,55.94303936356279,-3.1852696715498707,858.7214960641272,1106.2609190569085
55.94303936356279,-3.1852696715498707,N,55.94333936356279,-3.1852696715498707,858.7214960641272,1105.0109190569085
55.94333936356279,-3.1852696715498707,N,55.943639363562795,-3.1852696715498707,858.7214960641272,1103.7609190569085
55.943639363562795,-3.1852696715498707,N,55.9439393635628,-3.1852696715498707,858.7214960641272,1102.5109190569085
55.9439393635628,-3.1852696715498707,NNE,55.944216527422554,-3.185154866520161,858.7214960641272,1101.2609190569085
55.944216527422554,-3.185154866520161,N,55.94451652742256,-3.185154866520161,858.7214960641272,1100.0109190569085
55.94451652742256,-3.185154866520161,NNE,55.944793691282314,-3.1850400614904517,858.7214960641272,1098.7609190569085
55.944793691282314,-3.1850400614904517,N,55.94509369128232,-3.1850400614904517,967.0906750378826,1146.566528704999
55.94509369128232,-3.1850400614904517,ENE,55.94520849631203,-3.1847628976306983,967.0906750378826,1145.316528704999
55.94520849631203,-3.1847628976306983,ENE,55.94532330134174,-3.184485733770945,1029.3659610511893,1171.7979368177507
55.94532330134174,-3.184485733770945,NNW,55.945600465201494,-3.1846005388006544,1102.2586161076165,1176.60742994363
55.945600465201494,-3.1846005388006544,W,55.945600465201494,-3.1849005388006546,1102.2586161076165,1175.35742994363
55.945600465201494,-3.1849005388006546,WSW,55.945485660171784,-3.185177702660408,1102.2586161076165,1174.10742994363
55.945485660171784,-3.185177702660408,W,55.945485660171784,-3.185477702660408,1102.2586161076165,1172.85742994363
55.945485660171784,-3.185477702660408,WSW,55.94537085514207,-3.1857548665201616,1102.2586161076165,1171.60742994363
55.94537085514207,-3.1857548665201616,SSW,55.94509369128232,-3.185869671549871,1102.2586161076165,1170.35742994363
55.94509369128232,-3.185869671549871,W,55.94509369128232,-3.1861696715498713,1102.2586161076165,1169.10742994363
55.94509369128232,-3.1861696715498713,W,55.94509369128232,-3.1864696715498715,1102.2586161076165,1167.85742994363
55.94509369128232,-3.1864696715498715,W,55.94509369128232,-3.1867696715498717,1102.2586161076165,1166.60742994363
55.94509369128232,-3.1867696715498717,SW,55.94488155924796,-3.1869818035842274,1102.2586161076165,1165.35742994363
55.94488155924796,-3.1869818035842274,NW,55.94509369128232,-3.187193935618583,1224.3314889416533,1219.1434223270417
55.94509369128232,-3.187193935618583,WNW,55.94520849631203,-3.1874710994783366,1224.3314889416533,1217.8934223270417
55.94520849631203,-3.1874710994783366,W,55.94520849631203,-3.187771099478337,1235.2713452196956,1222.0413392985674
55.94520849631203,-3.187771099478337,NNW,55.945485660171784,-3.1878859045080463,1235.2713452196956,1220.7913392985674
55.945485660171784,-3.1878859045080463,NW,55.94569779220614,-3.188098036542402,1235.2713452196956,1219.5413392985674
55.94569779220614,-3.188098036542402,NNW,55.945974956065896,-3.1882128415721116,1257.8789790578014,1218.8291053441178
55.945974956065896,-3.1882128415721116,W,55.945974956065896,-3.188512841572112,1257.8789790578014,1217.5791053441178
55.945974956065896,-3.188512841572112,WNW,55.94608976109561,-3.188790005431865,1257.8789790578014,1216.3291053441178
55.94608976109561,-3.188790005431865,W,55.94608976109561,-3.1890900054318654,1257.8789790578014,1215.0791053441178
55.94608976109561,-3.1890900054318654,WNW,55.94620456612532,-3.189367169291619,1366.7409026585638,1331.3717247049033
55.94620456612532,-3.189367169291619,WSW,55.94608976109561,-3.189644333151372,1366.7409026585638,1330.1217247049033
55.94608976109561,-3.189644333151372,W,55.94608976109561,-3.1899443331513724,1377.683302080816,1419.426159274984
55.94608976109561,-3.1899443331513724,W,55.94608976109561,-3.1902443331513726,1377.683302080816,1418.176159274984
55.94608976109561,-3.1902443331513726,WSW,55.945974956065896,-3.190521497011126,1462.1190251492364,1456.3279705734496
55.945974956065896,-3.190521497011126,E,55.945974956065896,-3.190221497011126,1462.1190251492364,1455.0779705734496
55.945974956065896,-3.190221497011126,S,55.94567495606589,-3.190221497011126,1462.1190251492364,1453.8279705734496
55.94567495606589,-3.190221497011126,SW,55.94546282403154,-3.1904336290454816,1462.1190251492364,1452.5779705734496
55.94546282403154,-3.1904336290454816,SSW,55.94518566017178,-3.190548434075191,1586.8448943441606,1502.7046869604847
55.94518566017178,-3.190548434075191,ESE,55.94507085514207,-3.1902712702154377,1610.6234458932013,1542.2161175765273
55.94507085514207,-3.1902712702154377,S,55.94477085514207,-3.1902712702154377,1665.3861476997722,1589.8048432945352
55.94477085514207,-3.1902712702154377,SSE,55.94449369128231,-3.190156465185728,1665.3861476997722,1588.5548432945352
55.94449369128231,-3.190156465185728,SSE,55.944216527422554,-3.1900416601560186,1665.3861476997722,1587.3048432945352
55.944216527422554,-3.1900416601560186,SSE,55.9439393635628,-3.189926855126309,1786.713284623813,1593.8832610899321
55.9439393635628,-3.189926855126309,W,55.9439393635628,-3.1902268551263093,1786.713284623813,1592.6332610899321
55.9439393635628,-3.1902268551263093,WNW,55.94405416859251,-3.1905040189860627,1786.713284623813,1591.3832610899321
55.94405416859251,-3.1905040189860627,W,55.94405416859251,-3.190804018986063,1786.713284623813,1590.1332610899321
55.94405416859251,-3.190804018986063,W,55.94405416859251,-3.191104018986063,1907.3735428821474,1696.1186018487815
55.94405416859251,-3.191104018986063,W,55.94405416859251,-3.1914040189860633,1907.3735428821474,1694.8686018487815
55.94405416859251,-3.1914040189860633,W,55.94405416859251,-3.1917040189860635,1986.0764714589093,1703.551000038515
55.94405416859251,-3.1917040189860635,NW,55.944266300626865,-3.1919161510204193,2077.226363507438,1736.0682248735714
55.944266300626865,-3.1919161510204193,NNW,55.94454346448662,-3.1920309560501288,2077.226363507438,1734.8182248735714
55.94454346448662,-3.1920309560501288,NE,55.94475559652098,-3.191818824015773,2077.226363507438,1733.5682248735714
55.94475559652098,-3.191818824015773,ESE,55.94464079149127,-3.1915416601560196,2163.1824877594295,1764.4171665364752
55.94464079149127,-3.1915416601560196,E,55.94464079149127,-3.1912416601560194,2163.1824877594295,1763.1671665364752
55.94464079149127,-3.1912416601560194,NE,55.94485292352562,-3.1910295281216636,2163.1824877594295,1761.9171665364752
55.94485292352562,-3.1910295281216636,NNW,55.94513008738538,-3.191144333151373,2225.4425983377896,1832.3096636542514
55.94513008738538,-3.191144333151373,WNW,55.94524489241509,-3.1914214970111265,2225.4425983377896,1831.0596636542514
55.94524489241509,-3.1914214970111265,NW,55.945457024449446,-3.1916336290454823,2225.4425983377896,1829.8096636542514
55.945457024449446,-3.1916336290454823,WNW,55.94557182947916,-3.1919107929052357,2290.335219120726,1895.7426615154454
55.94557182947916,-3.1919107929052357,SSE,55.9452946656194,-3.191795987875526,2290.335219120726,1894.4926615154454
55.9452946656194,-3.191795987875526,SSE,55.945017501759644,-3.1916811828458167,2290.335219120726,1893.2426615154454
55.945017501759644,-3.1916811828458167,SSE,55.94474033789989,-3.191566377816107,2290.335219120726,1891.9926615154454
55.94474033789989,-3.191566377816107,SSE,55.94446317404013,-3.1914515727863977,2290.335219120726,1890.7426615154454
55.94446317404013,-3.1914515727863977,SSE,55.944186010180374,-3.191336767756688,2290.335219120726,1889.4926615154454
55.944186010180374,-3.191336767756688,S,55.94388601018037,-3.191336767756688,2290.335219120726,1888.2426615154454
55.94388601018037,-3.191336767756688,SSE,55.943608846320615,-3.1912219627269787,2290.335219120726,1886.9926615154454
55.943608846320615,-3.1912219627269787,S,55.94330884632061,-3.1912219627269787,2290.335219120726,1885.7426615154454
55.94330884632061,-3.1912219627269787,SE,55.943096714286256,-3.191009830692623,2290.335219120726,1884.4926615154454
55.943096714286256,-3.191009830692623,SSW,55.9428195504265,-3.1911246357223324,2313.8754953160137,1957.5047827642725
55.9428195504265,-3.1911246357223324,NNE,55.943096714286256,-3.191009830692623,2313.8754953160137,1956.2547827642725
55.943096714286256,-3.191009830692623,SSW,55.9428195504265,-3.1911246357223324,2313.8754953160137,1955.0047827642725
55.9428195504265,-3.1911246357223324,NNE,55.943096714286256,-3.191009830692623,2313.8754953160137,1953.7547827642725
55.943096714286256,-3.191009830692623,SSW,55.9428195504265,-3.1911246357223324,2313.8754953160137,1952.5047827642725
55.9428195504265,-3.1911246357223324,NNE,55.943096714286256,-3.191009830692623,2313.8754953160137,1951.2547827642725
55.943096714286256,-3.191009830692623,SSW,55.9428195504265,-3.1911246357223324,2313.8754953160137,1950.0047827642725
55.9428195504265,-3.1911246357223324,NNE,55.943096714286256,-3.191009830692623,2313.8754953160137,1948.7547827642725
55.943096714286256,-3.191009830692623,SSW,55.9428195504265,-3.1911246357223324,2313.8754953160137,1947.5047827642725
55.9428195504265,-3.1911246357223324,NNE,55.943096714286256,-3.191009830692623,2313.8754953160137,1946.2547827642725
55.943096714286256,-3.191009830692623,SSW,55.9428195504265,-3.1911246357223324,2313.8754953160137,1945.0047827642725
55.9428195504265,-3.1911246357223324,NNE,55.943096714286256,-3.191009830692623,2313.8754953160137,1943.7547827642725
55.943096714286256,-3.191009830692623,SSW,55.9428195504265,-3.1911246357223324,2313.8754953160137,1942.5047827642725
55.9428195504265,-3.1911246357223324,NNE,55.943096714286256,-3.191009830692623,2313.8754953160137,1941.2547827642725
55.943096714286256,-3.191009830692623,SSW,55.9428195504265,-3.1911246357223324,2313.8754953160137,1940.0047827642725
55.9428195504265,-3.1911246357223324,NNE,55.943096714286256,-3.191009830692623,2313.8754953160137,1938.7547827642725
55.943096714286256,-3.191009830692623,SSW,55.9428195504265,-3.1911246357223324,2313.8754953160137,1937.5047827642725
55.9428195504265,-3.1911246357223324,NNE,55.943096714286256,-3.191009830692623,2313.8754953160137,1936.2547827642725
55.943096714286256,-3.191009830692623,SSW,55.9428195504265,-3.1911246357223324,2313.8754953160137,1935.0047827642725
55.9428195504265,-3.1911246357223324,NNE,55.943096714286256,-3.191009830692623,2313.8754953160137,1933.7547827642725
55.943096714286256,-3.191009830692623,SSW,55.9428195504265,-3.1911246357223324,2313.8754953160137,1932.5047827642725
55.9428195504265,-3.1911246357223324,NNE,55.943096714286256,-3.191009830692623,2313.8754953160137,1931.2547827642725
55.943096714286256,-3.191009830692623,SSW,55.9428195504265,-3.1911246357223324,2313.8754953160137,1930.0047827642725
55.9428195504265,-3.1911246357223324,NNE,55.943096714286256,-3.191009830692623,2313.8754953160137,1928.7547827642725
55.943096714286256,-3.191009830692623,SSW,55.9428195504265,-3.1911246357223324,2313.8754953160137,1927.5047827642725
55.9428195504265,-3.1911246357223324,NNE,55.943096714286256,-3.191009830692623,2313.8754953160137,1926.2547827642725
55.943096714286256,-3.191009830692623,SSW,55.9428195504265,-3.1911246357223324,2313.8754953160137,1925.0047827642725
55.9428195504265,-3.1911246357223324,NNE,55.943096714286256,-3.191009830692623,2313.8754953160137,1923.7547827642725
55.943096714286256,-3.191009830692623,SSW,55.9428195504265,-3.1911246357223324,2313.8754953160137,1922.5047827642725
55.9428195504265,-3.1911246357223324,NNE,55.943096714286256,-3.191009830692623,2313.8754953160137,1921.2547827642725
55.943096714286256,-3.191009830692623,SSW,55.9428195504265,-3.1911246357223324,2313.8754953160137,1920.0047827642725
55.9428195504265,-3.1911246357223324,NNE,55.943096714286256,-3.191009830692623,2313.8754953160137,1918.7547827642725
55.943096714286256,-3.191009830692623,SSW,55.9428195504265,-3.1911246357223324,2313.8754953160137,1917.5047827642725
55.9428195504265,-3.1911246357223324,NNE,55.943096714286256,-3.191009830692623,2313.8754953160137,1916.2547827642725
55.943096714286256,-3.191009830692623,SSW,55.9428195504265,-3.1911246357223324,2313.8754953160137,1915.0047827642725
55.9428195504265,-3.1911246357223324,NNE,55.943096714286256,-3.191009830692623,2313.8754953160137,1913.7547827642725
55.943096714286256,-3.191009830692623,SSW,55.9428195504265,-3.1911246357223324,2313.8754953160137,1912.5047827642725
55.9428195504265,-3.1911246357223324,NNE,55.943096714286256,-3.191009830692623,2313.8754953160137,1911.2547827642725
55.943096714286256,-3.191009830692623,SSW,55.9428195504265,-3.1911246357223324,2313.8754953160137,1910.0047827642725
55.9428195504265,-3.1911246357223324,NNE,55.943096714286256,-3.191009830692623,2313.8754953160137,1908.7547827642725
55.943096714286256,-3.191009830692623,SSW,55.9428195504265,-3.1911246357223324,2313.8754953160137,1907.5047827642725
55.9428195504265,-3.1911246357223324,NNE,55.943096714286256,-3.191009830692623,2313.8754953160137,1906.2547827642725
55.943096714286256,-3.191009830692623,SSW,55.9428195504265,-3.1911246357223324,2313.8754953160137,1905.0047827642725
55.9428195504265,-3.1911246357223324,NNE,55.943096714286256,-3.191009830692623,2313.8754953160137,1903.7547827642725
55.943096714286256,-3.191009830692623,SSW,55.9428195504265,-3.1911246357223324,2313.8754953160137,1902.5047827642725
55.9428195504265,-3.1911246357223324,NNE,55.943096714286256,-3.191009830692623,2313.8754953160137,1901.2547827642725
55.943096714286256,-3.191009830692623,SSW,55.9428195504265,-3.1911246357223324,2313.8754953160137,1900.0047827642725
55.9428195504265,-3.1911246357223324,NNE,55.943096714286256,-3.191009830692623,2313.8754953160137,1898.7547827642725
55.943096714286256,-3.191009830692623,SSW,55.9428195504265,-3.1911246357223324,2313.8754953160137,1897.5047827642725
55.9428195504265,-3.1911246357223324,NNE,55.943096714286256,-3.191009830692623,2313.8754953160137,1896.2547827642725
55.943096714286256,-3.191009830692623,SSW,55.9428195504265,-3.1911246357223324,2313.8754953160137,1895.0047827642725
55.9428195504265,-3.1911246357223324,NNE,55.943096714286256,-3.191009830692623,2313.8754953160137,1893.7547827642725
55.943096714286256,-3.191009830692623,SSW,55.9428195504265,-3.1911246357223324,2313.8754953160137,1892.5047827642725
55.9428195504265,-3.1911246357223324,NNE,55.943096714286256,-3.191009830692623,2313.8754953160137,1891.2547827642725
55.943096714286256,-3.191009830692623,SSW,55.9428195504265,-3.1911246357223324,2313.8754953160137,1890.0047827642725
55.9428195504265,-3.1911246357223324,NNE,55.943096714286256,-3.191009830692623,2313.8754953160137,1888.7547827642725
55.943096714286256,-3.191009830692623,SSW,55.9428195504265,-3.1911246357223324,2313.8754953160137,1887.5047827642725
55.9428195504265,-3.1911246357223324,NNE,55.943096714286256,-3.191009830692623,2313.8754953160137,1886.2547827642725
55.943096714286256,-3.191009830692623,SSW,55.9428195504265,-3.1911246357223324,2313.8754953160137,1885.0047827642725
55.9428195504265,-3.1911246357223324,NNE,55.943096714286256,-3.191009830692623,2313.8754953160137,1883.7547827642725
55.943096714286256,-3.191009830692623,SSW,55.9428195504265,-3.1911246357223324,2313.8754953160137,1882.5047827642725
55.9428195504265,-3.1911246357223324,NNE,55.943096714286256,-3.191009830692623,2313.8754953160137,1881.2547827642725
55.943096714286256,-3.191009830692623,SSW,55.9428195504265,-3.1911246357223324,2313.8754953160137,1880.0047827642725
55.9428195504265,-3.1911246357223324,NNE,55.943096714286256,-3.191009830692623,2313.8754953160137,1878.7547827642725
55.943096714286256,-3.191009830692623,SSW,55.9428195504265,-3.1911246357223324,2313.8754953160137,1877.5047827642725
55.9428195504265,-3.1911246357223324,NNE,55.943096714286256,-3.191009830692623,2313.8754953160137,1876.2547827642725
55.943096714286256,-3.191009830692623,SSW,55.9428195504265,-3.1911246357223324,2313.8754953160137,1875.0047827642725
55.9428195504265,-3.1911246357223324,NNE,55.943096714286256,-3.191009830692623,2313.8754953160137,1873.7547827642725
55.943096714286256,-3.191009830692623,SSW,55.9428195504265,-3.1911246357223324,2313.8754953160137,1872.5047827642725
55.9428195504265,-3.1911246357223324,NNE,55.943096714286256,-3.191009830692623,2313.8754953160137,1871.2547827642725
55.943096714286256,-3.191009830692623,SSW,55.9428195504265,-3.1911246357223324,2313.8754953160137,1870.0047827642725
55.9428195504265,-3.1911246357223324,NNE,55.943096714286256,-3.191009830692623,2313.8754953160137,1868.7547827642725
55.943096714286256,-3.191009830692623,SSW,55.9428195504265,-3.1911246357223324,2313.8754953160137,1867.5047827642725
55.9428195504265,-3.1911246357223324,NNE,55.943096714286256,-3.191009830692623,2313.8754953160137,1866.2547827642725
55.943096714286256,-3.191009830692623,SSW,55.9428195504265,-3.1911246357223324,2313.8754953160137,1865.0047827642725
55.9428195504265,-3.1911246357223324,NNE,55.943096714286256,-3.191009830692623,2313.8754953160137,1863.7547827642725
55.943096714286256,-3.191009830692623,SSW,55.9428195504265,-3.1911246357223324,2313.8754953160137,1862.5047827642725
55.9428195504265,-3.1911246357223324,NNE,55.943096714286256,-3.191009830692623,2313.8754953160137,1861.2547827642725
55.943096714286256,-3.191009830692623,SSW,55.9428195504265,-3.1911246357223324,2313.8754953160137,1860.0047827642725
55.9428195504265,-3.1911246357223324,NNE,55.943096714286256,-3.191009830692623,2313.8754953160137,1858.7547827642725
55.943096714286256,-3.191009830692623,SSW,55.9428195504265,-3.1911246357223324,2313.8754953160137,1857.5047827642725
55.9428195504265,-3.1911246357223324,NNE,55.943096714286256,-3.191009830692623,2313.8754953160137,1856.2547827642725
55.943096714286256,-3.191009830692623,SSW,55.9428195504265,-3.1911246357223324,2313.8754953160137,1855.0047827642725
55.9428195504265,-3.1911246357223324,NNE,55.943096714286256,-3.191009830692623,2313.8754953160137,1853.7547827642725
55.943096714286256,-3.191009830692623,SSW,55.9428195504265,-3.1911246357223324,2313.8754953160137,1852.5047827642725
55.9428195504265,-3.1911246357223324,NNE,55.943096714286256,-3.191009830692623,2313.8754953160137,1851.2547827642725
55.943096714286256,-3.191009830692623,SSW,55.9428195504265,-3.1911246357223324,2313.8754953160137,1850.0047827642725
55.9428195504265,-3.1911246357223324,NNE,55.943096714286256,-3.191009830692623,2313.8754953160137,1848.7547827642725
55.943096714286256,-3.191009830692623,SSW,55.9428195504265,-3.1911246357223324,2313.8754953160137,1847.5047827642725
55.9428195504265,-3.1911246357223324,NNE,55.943096714286256,-3.191009830692623,2313.8754953160137,1846.2547827642725
55.943096714286256,-3.191009830692623,SSW,55.9428195504265,-3.1911246357223324,2313.8754953160137,1845.0047827642725
55.9428195504265,-3.1911246357223324,NNE,55.943096714286256,-3.191009830692623,2313.8754953160137,1843.7547827642725
55.943096714286256,-3.191009830692623,SSW,55.9428195504265,-3.1911246357223324,2313.8754953160137,1842.5047827642725
55.9428195504265,-3.1911246357223324,NNE,55.943096714286256,-3.191009830692623,2313.8754953160137,1841.2547827642725
55.943096714286256,-3.191009830692623,SSW,55.9428195504265,-3.1911246357223324,2313.8754953160137,1840.0047827642725
55.9428195504265,-3.1911246357223324,NNE,55.943096714286256,-3.191009830692623,2313.8754953160137,1838.7547827642725
55.943096714286256,-3.191009830692623,SSW,55.9428195504265,-3.1911246357223324,2313.8754953160137,1837.5047827642725
55.9428195504265,-3.1911246357223324,NNE,55.943096714286256,-3.191009830692623,2313.8754953160137,1836.2547827642725
55.943096714286256,-3.191009830692623,SSW,55.9428195504265,-3.1911246357223324,2313.8754953160137,1835.0047827642725
55.9428195504265,-3.1911246357223324,NNE,55.943096714286256,-3.191009830692623,2313.8754953160137,1833.7547827642725
55.943096714286256,-3.191009830692623,SSW,55.9428195504265,-3.1911246357223324,2313.8754953160137,1832.5047827642725
55.9428195504265,-3.1911246357223324,NNE,55.943096714286256,-3.191009830692623,2313.8754953160137,1831.2547827642725
55.943096714286256,-3.191009830692623,SSW,55.9428195504265,-3.1911246357223324,2313.8754953160137,1830.0047827642725
55.9428195504265,-3.1911246357223324,NNE,55.943096714286256,-3.191009830692623,2313.8754953160137,1828.7547827642725
55.943096714286256,-3.191009830692623,SSW,55.9428195504265,-3.1911246357223324,2313.8754953160137,1827.5047827642725
55.9428195504265,-3.1911246357223324,NNE,55.943096714286256,-3.191009830692623,2313.8754953160137,1826.2547827642725
55.943096714286256,-3.191009830692623,SSW,55.9428195504265,-3.1911246357223324,2313.8754953160137,1825.0047827642725
55.9428195504265,-3.1911246357223324,NNE,55.943096714286256,-3.191009830692623,2313.8754953160137,1823.7547827642725
55.943096714286256,-3.191009830692623,SSW,55.9428195504265,-3.1911246357223324,2313.8754953160137,1822.5047827642725
55.9428195504265,-3.1911246357223324,NNE,55.943096714286256,-3.191009830692623,2313.8754953160137,1821.2547827642725
55.943096714286256,-3.191009830692623,SSW,55.9428195504265,-3.1911246357223324,2313.8754953160137,1820.0047827642725
55.9428195504265,-3.1911246357223324,NNE,55.943096714286256,-3.191009830692623,2313.8754953160137,1818.7547827642725
55.943096714286256,-3.191009830692623,SSW,55.9428195504265,-3.1911246357223324,2313.8754953160137,1817.5047827642725
55.9428195504265,-3.1911246357223324,NNE,55.943096714286256,-3.191009830692623,2313.8754953160137,1816.2547827642725
55.943096714286256,-3.191009830692623,SSW,55.9428195504265,-3.1911246357223324,2313.8754953160137,1815.0047827642725
55.9428195504265,-3.1911246357223324,NNE,55.943096714286256,-3.191009830692623,2313.8754953160137,1813.7547827642725
55.943096714286256,-3.191009830692623,SSW,55.9428195504265,-3.1911246357223324,2313.8754953160137,1812.5047827642725
55.9428195504265,-3.1911246357223324,NNE,55.943096714286256,-3.191009830692623,2313.8754953160137,1811.2547827642725
55.943096714286256,-3.191009830692623,SSW,55.9428195504265,-3.1911246357223324,2313.8754953160137,1810.0047827642725
55.9428195504265,-3.1911246357223324,NNE,55.943096714286256,-3.191009830692623,2313.8754953160137,1808.7547827642725
55.943096714286256,-3.191009830692623,SSW,55.9428195504265,-3.1911246357223324,2313.8754953160137,1807.5047827642725
55.9428195504265,-3.1911246357223324,NNE,55.943096714286256,-3.191009830692623,2313.8754953160137,1806.2547827642725
55.943096714286256,-3.191009830692623,SSW,55.9428195504265,-3.1911246357223324,2313.8754953160137,1805.0047827642725
55.9428195504265,-3.1911246357223324,NNE,55.943096714286256,-3.191009830692623,2313.8754953160137,1803.7547827642725
55.943096714286256,-3.191009830692623,SSW,55.9428195504265,-3.1911246357223324,2313.8754953160137,1802.5047827642725
55.9428195504265,-3.1911246357223324,NNE,55.943096714286256,-3.191009830692623,2313.8754953160137,1801.2547827642725
55.943096714286256,-3.191009830692623,SSW,55.9428195504265,-3.1911246357223324,2313.8754953160137,1800.0047827642725
55.9428195504265,-3.1911246357223324,NNE,55.943096714286256,-3.191009830692623,2313.8754953160137,1798.7547827642725
55.943096714286256,-3.191009830692623,SSW,55.9428195504265,-3.1911246357223324,2313.8754953160137,1797.5047827642725
55.9428195504265,-3.1911246357223324,NNE,55.943096714286256,-3.191009830692623,2313.8754953160137,1796.2547827642725
55.943096714286256,-3.191009830692623,SSW,55.9428195504265,-3.1911246357223324,2313.8754953160137,1795.0047827642725
55.9428195504265,-3.1911246357223324,NNE,55.943096714286256,-3.191009830692623,2313.8754953160137,1793.7547827642725
55.943096714286256,-3.191009830692623,SSW,55.9428195504265,-3.1911246357223324,2313.8754953160137,1792.5047827642725
55.9428195504265,-3.1911246357223324,NNE,55.943096714286256,-3.191009830692623,2313.8754953160137,1791.2547827642725
55.943096714286256,-3.191009830692623,SSW,55.9428195504265,-3.1911246357223324,2313.8754953160137,1790.0047827642725
55.9428195504265,-3.1911246357223324,NNE,55.943096714286256,-3.191009830692623,2313.8754953160137,1788.7547827642725
55.943096714286256,-3.191009830692623,SSW,55.9428195504265,-3.1911246357223324,2313.8754953160137,1787.5047827642725
55.9428195504265,-3.1911246357223324,NNE,55.943096714286256,-3.191009830692623,2313.8754953160137,1786.2547827642725
55.943096714286256,-3.191009830692623,SSW,55.9428195504265,-3.1911246357223324,2313.8754953160137,1785.0047827642725
55.9428195504265,-3.1911246357223324,NNE,55.943096714286256,-3.191009830692623,2313.8754953160137,1783.7547827642725
55.943096714286256,-3.191009830692623,SSW,55.9428195504265,-3.1911246357223324,2313.8754953160137,1782.5047827642725
55.9428195504265,-3.1911246357223324,NNE,55.943096714286256,-3.191009830692623,2313.8754953160137,1781.2547827642725
55.943096714286256,-3.191009830692623,SSW,55.9428195504265,-3.1911246357223324,2313.8754953160137,1780.0047827642725
55.9428195504265,-3.1911246357223324,NNE,55.943096714286256,-3.191009830692623,2313.8754953160137,1778.7547827642725
55.943096714286256,-3.191009830692623,SSW,55.9428195504265,-3.1911246357223324,2313.8754953160137,1777.5047827642725
55.9428195504265,-3.1911246357223324,NNE,55.943096714286256,-3.191009830692623,2313.8754953160137,1776.2547827642725
55.943096714286256,-3.191009830692623,SSW,55.9428195504265,-3.1911246357223324,2313.8754953160137,1775.0047827642725
55.9428195504265,-3.1911246357223324,NNE,55.943096714286256,-3.191009830692623,2313.8754953160137,1773.7547827642725
55.943096714286256,-3.191009830692623,SSW,55.9428195504265,-3.1911246357223324,2313.8754953160137,1772.5047827642725
55.9428195504265,-3.1911246357223324,NNE,55.943096714286256,-3.191009830692623,2313.8754953160137,1771.2547827642725
55.943096714286256,-3.191009830692623,SSW,55.9428195504265,-3.1911246357223324,2313.8754953160137,1770.0047827642725
55.9428195504265,-3.1911246357223324,NNE,55.943096714286256,-3.191009830692623,2313.8754953160137,1768.7547827642725
55.943096714286256,-3.191009830692623,SSW,55.9428195504265,-3.1911246357223324,2313.8754953160137,1767.5047827642725
