55.944425,-3.188396,SSW,55.944147836140246,-3.1885108050297095,35.91740883163307,364.96791974983313
55.944147836140246,-3.1885108050297095,W,55.944147836140246,-3.1888108050297097,77.15793477008094,388.67928850914916
55.944147836140246,-3.1888108050297097,SSE,55.94387067228049,-3.188696,201.19660303594756,441.06937144248866
55.94387067228049,-3.188696,ENE,55.9439854773102,-3.188418836140247,201.19660303594756,439.81937144248866
55.9439854773102,-3.188418836140247,ENE,55.94410028233991,-3.1881416722804934,201.19660303594756,438.56937144248866
55.94410028233991,-3.1881416722804934,NE,55.94431241437427,-3.1879295402461376,246.96373081477088,510.2901692748928
55.94431241437427,-3.1879295402461376,S,55.944012414374264,-3.1879295402461376,246.96373081477088,509.0401692748928
55.944012414374264,-3.1879295402461376,S,55.94371241437426,-3.1879295402461376,246.96373081477088,507.7901692748928
55.94371241437426,-3.1879295402461376,E,55.94371241437426,-3.1876295402461374,246.96373081477088,506.5401692748928
55.94371241437426,-3.1876295402461374,WNW,55.94382721940397,-3.187906704105891,246.96373081477088,505.2901692748928
55.94382721940397,-3.187906704105891,SSW,55.943550055544215,-3.1880215091356003,246.96373081477088,504.0401692748928
55.943550055544215,-3.1880215091356003,SSE,55.94327289168446,-3.187906704105891,320.3766267489592,623.3202183876148
55.94327289168446,-3.187906704105891,SE,55.9430607596501,-3.187694572071535,320.3766267489592,622.0702183876148
55.9430607596501,-3.187694572071535,SE,55.942848627615746,-3.1874824400371793,320.3766267489592,620.8202183876148
55.942848627615746,-3.1874824400371793,SE,55.94263649558139,-3.1872703080028235,410.1695173866507,678.1026845841174
55.94263649558139,-3.1872703080028235,NNE,55.942913659441146,-3.187155502973114,410.1695173866507,676.8526845841174
55.942913659441146,-3.187155502973114,NNW,55.9431908233009,-3.1872703080028235,410.1695173866507,675.6026845841174
55.9431908233009,-3.1872703080028235,N,55.943490823300905,-3.1872703080028235,410.1695173866507,674.3526845841174
55.943490823300905,-3.1872703080028235,NE,55.94370295533526,-3.1870581759684677,410.1695173866507,673.1026845841174
55.94370295533526,-3.1870581759684677,E,55.94370295533526,-3.1867581759684676,431.87366981889994,764.557170805678
55.94370295533526,-3.1867581759684676,NNE,55.94398011919502,-3.186643370938758,554.9039253482208,799.57086207404
55.94398011919502,-3.186643370938758,N,55.94428011919502,-3.186643370938758,584.8290411450496,877.6675122132664
55.94428011919502,-3.186643370938758,ESE,55.94416531416531,-3.1863662070790046,584.8290411450496,876.4175122132664
55.94416531416531,-3.1863662070790046,ESE,55.9440505091356,-3.1860890432192512,664.8919784502943,928.1701874087662
55.9440505091356,-3.1860890432192512,S,55.9437505091356,-3.1860890432192512,754.7360542913865,1006.4472176097576
55.9437505091356,-3.1860890432192512,SSW,55.94347334527584,-3.1862038482489607,754.7360542913865,1005.1972176097576
55.94347334527584,-3.1862038482489607,S,55.94317334527584,-3.1862038482489607,763.6888532935816,1044.7536181826565
55.94317334527584,-3.1862038482489607,NE,55.943385477310194,-3.185991716214605,763.6888532935816,1043.5036181826565
55.943385477310194,-3.185991716214605,NE,55.94359760934455,-3.185779584180249,831.0873230577143,1072.226226157809
55.94359760934455,-3.185779584180249,ENE,55.94371241437426,-3.185502420320496,831.0873230577143,1070.976226157809
55.94371241437426,-3.185502420320496,NE,55.94392454640862,-3.18529028828614,836.9443324104026,1092.578336592492
55.94392454640862,-3.18529028828614,NNW,55.94420171026837,-3.1854050933158495,836.9443324104026,1091.328336592492
55.94420171026837,-3.1854050933158495,NNW,55.94447887412813,-3.185519898345559,836.9443324104026,1090.078336592492
55.94447887412813,-3.185519898345559,NNW,55.94475603798789,-3.1856347033752686,943.9946678117608,1163.8643291291519
55.94475603798789,-3.1856347033752686,WNW,55.9448708430176,-3.185911867235022,947.0704769708348,1223.4524229451195
55.9448708430176,-3.185911867235022,WNW,55.94498564804731,-3.1861890310947754,947.0704769708348,1222.2024229451195
55.94498564804731,-3.1861890310947754,NW,55.94519778008166,-3.186401163129131,1070.8014440588988,1295.3570997820163
55.94519778008166,-3.186401163129131,ENE,55.945312585111374,-3.1861239992693777,1070.8014440588988,1294.1070997820163
55.945312585111374,-3.1861239992693777,ENE,55.945427390141084,-3.1858468354096243,1070.8014440588988,1292.8570997820163
55.945427390141084,-3.1858468354096243,ENE,55.945542195170795,-3.185569671549871,1070.8014440588988,1291.6070997820163
55.945542195170795,-3.185569671549871,ENE,55.945657000200505,-3.1852925076901175,1070.8014440588988,1290.3570997820163
55.945657000200505,-3.1852925076901175,ENE,55.945771805230216,-3.185015343830364,1085.8067228936318,1375.9568311532014
55.945771805230216,-3.185015343830364,SE,55.94555967319586,-3.1848032117960083,1177.2117029156302,1397.6557350200221
55.94555967319586,-3.1848032117960083,SSE,55.9452825093361,-3.184688406766299,1177.2117029156302,1396.4057350200221
55.9452825093361,-3.184688406766299,SSE,55.945005345476346,-3.1845736017365893,1177.2117029156302,1395.1557350200221
55.945005345476346,-3.1845736017365893,SSE,55.94472818161659,-3.18445879670688,1177.2117029156302,1393.9057350200221
55.94472818161659,-3.18445879670688,SSE,55.94445101775683,-3.1843439916771703,1301.0360123745493,1422.856979636606
55.94445101775683,-3.1843439916771703,SSW,55.94417385389708,-3.18445879670688,1301.0360123745493,1421.606979636606
55.94417385389708,-3.18445879670688,SSW,55.94389669003732,-3.1845736017365893,1301.0360123745493,1420.356979636606
55.94389669003732,-3.1845736017365893,SSW,55.943619526177564,-3.184688406766299,1301.0360123745493,1419.106979636606
55.943619526177564,-3.184688406766299,SSW,55.94334236231781,-3.1848032117960083,1301.0360123745493,1417.856979636606
55.94334236231781,-3.1848032117960083,S,55.943042362317804,-3.1848032117960083,1403.93810421092,1532.7602785067975
55.943042362317804,-3.1848032117960083,WNW,55.943157167347515,-3.1850803756557617,1403.93810421092,1531.5102785067975
55.943157167347515,-3.1850803756557617,WNW,55.943271972377225,-3.185357539515515,1403.93810421092,1530.2602785067975
55.943271972377225,-3.185357539515515,WNW,55.943386777406936,-3.1856347033752686,1403.93810421092,1529.0102785067975
55.943386777406936,-3.1856347033752686,WNW,55.943501582436646,-3.185911867235022,1403.93810421092,1527.7602785067975
55.943501582436646,-3.185911867235022,WNW,55.943616387466356,-3.1861890310947754,1403.93810421092,1526.5102785067975
55.943616387466356,-3.1861890310947754,WNW,55.94373119249607,-3.1864661949545288,1403.93810421092,1525.2602785067975
55.94373119249607,-3.1864661949545288,WNW,55.94384599752578,-3.186743358814282,1403.93810421092,1524.0102785067975
55.94384599752578,-3.186743358814282,WNW,55.94396080255549,-3.1870205226740356,1403.93810421092,1522.7602785067975
55.94396080255549,-3.1870205226740356,SW,55.94374867052113,-3.1872326547083913,1403.93810421092,1521.5102785067975
55.94374867052113,-3.1872326547083913,WNW,55.94386347555084,-3.1875098185681447,1403.93810421092,1520.2602785067975
55.94386347555084,-3.1875098185681447,WNW,55.94397828058055,-3.187786982427898,1403.93810421092,1519.0102785067975
55.94397828058055,-3.187786982427898,WNW,55.94409308561026,-3.1880641462876516,1403.93810421092,1517.7602785067975
55.94409308561026,-3.1880641462876516,WNW,55.94420789063997,-3.188341310147405,1403.93810421092,1516.5102785067975
55.94420789063997,-3.188341310147405,W,55.94420789063997,-3.188641310147405,1403.93810421092,1515.2602785067975
55.94420789063997,-3.188641310147405,WNW,55.94432269566968,-3.1889184740071586,1403.93810421092,1514.0102785067975
55.94432269566968,-3.1889184740071586,W,55.94432269566968,-3.1892184740071587,1403.93810421092,1512.7602785067975
55.94432269566968,-3.1892184740071587,SE,55.94411056363533,-3.189006341972803,1403.93810421092,1511.5102785067975
55.94411056363533,-3.189006341972803,WNW,55.94422536866504,-3.1892835058325564,1403.93810421092,1510.2602785067975
55.94422536866504,-3.1892835058325564,WNW,55.94434017369475,-3.18956066969231,1480.2170373107006,1632.5787942264271
55.94434017369475,-3.18956066969231,WNW,55.94445497872446,-3.189837833552063,1480.2170373107006,1631.3287942264271
55.94445497872446,-3.189837833552063,W,55.94445497872446,-3.1901378335520634,1573.4538689820397,1749.1161813085118
55.94445497872446,-3.1901378335520634,NW,55.944667110758814,-3.190349965586419,1583.445322987713,1748.8386822809562
55.944667110758814,-3.190349965586419,W,55.944667110758814,-3.1906499655864193,1612.228077223381,1754.0787410664468
55.944667110758814,-3.1906499655864193,W,55.944667110758814,-3.1909499655864195,1645.0438251865855,1842.176395464762
55.944667110758814,-3.1909499655864195,SE,55.94445497872446,-3.1907378335520638,1645.0438251865855,1840.926395464762
55.94445497872446,-3.1907378335520638,SSE,55.9441778148647,-3.1906230285223542,1645.0438251865855,1839.676395464762
55.9441778148647,-3.1906230285223542,SE,55.943965682830346,-3.1904108964879985,1723.822651283241,1913.5760095552691
55.943965682830346,-3.1904108964879985,SE,55.94375355079599,-3.1901987644536427,1821.604473045696,1991.9095617149069
55.94375355079599,-3.1901987644536427,W,55.94375355079599,-3.190498764453643,1821.604473045696,1990.6595617149069
55.94375355079599,-3.190498764453643,W,55.94375355079599,-3.190798764453643,1905.8915685470552,2028.3693146701742
55.94375355079599,-3.190798764453643,W,55.94375355079599,-3.1910987644536433,1905.8915685470552,2027.1193146701742
55.94375355079599,-3.1910987644536433,W,55.94375355079599,-3.1913987644536435,2010.7539422374816,2107.011614547547
55.94375355079599,-3.1913987644536435,W,55.94375355079599,-3.1916987644536436,2010.7539422374816,2105.761614547547
55.94375355079599,-3.1916987644536436,NW,55.943965682830346,-3.1919108964879994,2010.7539422374816,2104.511614547547
55.943965682830346,-3.1919108964879994,SSW,55.94368851897059,-3.192025701517709,2086.3523762578984,2177.248592597345
55.94368851897059,-3.192025701517709,SSW,55.94341135511083,-3.1921405065474184,2164.9810554611113,2214.792212994233
55.94341135511083,-3.1921405065474184,S,55.94311135511083,-3.1921405065474184,2263.9647664831614,2256.2711982651167
55.94311135511083,-3.1921405065474184,ESE,55.94299655008112,-3.191863342687665,2263.9647664831614,2255.0211982651167
55.94299655008112,-3.191863342687665,ESE,55.94288174505141,-3.1915861788279116,2263.9647664831614,2253.7711982651167
55.94288174505141,-3.1915861788279116,E,55.94288174505141,-3.1912861788279114,2352.481696395007,2321.282314923304
55.94288174505141,-3.1912861788279114,NNE,55.943158908911165,-3.191171373798202,2352.481696395007,2320.032314923304
55.943158908911165,-3.191171373798202,ENE,55.943273713940876,-3.1908942099384485,2352.481696395007,2318.782314923304
55.943273713940876,-3.1908942099384485,NE,55.94348584597523,-3.1906820779040928,2352.481696395007,2317.532314923304
55.94348584597523,-3.1906820779040928,N,55.943785845975235,-3.1906820779040928,2352.481696395007,2316.282314923304
55.943785845975235,-3.1906820779040928,N,55.94408584597524,-3.1906820779040928,2352.481696395007,2315.032314923304
55.94408584597524,-3.1906820779040928,NNE,55.944363009834994,-3.1905672728743832,2352.481696395007,2313.782314923304
55.944363009834994,-3.1905672728743832,N,55.944663009835,-3.1905672728743832,2352.481696395007,2312.532314923304
55.944663009835,-3.1905672728743832,NNE,55.944940173694754,-3.1904524678446737,2352.481696395007,2311.282314923304
55.944940173694754,-3.1904524678446737,N,55.945240173694756,-3.1904524678446737,2352.481696395007,2310.032314923304
55.945240173694756,-3.1904524678446737,NNE,55.94551733755451,-3.1903376628149642,2352.481696395007,2308.782314923304
55.94551733755451,-3.1903376628149642,N,55.945817337554516,-3.1903376628149642,2431.8253288426163,2380.931090672981
55.945817337554516,-3.1903376628149642,NNW,55.94609450141427,-3.1904524678446737,2475.6192963964977,2455.0119136404387
55.94609450141427,-3.1904524678446737,W,55.94609450141427,-3.190752467844674,2475.6192963964977,2453.7619136404387
55.94609450141427,-3.190752467844674,W,55.94609450141427,-3.191052467844674,2475.6192963964977,2452.5119136404387
55.94609450141427,-3.191052467844674,W,55.94609450141427,-3.1913524678446743,2475.6192963964977,2451.2619136404387
55.94609450141427,-3.1913524678446743,W,55.94609450141427,-3.1916524678446745,2475.6192963964977,2450.0119136404387
55.94609450141427,-3.1916524678446745,WSW,55.94597969638456,-3.191929631704428,2591.0668256006884,2554.038539436285
55.94597969638456,-3.191929631704428,ENE,55.94609450141427,-3.1916524678446745,2591.0668256006884,2552.788539436285
55.94609450141427,-3.1916524678446745,WSW,55.94597969638456,-3.191929631704428,2591.0668256006884,2551.538539436285
55.94597969638456,-3.191929631704428,ENE,55.94609450141427,-3.1916524678446745,2591.0668256006884,2550.288539436285
55.94609450141427,-3.1916524678446745,WSW,55.94597969638456,-3.191929631704428,2591.0668256006884,2549.038539436285
55.94597969638456,-3.191929631704428,ENE,55.94609450141427,-3.1916524678446745,2591.0668256006884,2547.788539436285
55.94609450141427,-3.1916524678446745,WSW,55.94597969638456,-3.191929631704428,2591.0668256006884,2546.538539436285
55.94597969638456,-3.191929631704428,ENE,55.94609450141427,-3.1916524678446745,2591.0668256006884,2545.288539436285
55.94609450141427,-3.1916524678446745,WSW,55.94597969638456,-3.191929631704428,2591.0668256006884,2544.038539436285
55.94597969638456,-3.191929631704428,ENE,55.94609450141427,-3.1916524678446745,2591.0668256006884,2542.788539436285
55.94609450141427,-3.1916524678446745,WSW,55.94597969638456,-3.191929631704428,2591.0668256006884,2541.538539436285
55.94597969638456,-3.191929631704428,ENE,55.94609450141427,-3.1916524678446745,2591.0668256006884,2540.288539436285
55.94609450141427,-3.1916524678446745,WSW,55.94597969638456,-3.191929631704428,2591.0668256006884,2539.038539436285
55.94597969638456,-3.191929631704428,ENE,55.94609450141427,-3.1916524678446745,2591.0668256006884,2537.788539436285
55.94609450141427,-3.1916524678446745,WSW,55.94597969638456,-3.191929631704428,2591.0668256006884,2536.538539436285
55.94597969638456,-3.191929631704428,ENE,55.94609450141427,-3.1916524678446745,2591.0668256006884,2535.288539436285
55.94609450141427,-3.1916524678446745,WSW,55.94597969638456,-3.191929631704428,2591.0668256006884,2534.038539436285
55.94597969638456,-3.191929631704428,ENE,55.94609450141427,-3.1916524678446745,2591.0668256006884,2532.788539436285
55.94609450141427,-3.1916524678446745,WSW,55.94597969638456,-3.191929631704428,2591.0668256006884,2531.538539436285
55.94597969638456,-3.191929631704428,ENE,55.94609450141427,-3.1916524678446745,2591.0668256006884,2530.288539436285
55.94609450141427,-3.1916524678446745,WSW,55.94597969638456,-3.191929631704428,2591.0668256006884,2529.038539436285
55.94597969638456,-3.191929631704428,ENE,55.94609450141427,-3.1916524678446745,2591.0668256006884,2527.788539436285
55.94609450141427,-3.1916524678446745,WSW,55.94597969638456,-3.191929631704428,2591.0668256006884,2526.538539436285
55.94597969638456,-3.191929631704428,ENE,55.94609450141427,-3.1916524678446745,2591.0668256006884,2525.288539436285
55.94609450141427,-3.1916524678446745,WSW,55.94597969638456,-3.191929631704428,2591.0668256006884,2524.038539436285
55.94597969638456,-3.191929631704428,ENE,55.94609450141427,-3.1916524678446745,2591.0668256006884,2522.788539436285
55.94609450141427,-3.1916524678446745,WSW,55.94597969638456,-3.191929631704428,2591.0668256006884,2521.538539436285
55.94597969638456,-3.191929631704428,ENE,55.94609450141427,-3.1916524678446745,2591.0668256006884,2520.288539436285
55.94609450141427,-3.1916524678446745,WSW,55.94597969638456,-3.191929631704428,2591.0668256006884,2519.038539436285
55.94597969638456,-3.191929631704428,ENE,55.94609450141427,-3.1916524678446745,2591.0668256006884,2517.788539436285
55.94609450141427,-3.1916524678446745,WSW,55.94597969638456,-3.191929631704428,2591.0668256006884,2516.538539436285
55.94597969638456,-3.191929631704428,ENE,55.94609450141427,-3.1916524678446745,2591.0668256006884,2515.288539436285
55.94609450141427,-3.1916524678446745,WSW,55.94597969638456,-3.191929631704428,2591.0668256006884,2514.038539436285
55.94597969638456,-3.191929631704428,ENE,55.94609450141427,-3.1916524678446745,2591.0668256006884,2512.788539436285
55.94609450141427,-3.1916524678446745,WSW,55.94597969638456,-3.191929631704428,2591.0668256006884,2511.538539436285
55.94597969638456,-3.191929631704428,ENE,55.94609450141427,-3.1916524678446745,2591.0668256006884,2510.288539436285
55.94609450141427,-3.1916524678446745,WSW,55.94597969638456,-3.191929631704428,2591.0668256006884,2509.038539436285
55.94597969638456,-3.191929631704428,ENE,55.94609450141427,-3.1916524678446745,2591.0668256006884,2507.788539436285
55.94609450141427,-3.1916524678446745,WSW,55.94597969638456,-3.191929631704428,2591.0668256006884,2506.538539436285
55.94597969638456,-3.191929631704428,ENE,55.94609450141427,-3.1916524678446745,2591.0668256006884,2505.288539436285
55.94609450141427,-3.1916524678446745,WSW,55.94597969638456,-3.191929631704428,2591.0668256006884,2504.038539436285
55.94597969638456,-3.191929631704428,ENE,55.94609450141427,-3.1916524678446745,2591.0668256006884,2502.788539436285
55.94609450141427,-3.1916524678446745,WSW,55.94597969638456,-3.191929631704428,2591.0668256006884,2501.538539436285
55.94597969638456,-3.191929631704428,ENE,55.94609450141427,-3.1916524678446745,2591.0668256006884,2500.288539436285
55.94609450141427,-3.1916524678446745,WSW,55.94597969638456,-3.191929631704428,2591.0668256006884,2499.038539436285
55.94597969638456,-3.191929631704428,ENE,55.94609450141427,-3.1916524678446745,2591.0668256006884,2497.788539436285
55.94609450141427,-3.1916524678446745,WSW,55.94597969638456,-3.191929631704428,2591.0668256006884,2496.538539436285
55.94597969638456,-3.191929631704428,ENE,55.94609450141427,-3.1916524678446745,2591.0668256006884,2495.288539436285
55.94609450141427,-3.1916524678446745,WSW,55.94597969638456,-3.191929631704428,2591.0668256006884,2494.038539436285
55.94597969638456,-3.191929631704428,ENE,55.94609450141427,-3.1916524678446745,2591.0668256006884,2492.788539436285
55.94609450141427,-3.1916524678446745,WSW,55.94597969638456,-3.191929631704428,2591.0668256006884,2491.538539436285
55.94597969638456,-3.191929631704428,ENE,55.94609450141427,-3.1916524678446745,2591.0668256006884,2490.288539436285
55.94609450141427,-3.1916524678446745,WSW,55.94597969638456,-3.191929631704428,2591.0668256006884,2489.038539436285
55.94597969638456,-3.191929631704428,ENE,55.94609450141427,-3.1916524678446745,2591.0668256006884,2487.788539436285
55.94609450141427,-3.1916524678446745,WSW,55.94597969638456,-3.191929631704428,2591.0668256006884,2486.538539436285
55.94597969638456,-3.191929631704428,ENE,55.94609450141427,-3.1916524678446745,2591.0668256006884,2485.288539436285
55.94609450141427,-3.1916524678446745,WSW,55.94597969638456,-3.191929631704428,2591.0668256006884,2484.038539436285
55.94597969638456,-3.191929631704428,ENE,55.94609450141427,-3.1916524678446745,2591.0668256006884,2482.788539436285
55.94609450141427,-3.1916524678446745,WSW,55.94597969638456,-3.191929631704428,2591.0668256006884,2481.538539436285
55.94597969638456,-3.191929631704428,ENE,55.94609450141427,-3.1916524678446745,2591.0668256006884,2480.288539436285
55.94609450141427,-3.1916524678446745,WSW,55.94597969638456,-3.191929631704428,2591.0668256006884,2479.038539436285
55.94597969638456,-3.191929631704428,ENE,55.94609450141427,-3.1916524678446745,2591.0668256006884,2477.788539436285
55.94609450141427,-3.1916524678446745,WSW,55.94597969638456,-3.191929631704428,2591.0668256006884,2476.538539436285
55.94597969638456,-3.191929631704428,ENE,55.94609450141427,-3.1916524678446745,2591.0668256006884,2475.288539436285
55.94609450141427,-3.1916524678446745,WSW,55.94597969638456,-3.191929631704428,2591.0668256006884,2474.038539436285
55.94597969638456,-3.191929631704428,ENE,55.94609450141427,-3.1916524678446745,2591.0668256006884,2472.788539436285
55.94609450141427,-3.1916524678446745,WSW,55.94597969638456,-3.191929631704428,2591.0668256006884,2471.538539436285
55.94597969638456,-3.191929631704428,ENE,55.94609450141427,-3.1916524678446745,2591.0668256006884,2470.288539436285
55.94609450141427,-3.1916524678446745,WSW,55.94597969638456,-3.191929631704428,2591.0668256006884,2469.038539436285
55.94597969638456,-3.191929631704428,ENE,55.94609450141427,-3.1916524678446745,2591.0668256006884,2467.788539436285
55.94609450141427,-3.1916524678446745,WSW,55.94597969638456,-3.191929631704428,2591.0668256006884,2466.538539436285
55.94597969638456,-3.191929631704428,ENE,55.94609450141427,-3.1916524678446745,2591.0668256006884,2465.288539436285
55.94609450141427,-3.1916524678446745,WSW,55.94597969638456,-3.191929631704428,2591.0668256006884,2464.038539436285
55.94597969638456,-3.191929631704428,ENE,55.94609450141427,-3.1916524678446745,2591.0668256006884,2462.788539436285
55.94609450141427,-3.1916524678446745,WSW,55.94597969638456,-3.191929631704428,2591.0668256006884,2461.538539436285
55.94597969638456,-3.191929631704428,ENE,55.94609450141427,-3.1916524678446745,2591.0668256006884,2460.288539436285
55.94609450141427,-3.1916524678446745,WSW,55.94597969638456,-3.191929631704428,2591.0668256006884,2459.038539436285
55.94597969638456,-3.191929631704428,ENE,55.94609450141427,-3.1916524678446745,2591.0668256006884,2457.788539436285
55.94609450141427,-3.1916524678446745,WSW,55.94597969638456,-3.191929631704428,2591.0668256006884,2456.538539436285
55.94597969638456,-3.191929631704428,ENE,55.94609450141427,-3.1916524678446745,2591.0668256006884,2455.288539436285
55.94609450141427,-3.1916524678446745,WSW,55.94597969638456,-3.191929631704428,2591.0668256006884,2454.038539436285
55.94597969638456,-3.191929631704428,ENE,55.94609450141427,-3.1916524678446745,2591.0668256006884,2452.788539436285
55.94609450141427,-3.1916524678446745,WSW,55.94597969638456,-3.191929631704428,2591.0668256006884,2451.538539436285
55.94597969638456,-3.191929631704428,ENE,55.94609450141427,-3.1916524678446745,2591.0668256006884,2450.288539436285
55.94609450141427,-3.1916524678446745,WSW,55.94597969638456,-3.191929631704428,2591.0668256006884,2449.038539436285
55.94597969638456,-3.191929631704428,ENE,55.94609450141427,-3.1916524678446745,2591.0668256006884,2447.788539436285
55.94609450141427,-3.1916524678446745,WSW,55.94597969638456,-3.191929631704428,2591.0668256006884,2446.538539436285
55.94597969638456,-3.191929631704428,ENE,55.94609450141427,-3.1916524678446745,2591.0668256006884,2445.288539436285
55.94609450141427,-3.1916524678446745,WSW,55.94597969638456,-3.191929631704428,2591.0668256006884,2444.038539436285
55.94597969638456,-3.191929631704428,ENE,55.94609450141427,-3.1916524678446745,2591.0668256006884,2442.788539436285
55.94609450141427,-3.1916524678446745,WSW,55.94597969638456,-3.191929631704428,2591.0668256006884,2441.538539436285
55.94597969638456,-3.191929631704428,ENE,55.94609450141427,-3.1916524678446745,2591.0668256006884,2440.288539436285
55.94609450141427,-3.1916524678446745,WSW,55.94597969638456,-3.191929631704428,2591.0668256006884,2439.038539436285
55.94597969638456,-3.191929631704428,ENE,55.94609450141427,-3.1916524678446745,2591.0668256006884,2437.788539436285
55.94609450141427,-3.1916524678446745,WSW,55.94597969638456,-3.191929631704428,2591.0668256006884,2436.538539436285
55.94597969638456,-3.191929631704428,ENE,55.94609450141427,-3.1916524678446745,2591.0668256006884,2435.288539436285
55.94609450141427,-3.1916524678446745,WSW,55.94597969638456,-3.191929631704428,2591.0668256006884,2434.038539436285
55.94597969638456,-3.191929631704428,ENE,55.94609450141427,-3.1916524678446745,2591.0668256006884,2432.788539436285
55.94609450141427,-3.1916524678446745,WSW,55.94597969638456,-3.191929631704428,2591.0668256006884,2431.538539436285
55.94597969638456,-3.191929631704428,ENE,55.94609450141427,-3.1916524678446745,2591.0668256006884,2430.288539436285
55.94609450141427,-3.1916524678446745,WSW,55.94597969638456,-3.191929631704428,2591.0668256006884,2429.038539436285
55.94597969638456,-3.191929631704428,ENE,55.94609450141427,-3.1916524678446745,2591.0668256006884,2427.788539436285
55.94609450141427,-3.1916524678446745,WSW,55.94597969638456,-3.191929631704428,2591.0668256006884,2426.538539436285
55.94597969638456,-3.191929631704428,ENE,55.94609450141427,-3.1916524678446745,2591.0668256006884,2425.288539436285
55.94609450141427,-3.1916524678446745,WSW,55.94597969638456,-3.191929631704428,2591.0668256006884,2424.038539436285
55.94597969638456,-3.191929631704428,ENE,55.94609450141427,-3.1916524678446745,2591.0668256006884,2422.788539436285
55.94609450141427,-3.1916524678446745,WSW,55.94597969638456,-3.191929631704428,2591.0668256006884,2421.538539436285
55.94597969638456,-3.191929631704428,ENE,55.94609450141427,-3.1916524678446745,2591.0668256006884,2420.288539436285
55.94609450141427,-3.1916524678446745,WSW,55.94597969638456,-3.191929631704428,2591.0668256006884,2419.038539436285
55.94597969638456,-3.191929631704428,ENE,55.94609450141427,-3.1916524678446745,2591.0668256006884,2417.788539436285
55.94609450141427,-3.1916524678446745,WSW,55.94597969638456,-3.191929631704428,2591.0668256006884,2416.538539436285
55.94597969638456,-3.191929631704428,ENE,55.94609450141427,-3.1916524678446745,2591.0668256006884,2415.288539436285
55.94609450141427,-3.1916524678446745,WSW,55.94597969638456,-3.191929631704428,2591.0668256006884,2414.038539436285
55.94597969638456,-3.191929631704428,ENE,55.94609450141427,-3.1916524678446745,2591.0668256006884,2412.788539436285
55.94609450141427,-3.1916524678446745,WSW,55.94597969638456,-3.191929631704428,2591.0668256006884,2411.538539436285
55.94597969638456,-3.191929631704428,ENE,55.94609450141427,-3.1916524678446745,2591.0668256006884,2410.288539436285
55.94609450141427,-3.1916524678446745,WSW,55.94597969638456,-3.191929631704428,2591.0668256006884,2409.038539436285
55.94597969638456,-3.191929631704428,ENE,55.94609450141427,-3.1916524678446745,2591.0668256006884,2407.788539436285
55.94609450141427,-3.1916524678446745,WSW,55.94597969638456,-3.191929631704428,2591.0668256006884,2406.538539436285
55.94597969638456,-3.191929631704428,ENE,55.94609450141427,-3.1916524678446745,2591.0668256006884,2405.288539436285
55.94609450141427,-3.1916524678446745,WSW,55.94597969638456,-3.191929631704428,2591.0668256006884,2404.038539436285
55.94597969638456,-3.191929631704428,ENE,55.94609450141427,-3.1916524678446745,2591.0668256006884,2402.788539436285
55.94609450141427,-3.1916524678446745,WSW,55.94597969638456,-3.191929631704428,2591.0668256006884,2401.538539436285
55.94597969638456,-3.191929631704428,ENE,55.94609450141427,-3.1916524678446745,2591.0668256006884,2400.288539436285
55.94609450141427,-3.1916524678446745,WSW,55.94597969638456,-3.191929631704428,2591.0668256006884,2399.038539436285
55.94597969638456,-3.191929631704428,ENE,55.94609450141427,-3.1916524678446745,2591.0668256006884,2397.788539436285
55.94609450141427,-3.1916524678446745,WSW,55.94597969638456,-3.191929631704428,2591.0668256006884,2396.538539436285
55.94597969638456,-3.191929631704428,ENE,55.94609450141427,-3.1916524678446745,2591.0668256006884,2395.288539436285
55.94609450141427,-3.1916524678446745,WSW,55.94597969638456,-3.191929631704428,2591.0668256006884,2394.038539436285
55.94597969638456,-3.191929631704428,ENE,55.94609450141427,-3.1916524678446745,2591.0668256006884,2392.788539436285
55.94609450141427,-3.1916524678446745,WSW,55.94597969638456,-3.191929631704428,2591.0668256006884,2391.538539436285
55.94597969638456,-3.191929631704428,ENE,55.94609450141427,-3.1916524678446745,2591.0668256006884,2390.288539436285
55.94609450141427,-3.1916524678446745,WSW,55.94597969638456,-3.191929631704428,2591.0668256006884,2389.038539436285
55.94597969638456,-3.191929631704428,ENE,55.94609450141427,-3.1916524678446745,2591.0668256006884,2387.788539436285
55.94609450141427,-3.1916524678446745,WSW,55.94597969638456,-3.191929631704428,2591.0668256006884,2386.538539436285
55.94597969638456,-3.191929631704428,ENE,55.94609450141427,-3.1916524678446745,2591.0668256006884,2385.288539436285
55.94609450141427,-3.1916524678446745,WSW,55.94597969638456,-3.191929631704428,2591.0668256006884,2384.038539436285
55.94597969638456,-3.191929631704428,ENE,55.94609450141427,-3.1916524678446745,2591.0668256006884,2382.788539436285
55.94609450141427,-3.1916524678446745,WSW,55.94597969638456,-3.191929631704428,2591.0668256006884,2381.538539436285
55.94597969638456,-3.191929631704428,ENE,55.94609450141427,-3.1916524678446745,2591.0668256006884,2380.288539436285
55.94609450141427,-3.1916524678446745,WSW,55.94597969638456,-3.191929631704428,2591.0668256006884,2379.038539436285
55.94597969638456,-3.191929631704428,ENE,55.94609450141427,-3.1916524678446745,2591.0668256006884,2377.788539436285
