55.944425,-3.188396,SSE,55.944147836140246,-3.1882811949702905,9.3066190829183,302.4940451508596
55.944147836140246,-3.1882811949702905,SW,55.94393570410589,-3.1884933270046463,92.87542522100277,421.7580329100528
55.94393570410589,-3.1884933270046463,W,55.94393570410589,-3.1887933270046465,136.95241020553436,436.4713699173373
55.94393570410589,-3.1887933270046465,SW,55.943723572071534,-3.1890054590390022,136.95241020553436,435.2213699173373
55.943723572071534,-3.1890054590390022,SW,55.94351144003718,-3.189217591073358,136.95241020553436,433.9713699173373
55.94351144003718,-3.189217591073358,SW,55.94329930800282,-3.1894297231077138,238.64054171764934,513.6503892339281
55.94329930800282,-3.1894297231077138,WNW,55.94341411303253,-3.189706886967467,307.88134488438607,567.3836207450508
55.94341411303253,-3.189706886967467,SSW,55.943136949172775,-3.1898216919971767,336.2683571676596,639.5002768581621
55.943136949172775,-3.1898216919971767,WNW,55.943251754202485,-3.19009885585693,336.2683571676596,638.2502768581621
55.943251754202485,-3.19009885585693,WNW,55.943366559232196,-3.1903760197166835,336.2683571676596,637.0002768581621
55.943366559232196,-3.1903760197166835,WNW,55.943481364261906,-3.190653183576437,336.2683571676596,635.7502768581621
55.943481364261906,-3.190653183576437,NW,55.94369349629626,-3.1908653156107927,357.60566961654297,744.8821270250065
55.94369349629626,-3.1908653156107927,NNW,55.94397066015602,-3.190980120640502,452.80754343161357,808.6114751229649
55.94397066015602,-3.190980120640502,NNW,55.944247824015775,-3.1910949256702117,452.80754343161357,807.3614751229649
55.944247824015775,-3.1910949256702117,N,55.94454782401578,-3.1910949256702117,481.1594888101099,917.1188052406678
55.94454782401578,-3.1910949256702117,NE,55.944759956050135,-3.190882793635856,481.1594888101099,915.8688052406678
55.944759956050135,-3.190882793635856,NNE,55.94503711990989,-3.1907679886061464,525.2703571887273,974.5912624926392
55.94503711990989,-3.1907679886061464,NNW,55.94531428376965,-3.190882793635856,525.2703571887273,973.3412624926392
55.94531428376965,-3.190882793635856,NNW,55.945591447629404,-3.1909975986655654,615.8720815896634,1089.5717199771977
55.945591447629404,-3.1909975986655654,NNE,55.94586861148916,-3.190882793635856,675.8278260994288,1104.3510990358
55.94586861148916,-3.190882793635856,E,55.94586861148916,-3.1905827936358557,675.8278260994288,1103.1010990358
55.94586861148916,-3.1905827936358557,E,55.94586861148916,-3.1902827936358555,699.036553757789,1203.2812593282856
55.94586861148916,-3.1902827936358555,ENE,55.94598341651887,-3.190005629776102,699.036553757789,1202.0312593282856
55.94598341651887,-3.190005629776102,ENE,55.94609822154858,-3.1897284659163487,707.2322711867924,1278.8663552142025
55.94609822154858,-3.1897284659163487,SSW,55.945821057688825,-3.1898432709460582,707.2322711867924,1277.6163552142025
55.945821057688825,-3.1898432709460582,SSW,55.94554389382907,-3.1899580759757677,707.2322711867924,1276.3663552142025
55.94554389382907,-3.1899580759757677,SSW,55.94526672996931,-3.1900728810054773,707.2322711867924,1275.1163552142025
55.94526672996931,-3.1900728810054773,SSW,55.944989566109555,-3.1901876860351868,707.2322711867924,1273.8663552142025
55.944989566109555,-3.1901876860351868,S,55.94468956610955,-3.1901876860351868,736.2623813924463,1363.7232538271094
55.94468956610955,-3.1901876860351868,ESE,55.94457476107984,-3.1899105221754334,809.6056036605871,1449.170930812447
55.94457476107984,-3.1899105221754334,E,55.94457476107984,-3.189610522175433,809.6056036605871,1447.920930812447
55.94457476107984,-3.189610522175433,ENE,55.94468956610955,-3.1893333583156798,809.6056036605871,1446.670930812447
55.94468956610955,-3.1893333583156798,NE,55.94490169814391,-3.189121226281324,809.6056036605871,1445.420930812447
55.94490169814391,-3.189121226281324,NE,55.945113830178265,-3.1889090942469682,809.6056036605871,1444.170930812447
55.945113830178265,-3.1889090942469682,ENE,55.945228635207975,-3.188631930387215,809.6056036605871,1442.920930812447
55.945228635207975,-3.188631930387215,NE,55.94544076724233,-3.188419798352859,809.6056036605871,1441.670930812447
55.94544076724233,-3.188419798352859,ENE,55.94555557227204,-3.1881426344931056,857.8051238724696,1551.9849549685155
55.94555557227204,-3.1881426344931056,SSE,55.945278408412285,-3.188027829463396,857.8051238724696,1550.7349549685155
55.945278408412285,-3.188027829463396,SE,55.94506627637793,-3.1878156974290404,857.8051238724696,1549.4849549685155
55.94506627637793,-3.1878156974290404,SSE,55.94478911251817,-3.187700892399331,955.5029361062402,1653.4724381906312
55.94478911251817,-3.187700892399331,ENE,55.94490391754788,-3.1874237285395774,971.445789603147,1685.756309547272
55.94490391754788,-3.1874237285395774,NE,55.94511604958224,-3.1872115965052217,1069.2653552324334,1800.8953463596295
55.94511604958224,-3.1872115965052217,NNE,55.945393213441996,-3.187096791475512,1069.2653552324334,1799.6453463596295
55.945393213441996,-3.187096791475512,NE,55.94560534547635,-3.1868846594411564,1155.200806763657,1813.3074217566243
55.94560534547635,-3.1868846594411564,WSW,55.94549054044664,-3.18716182330091,1155.200806763657,1812.0574217566243
55.94549054044664,-3.18716182330091,E,55.94549054044664,-3.1868618233009096,1276.352307622302,1904.7827887562842
55.94549054044664,-3.1868618233009096,SSE,55.945213376586885,-3.1867470182712,1276.352307622302,1903.5327887562842
55.945213376586885,-3.1867470182712,S,55.94491337658688,-3.1867470182712,1276.352307622302,1902.2827887562842
55.94491337658688,-3.1867470182712,SSE,55.944636212727126,-3.1866322132414906,1276.352307622302,1901.0327887562842
55.944636212727126,-3.1866322132414906,S,55.94433621272712,-3.1866322132414906,1380.4380948195062,2018.2191234134366
55.94433621272712,-3.1866322132414906,ESE,55.94422140769741,-3.186355049381737,1380.4380948195062,2016.9691234134366
55.94422140769741,-3.186355049381737,ESE,55.9441066026677,-3.186077885521984,1380.4380948195062,2015.7191234134366
55.9441066026677,-3.186077885521984,ESE,55.94399179763799,-3.1858007216622304,1415.1235730204053,2116.944800345557
55.94399179763799,-3.1858007216622304,ENE,55.9441066026677,-3.185523557802477,1415.1235730204053,2115.694800345557
55.9441066026677,-3.185523557802477,E,55.9441066026677,-3.185223557802477,1517.135667843382,2152.6174494408374
55.9441066026677,-3.185223557802477,ENE,55.94422140769741,-3.1849463939427234,1517.135667843382,2151.3674494408374
55.94422140769741,-3.1849463939427234,NE,55.94443353973177,-3.1847342619083676,1606.8673804900423,2234.109995739287
55.94443353973177,-3.1847342619083676,SSW,55.94415637587201,-3.184849066938077,1606.8673804900423,2232.859995739287
55.94415637587201,-3.184849066938077,S,55.94385637587201,-3.184849066938077,1606.8673804900423,2231.609995739287
55.94385637587201,-3.184849066938077,SSW,55.94357921201225,-3.1849638719677866,1706.0364877847219,2352.48770404719
55.94357921201225,-3.1849638719677866,SE,55.9433670799779,-3.184751739933431,1797.9833445235515,2469.895637338948
55.9433670799779,-3.184751739933431,ESE,55.943252274948186,-3.1844745760736775,1801.4171152776905,2586.8440919258433
55.943252274948186,-3.1844745760736775,WSW,55.943137469918476,-3.184751739933431,1801.4171152776905,2585.5940919258433
55.943137469918476,-3.184751739933431,WSW,55.943022664888765,-3.1850289037931843,1801.4171152776905,2584.3440919258433
55.943022664888765,-3.1850289037931843,W,55.943022664888765,-3.1853289037931845,1801.4171152776905,2583.0940919258433
55.943022664888765,-3.1853289037931845,WSW,55.942907859859055,-3.185606067652938,1801.4171152776905,2581.8440919258433
55.942907859859055,-3.185606067652938,W,55.942907859859055,-3.185906067652938,1801.4171152776905,2580.5940919258433
55.942907859859055,-3.185906067652938,WSW,55.942793054829345,-3.1861832315126914,1801.4171152776905,2579.3440919258433
55.942793054829345,-3.1861832315126914,W,55.942793054829345,-3.1864832315126916,1899.2848919917337,2585.2443692663783
55.942793054829345,-3.1864832315126916,W,55.942793054829345,-3.186783231512692,1899.2848919917337,2583.9943692663783
55.942793054829345,-3.186783231512692,NE,55.9430051868637,-3.186571099478336,1899.2848919917337,2582.7443692663783
55.9430051868637,-3.186571099478336,NW,55.94321731889806,-3.186783231512692,1899.2848919917337,2581.4943692663783
55.94321731889806,-3.186783231512692,NNW,55.943494482757814,-3.1868980365424013,1899.2848919917337,2580.2443692663783
55.943494482757814,-3.1868980365424013,WNW,55.943609287787524,-3.1871752004021547,1899.2848919917337,2578.9943692663783
55.943609287787524,-3.1871752004021547,WNW,55.943724092817234,-3.187452364261908,1899.2848919917337,2577.7443692663783
55.943724092817234,-3.187452364261908,WNW,55.943838897846945,-3.1877295281216615,1980.159885636653,2630.4443095888464
55.943838897846945,-3.1877295281216615,ENE,55.943953702876655,-3.187452364261908,1980.159885636653,2629.1943095888464
55.943953702876655,-3.187452364261908,ENE,55.944068507906366,-3.1871752004021547,1980.159885636653,2627.9443095888464
55.944068507906366,-3.1871752004021547,ENE,55.944183312936076,-3.1868980365424013,1980.159885636653,2626.6943095888464
55.944183312936076,-3.1868980365424013,ENE,55.944298117965786,-3.186620872682648,1980.159885636653,2625.4443095888464
55.944298117965786,-3.186620872682648,NE,55.94451025000014,-3.186408740648292,1980.159885636653,2624.1943095888464
55.94451025000014,-3.186408740648292,ENE,55.94462505502985,-3.1861315767885388,1980.159885636653,2622.9443095888464
55.94462505502985,-3.1861315767885388,NE,55.94483718706421,-3.185919444754183,1980.159885636653,2621.6943095888464
55.94483718706421,-3.185919444754183,ENE,55.94495199209392,-3.1856422808944296,1980.159885636653,2620.4443095888464
55.94495199209392,-3.1856422808944296,SW,55.94473986005956,-3.1858544129287854,1980.159885636653,2619.1943095888464
55.94473986005956,-3.1858544129287854,NNE,55.94501702391932,-3.185739607899076,1980.159885636653,2617.9443095888464
55.94501702391932,-3.185739607899076,ENE,55.94513182894903,-3.1854624440393224,1980.159885636653,2616.6943095888464
55.94513182894903,-3.1854624440393224,NE,55.94534396098339,-3.1852503120049667,1980.159885636653,2615.4443095888464
55.94534396098339,-3.1852503120049667,ENE,55.9454587660131,-3.1849731481452133,1980.159885636653,2614.1943095888464
55.9454587660131,-3.1849731481452133,NE,55.94567089804745,-3.1847610161108575,1983.9070192112877,2618.429557864713
55.94567089804745,-3.1847610161108575,WSW,55.94555609301774,-3.185038179970611,1983.9070192112877,2617.179557864713
55.94555609301774,-3.185038179970611,WSW,55.94544128798803,-3.1853153438303643,1983.9070192112877,2615.929557864713
55.94544128798803,-3.1853153438303643,WSW,55.94532648295832,-3.1855925076901177,1983.9070192112877,2614.679557864713
55.94532648295832,-3.1855925076901177,WSW,55.94521167792861,-3.185869671549871,1983.9070192112877,2613.429557864713
55.94521167792861,-3.185869671549871,WSW,55.9450968728989,-3.1861468354096245,1983.9070192112877,2612.179557864713
55.9450968728989,-3.1861468354096245,WSW,55.94498206786919,-3.186423999269378,1983.9070192112877,2610.929557864713
55.94498206786919,-3.186423999269378,WSW,55.94486726283948,-3.1867011631291313,1983.9070192112877,2609.679557864713
55.94486726283948,-3.1867011631291313,WSW,55.94475245780977,-3.1869783269888847,1983.9070192112877,2608.429557864713
55.94475245780977,-3.1869783269888847,SE,55.944540325775414,-3.186766194954529,1983.9070192112877,2607.179557864713
55.944540325775414,-3.186766194954529,W,55.944540325775414,-3.187066194954529,1983.9070192112877,2605.929557864713
55.944540325775414,-3.187066194954529,S,55.94424032577541,-3.187066194954529,1983.9070192112877,2604.679557864713
55.94424032577541,-3.187066194954529,WSW,55.9441255207457,-3.1873433588142825,1983.9070192112877,2603.429557864713
55.9441255207457,-3.1873433588142825,W,55.9441255207457,-3.1876433588142827,1983.9070192112877,2602.179557864713
55.9441255207457,-3.1876433588142827,W,55.9441255207457,-3.187943358814283,1983.9070192112877,2600.929557864713
55.9441255207457,-3.187943358814283,W,55.9441255207457,-3.188243358814283,1983.9070192112877,2599.679557864713
55.9441255207457,-3.188243358814283,W,55.9441255207457,-3.1885433588142833,1983.9070192112877,2598.429557864713
55.9441255207457,-3.1885433588142833,N,55.9444255207457,-3.1885433588142833,1983.9070192112877,2597.179557864713
55.9444255207457,-3.1885433588142833,WSW,55.94431071571599,-3.1888205226740367,1983.9070192112877,2595.929557864713
55.94431071571599,-3.1888205226740367,W,55.94431071571599,-3.189120522674037,1983.9070192112877,2594.679557864713
55.94431071571599,-3.189120522674037,W,55.94431071571599,-3.189420522674037,1983.9070192112877,2593.429557864713
55.94431071571599,-3.189420522674037,W,55.94431071571599,-3.1897205226740373,1983.9070192112877,2592.179557864713
55.94431071571599,-3.1897205226740373,WSW,55.94419591068628,-3.1899976865337907,1983.9070192112877,2590.929557864713
55.94419591068628,-3.1899976865337907,W,55.94419591068628,-3.190297686533791,1983.9070192112877,2589.679557864713
55.94419591068628,-3.190297686533791,WSW,55.94408110565657,-3.1905748503935443,1983.9070192112877,2588.429557864713
55.94408110565657,-3.1905748503935443,NE,55.94429323769093,-3.1903627183591885,1983.9070192112877,2587.179557864713
55.94429323769093,-3.1903627183591885,N,55.94459323769093,-3.1903627183591885,1983.9070192112877,2585.929557864713
55.94459323769093,-3.1903627183591885,WNW,55.94470804272064,-3.190639882218942,1983.9070192112877,2584.679557864713
55.94470804272064,-3.190639882218942,WNW,55.94482284775035,-3.1909170460786953,1983.9070192112877,2583.429557864713
55.94482284775035,-3.1909170460786953,W,55.94482284775035,-3.1912170460786955,1983.9070192112877,2582.179557864713
55.94482284775035,-3.1912170460786955,WNW,55.94493765278006,-3.191494209938449,1983.9070192112877,2580.929557864713
55.94493765278006,-3.191494209938449,W,55.94493765278006,-3.191794209938449,1983.9070192112877,2579.679557864713
55.94493765278006,-3.191794209938449,WNW,55.94505245780977,-3.1920713737982025,1983.9070192112877,2578.429557864713
55.94505245780977,-3.1920713737982025,W,55.94505245780977,-3.1923713737982027,2082.923919960149,2617.9608030132717
55.94505245780977,-3.1923713737982027,SSE,55.944775293950016,-3.192256568768493,2103.510645388014,2650.703666242488
55.944775293950016,-3.192256568768493,N,55.94507529395002,-3.192256568768493,2103.510645388014,2649.453666242488
55.94507529395002,-3.192256568768493,SSW,55.94479813009026,-3.1923713737982027,2218.142580915937,2693.615521918275
55.94479813009026,-3.1923713737982027,SSE,55.944520966230506,-3.192256568768493,2218.142580915937,2692.365521918275
55.944520966230506,-3.192256568768493,SSE,55.94424380237075,-3.1921417637387837,2218.142580915937,2691.115521918275
55.94424380237075,-3.1921417637387837,SSE,55.94396663851099,-3.192026958709074,2282.6833085078315,2783.0876026486576
55.94396663851099,-3.192026958709074,NNW,55.94424380237075,-3.1921417637387837,2282.6833085078315,2781.8376026486576
55.94424380237075,-3.1921417637387837,SSE,55.94396663851099,-3.192026958709074,2282.6833085078315,2780.5876026486576
55.94396663851099,-3.192026958709074,NNW,55.94424380237075,-3.1921417637387837,2282.6833085078315,2779.3376026486576
55.94424380237075,-3.1921417637387837,SSE,55.94396663851099,-3.192026958709074,2282.6833085078315,2778.0876026486576
55.94396663851099,-3.192026958709074,NNW,55.94424380237075,-3.1921417637387837,2282.6833085078315,2776.8376026486576
55.94424380237075,-3.1921417637387837,SSE,55.94396663851099,-3.192026958709074,2282.6833085078315,2775.5876026486576
55.94396663851099,-3.192026958709074,NNW,55.94424380237075,-3.1921417637387837,2282.6833085078315,2774.3376026486576
55.94424380237075,-3.1921417637387837,SSE,55.94396663851099,-3.192026958709074,2282.6833085078315,2773.0876026486576
55.94396663851099,-3.192026958709074,NNW,55.94424380237075,-3.1921417637387837,2282.6833085078315,2771.8376026486576
55.94424380237075,-3.1921417637387837,SSE,55.94396663851099,-3.192026958709074,2282.6833085078315,2770.5876026486576
55.94396663851099,-3.192026958709074,NNW,55.94424380237075,-3.1921417637387837,2282.6833085078315,2769.3376026486576
55.94424380237075,-3.1921417637387837,SSE,55.94396663851099,-3.192026958709074,2282.6833085078315,2768.0876026486576
55.94396663851099,-3.192026958709074,NNW,55.94424380237075,-3.1921417637387837,2282.6833085078315,2766.8376026486576
55.94424380237075,-3.1921417637387837,SSE,55.94396663851099,-3.192026958709074,2282.6833085078315,2765.5876026486576
55.94396663851099,-3.192026958709074,NNW,55.94424380237075,-3.1921417637387837,2282.6833085078315,2764.3376026486576
55.94424380237075,-3.1921417637387837,SSE,55.94396663851099,-3.192026958709074,2282.6833085078315,2763.0876026486576
55.94396663851099,-3.192026958709074,NNW,55.94424380237075,-3.1921417637387837,2282.6833085078315,2761.8376026486576
55.94424380237075,-3.1921417637387837,SSE,55.94396663851099,-3.192026958709074,2282.6833085078315,2760.5876026486576
55.94396663851099,-3.192026958709074,NNW,55.94424380237075,-3.1921417637387837,2282.6833085078315,2759.3376026486576
55.94424380237075,-3.1921417637387837,SSE,55.94396663851099,-3.192026958709074,2282.6833085078315,2758.0876026486576
55.94396663851099,-3.192026958709074,NNW,55.94424380237075,-3.1921417637387837,2282.6833085078315,2756.8376026486576
55.94424380237075,-3.1921417637387837,SSE,55.94396663851099,-3.192026958709074,2282.6833085078315,2755.5876026486576
55.94396663851099,-3.192026958709074,NNW,55.94424380237075,-3.1921417637387837,2282.6833085078315,2754.3376026486576
55.94424380237075,-3.1921417637387837,SSE,55.94396663851099,-3.192026958709074,2282.6833085078315,2753.0876026486576
55.94396663851099,-3.192026958709074,NNW,55.94424380237075,-3.1921417637387837,2282.6833085078315,2751.8376026486576
55.94424380237075,-3.1921417637387837,SSE,55.94396663851099,-3.192026958709074,2282.6833085078315,2750.5876026486576
55.94396663851099,-3.192026958709074,NNW,55.94424380237075,-3.1921417637387837,2282.6833085078315,2749.3376026486576
55.94424380237075,-3.1921417637387837,SSE,55.94396663851099,-3.192026958709074,2282.6833085078315,2748.0876026486576
55.94396663851099,-3.192026958709074,NNW,55.94424380237075,-3.1921417637387837,2282.6833085078315,2746.8376026486576
55.94424380237075,-3.1921417637387837,SSE,55.94396663851099,-3.192026958709074,2282.6833085078315,2745.5876026486576
55.94396663851099,-3.192026958709074,NNW,55.94424380237075,-3.1921417637387837,2282.6833085078315,2744.3376026486576
55.94424380237075,-3.1921417637387837,SSE,55.94396663851099,-3.192026958709074,2282.6833085078315,2743.0876026486576
55.94396663851099,-3.192026958709074,NNW,55.94424380237075,-3.1921417637387837,2282.6833085078315,2741.8376026486576
55.94424380237075,-3.1921417637387837,SSE,55.94396663851099,-3.192026958709074,2282.6833085078315,2740.5876026486576
55.94396663851099,-3.192026958709074,NNW,55.94424380237075,-3.1921417637387837,2282.6833085078315,2739.3376026486576
55.94424380237075,-3.1921417637387837,SSE,55.94396663851099,-3.192026958709074,2282.6833085078315,2738.0876026486576
55.94396663851099,-3.192026958709074,NNW,55.94424380237075,-3.1921417637387837,2282.6833085078315,2736.8376026486576
55.94424380237075,-3.1921417637387837,SSE,55.94396663851099,-3.192026958709074,2282.6833085078315,2735.5876026486576
55.94396663851099,-3.192026958709074,NNW,55.94424380237075,-3.1921417637387837,2282.6833085078315,2734.3376026486576
55.94424380237075,-3.1921417637387837,SSE,55.94396663851099,-3.192026958709074,2282.6833085078315,2733.0876026486576
55.94396663851099,-3.192026958709074,NNW,55.94424380237075,-3.1921417637387837,2282.6833085078315,2731.8376026486576
55.94424380237075,-3.1921417637387837,SSE,55.94396663851099,-3.192026958709074,2282.6833085078315,2730.5876026486576
55.94396663851099,-3.192026958709074,NNW,55.94424380237075,-3.1921417637387837,2282.6833085078315,2729.3376026486576
55.94424380237075,-3.1921417637387837,SSE,55.94396663851099,-3.192026958709074,2282.6833085078315,2728.0876026486576
55.94396663851099,-3.192026958709074,NNW,55.94424380237075,-3.1921417637387837,2282.6833085078315,2726.8376026486576
55.94424380237075,-3.1921417637387837,SSE,55.94396663851099,-3.192026958709074,2282.6833085078315,2725.5876026486576
55.94396663851099,-3.192026958709074,NNW,55.94424380237075,-3.1921417637387837,2282.6833085078315,2724.3376026486576
55.94424380237075,-3.1921417637387837,SSE,55.94396663851099,-3.192026958709074,2282.6833085078315,2723.0876026486576
55.94396663851099,-3.192026958709074,NNW,55.94424380237075,-3.1921417637387837,2282.6833085078315,2721.8376026486576
55.94424380237075,-3.1921417637387837,SSE,55.94396663851099,-3.192026958709074,2282.6833085078315,2720.5876026486576
55.94396663851099,-3.192026958709074,NNW,55.94424380237075,-3.1921417637387837,2282.6833085078315,2719.3376026486576
55.94424380237075,-3.1921417637387837,SSE,55.94396663851099,-3.192026958709074,2282.6833085078315,2718.0876026486576
55.94396663851099,-3.192026958709074,NNW,55.94424380237075,-3.1921417637387837,2282.6833085078315,2716.8376026486576
55.94424380237075,-3.1921417637387837,SSE,55.94396663851099,-3.192026958709074,2282.6833085078315,2715.5876026486576
55.94396663851099,-3.192026958709074,NNW,55.94424380237075,-3.1921417637387837,2282.6833085078315,2714.3376026486576
55.94424380237075,-3.1921417637387837,SSE,55.94396663851099,-3.192026958709074,2282.6833085078315,2713.0876026486576
55.94396663851099,-3.192026958709074,NNW,55.94424380237075,-3.1921417637387837,2282.6833085078315,2711.8376026486576
55.94424380237075,-3.1921417637387837,SSE,55.94396663851099,-3.192026958709074,2282.6833085078315,2710.5876026486576
55.94396663851099,-3.192026958709074,NNW,55.94424380237075,-3.1921417637387837,2282.6833085078315,2709.3376026486576
55.94424380237075,-3.1921417637387837,SSE,55.94396663851099,-3.192026958709074,2282.6833085078315,2708.0876026486576
55.94396663851099,-3.192026958709074,NNW,55.94424380237075,-3.1921417637387837,2282.6833085078315,2706.8376026486576
55.94424380237075,-3.1921417637387837,SSE,55.94396663851099,-3.192026958709074,2282.6833085078315,2705.5876026486576
55.94396663851099,-3.192026958709074,NNW,55.94424380237075,-3.1921417637387837,2282.6833085078315,2704.3376026486576
55.94424380237075,-3.1921417637387837,SSE,55.94396663851099,-3.192026958709074,2282.6833085078315,2703.0876026486576
55.94396663851099,-3.192026958709074,NNW,55.94424380237075,-3.1921417637387837,2282.6833085078315,2701.8376026486576
55.94424380237075,-3.1921417637387837,SSE,55.94396663851099,-3.192026958709074,2282.6833085078315,2700.5876026486576
55.94396663851099,-3.192026958709074,NNW,55.94424380237075,-3.1921417637387837,2282.6833085078315,2699.3376026486576
55.94424380237075,-3.1921417637387837,SSE,55.94396663851099,-3.192026958709074,2282.6833085078315,2698.0876026486576
55.94396663851099,-3.192026958709074,NNW,55.94424380237075,-3.1921417637387837,2282.6833085078315,2696.8376026486576
55.94424380237075,-3.1921417637387837,SSE,55.94396663851099,-3.192026958709074,2282.6833085078315,2695.5876026486576
55.94396663851099,-3.192026958709074,NNW,55.94424380237075,-3.1921417637387837,2282.6833085078315,2694.3376026486576
55.94424380237075,-3.1921417637387837,SSE,55.94396663851099,-3.192026958709074,2282.6833085078315,2693.0876026486576
55.94396663851099,-3.192026958709074,NNW,55.94424380237075,-3.1921417637387837,2282.6833085078315,2691.8376026486576
55.94424380237075,-3.1921417637387837,SSE,55.94396663851099,-3.192026958709074,2282.6833085078315,2690.5876026486576
55.94396663851099,-3.192026958709074,NNW,55.94424380237075,-3.1921417637387837,2282.6833085078315,2689.3376026486576
55.94424380237075,-3.1921417637387837,SSE,55.94396663851099,-3.192026958709074,2282.6833085078315,2688.0876026486576
55.94396663851099,-3.192026958709074,NNW,55.94424380237075,-3.1921417637387837,2282.6833085078315,2686.8376026486576
55.94424380237075,-3.1921417637387837,SSE,55.94396663851099,-3.192026958709074,2282.6833085078315,2685.5876026486576
55.94396663851099,-3.192026958709074,NNW,55.94424380237075,-3.1921417637387837,2282.6833085078315,2684.3376026486576
55.94424380237075,-3.1921417637387837,SSE,55.94396663851099,-3.192026958709074,2282.6833085078315,2683.0876026486576
55.94396663851099,-3.192026958709074,NNW,55.94424380237075,-3.1921417637387837,2282.6833085078315,2681.8376026486576
55.94424380237075,-3.1921417637387837,SSE,55.94396663851099,-3.192026958709074,2282.6833085078315,2680.5876026486576
55.94396663851099,-3.192026958709074,NNW,55.94424380237075,-3.1921417637387837,2282.6833085078315,2679.3376026486576
55.94424380237075,-3.1921417637387837,SSE,55.94396663851099,-3.192026958709074,2282.6833085078315,2678.0876026486576
55.94396663851099,-3.192026958709074,NNW,55.94424380237075,-3.1921417637387837,2282.6833085078315,2676.8376026486576
55.94424380237075,-3.1921417637387837,SSE,55.94396663851099,-3.192026958709074,2282.6833085078315,2675.5876026486576
55.94396663851099,-3.192026958709074,NNW,55.94424380237075,-3.1921417637387837,2282.6833085078315,2674.3376026486576
55.94424380237075,-3.1921417637387837,SSE,55.94396663851099,-3.192026958709074,2282.6833085078315,2673.0876026486576
55.94396663851099,-3.192026958709074,NNW,55.94424380237075,-3.1921417637387837,2282.6833085078315,2671.8376026486576
55.94424380237075,-3.1921417637387837,SSE,55.94396663851099,-3.192026958709074,2282.6833085078315,2670.5876026486576
55.94396663851099,-3.192026958709074,NNW,55.94424380237075,-3.1921417637387837,2282.6833085078315,2669.3376026486576
55.94424380237075,-3.1921417637387837,SSE,55.94396663851099,-3.192026958709074,2282.6833085078315,2668.0876026486576
55.94396663851099,-3.192026958709074,NNW,55.94424380237075,-3.1921417637387837,2282.6833085078315,2666.8376026486576
55.94424380237075,-3.1921417637387837,SSE,55.94396663851099,-3.192026958709074,2282.6833085078315,2665.5876026486576
55.94396663851099,-3.192026958709074,NNW,55.94424380237075,-3.1921417637387837,2282.6833085078315,2664.3376026486576
55.94424380237075,-3.1921417637387837,SSE,55.94396663851099,-3.192026958709074,2282.6833085078315,2663.0876026486576
55.94396663851099,-3.192026958709074,NNW,55.94424380237075,-3.1921417637387837,2282.6833085078315,2661.8376026486576
55.94424380237075,-3.1921417637387837,SSE,55.94396663851099,-3.192026958709074,2282.6833085078315,2660.5876026486576
55.94396663851099,-3.192026958709074,NNW,55.94424380237075,-3.1921417637387837,2282.6833085078315,2659.3376026486576
55.94424380237075,-3.1921417637387837,SSE,55.94396663851099,-3.192026958709074,2282.6833085078315,2658.0876026486576
55.94396663851099,-3.192026958709074,NNW,55.94424380237075,-3.1921417637387837,2282.6833085078315,2656.8376026486576
55.94424380237075,-3.1921417637387837,SSE,55.94396663851099,-3.192026958709074,2282.6833085078315,2655.5876026486576
55.94396663851099,-3.192026958709074,NNW,55.94424380237075,-3.1921417637387837,2282.6833085078315,2654.3376026486576
55.94424380237075,-3.1921417637387837,SSE,55.94396663851099,-3.192026958709074,2282.6833085078315,2653.0876026486576
55.94396663851099,-3.192026958709074,NNW,55.94424380237075,-3.1921417637387837,2282.6833085078315,2651.8376026486576
55.94424380237075,-3.1921417637387837,SSE,55.94396663851099,-3.192026958709074,2282.6833085078315,2650.5876026486576
55.94396663851099,-3.192026958709074,NNW,55.94424380237075,-3.1921417637387837,2282.6833085078315,2649.3376026486576
55.94424380237075,-3.1921417637387837,SSE,55.94396663851099,-3.192026958709074,2282.6833085078315,2648.0876026486576
55.94396663851099,-3.192026958709074,NNW,55.94424380237075,-3.1921417637387837,2282.6833085078315,2646.8376026486576
55.94424380237075,-3.1921417637387837,SSE,55.94396663851099,-3.192026958709074,2282.6833085078315,2645.5876026486576
55.94396663851099,-3.192026958709074,NNW,55.94424380237075,-3.1921417637387837,2282.6833085078315,2644.3376026486576
55.94424380237075,-3.1921417637387837,SSE,55.94396663851099,-3.192026958709074,2282.6833085078315,2643.0876026486576
55.94396663851099,-3.192026958709074,NNW,55.94424380237075,-3.1921417637387837,2282.6833085078315,2641.8376026486576
55.94424380237075,-3.1921417637387837,SSE,55.94396663851099,-3.192026958709074,2282.6833085078315,2640.5876026486576
55.94396663851099,-3.192026958709074,NNW,55.94424380237075,-3.1921417637387837,2282.6833085078315,2639.3376026486576
55.94424380237075,-3.1921417637387837,SSE,55.94396663851099,-3.192026958709074,2282.6833085078315,2638.0876026486576
55.94396663851099,-3.192026958709074,NNW,55.94424380237075,-3.1921417637387837,2282.6833085078315,2636.8376026486576
55.94424380237075,-3.1921417637387837,SSE,55.94396663851099,-3.192026958709074,2282.6833085078315,2635.5876026486576
55.94396663851099,-3.192026958709074,NNW,55.94424380237075,-3.1921417637387837,2282.6833085078315,2634.3376026486576
55.94424380237075,-3.1921417637387837,SSE,55.94396663851099,-3.192026958709074,2282.6833085078315,2633.0876026486576
55.94396663851099,-3.192026958709074,NNW,55.94424380237075,-3.1921417637387837,2282.6833085078315,2631.8376026486576
