55.944425,-3.188396,WSW,55.94431019497029,-3.1886731638597534,61.21993360327997,300.11883694530025
55.94431019497029,-3.1886731638597534,NE,55.94452232700465,-3.1884610318253976,61.21993360327997,298.86883694530025
55.94452232700465,-3.1884610318253976,NE,55.944734459039005,-3.188248899791042,61.21993360327997,297.61883694530025
55.944734459039005,-3.188248899791042,NE,55.94494659107336,-3.188036767756686,67.25727124266844,392.3466787341338
55.94494659107336,-3.188036767756686,E,55.94494659107336,-3.187736767756686,91.28357208584703,410.1588688977478
55.94494659107336,-3.187736767756686,S,55.94464659107336,-3.187736767756686,91.28357208584703,408.9088688977478
55.94464659107336,-3.187736767756686,S,55.944346591073355,-3.187736767756686,91.28357208584703,407.6588688977478
55.944346591073355,-3.187736767756686,S,55.94404659107335,-3.187736767756686,118.11667055406619,422.54851945277983
55.94404659107335,-3.187736767756686,ENE,55.94416139610306,-3.1874596038969325,118.11667055406619,421.29851945277983
55.94416139610306,-3.1874596038969325,ENE,55.94427620113277,-3.187182440037179,118.11667055406619,420.04851945277983
55.94427620113277,-3.187182440037179,ENE,55.94439100616248,-3.1869052761774257,118.11667055406619,418.79851945277983
55.94439100616248,-3.1869052761774257,NE,55.94460313819684,-3.18669314414307,214.51216495087084,461.16275532731436
55.94460313819684,-3.18669314414307,NNE,55.944880302056596,-3.1865783391133604,278.0019351877622,468.3411406172364
55.944880302056596,-3.1865783391133604,NE,55.94509243409095,-3.1863662070790046,278.0019351877622,467.0911406172364
55.94509243409095,-3.1863662070790046,NE,55.94530456612531,-3.186154075044649,278.0019351877622,465.8411406172364
55.94530456612531,-3.186154075044649,NE,55.945516698159665,-3.185941943010293,350.9027962507894,505.13317651334404
55.945516698159665,-3.185941943010293,NNW,55.94579386201942,-3.1860567480400026,350.9027962507894,503.88317651334404
55.94579386201942,-3.1860567480400026,NNW,55.94607102587918,-3.186171553069712,473.6309354177043,585.40431376984
55.94607102587918,-3.186171553069712,ENE,55.94618583090889,-3.1858943892099587,512.3524458338663,696.3947685496745
55.94618583090889,-3.1858943892099587,W,55.94618583090889,-3.186194389209959,512.3524458338663,695.1447685496745
55.94618583090889,-3.186194389209959,W,55.94618583090889,-3.186494389209959,512.3524458338663,693.8947685496745
55.94618583090889,-3.186494389209959,W,55.94618583090889,-3.1867943892099593,512.3524458338663,692.6447685496745
55.94618583090889,-3.1867943892099593,WSW,55.94607102587918,-3.1870715530697127,512.3524458338663,691.3947685496745
55.94607102587918,-3.1870715530697127,W,55.94607102587918,-3.187371553069713,605.4762981834182,705.6525116806288
55.94607102587918,-3.187371553069713,W,55.94607102587918,-3.187671553069713,605.4762981834182,704.4025116806288
55.94607102587918,-3.187671553069713,W,55.94607102587918,-3.1879715530697132,605.4762981834182,703.1525116806288
55.94607102587918,-3.1879715530697132,W,55.94607102587918,-3.1882715530697134,605.4762981834182,701.9025116806288
55.94607102587918,-3.1882715530697134,WNW,55.94618583090889,-3.188548716929467,680.4361645803688,771.0928564736682
55.94618583090889,-3.188548716929467,WSW,55.94607102587918,-3.1888258807892202,680.4361645803688,769.8428564736682
55.94607102587918,-3.1888258807892202,SW,55.94585889384482,-3.189038012823576,680.4361645803688,768.5928564736682
55.94585889384482,-3.189038012823576,W,55.94585889384482,-3.189338012823576,682.7079889546598,815.8331038593566
55.94585889384482,-3.189338012823576,W,55.94585889384482,-3.1896380128235764,682.7079889546598,814.5831038593566
55.94585889384482,-3.1896380128235764,W,55.94585889384482,-3.1899380128235766,775.0742143111897,819.9245324072153
55.94585889384482,-3.1899380128235766,W,55.94585889384482,-3.1902380128235768,824.4696190561185,854.6463109429197
55.94585889384482,-3.1902380128235768,W,55.94585889384482,-3.190538012823577,824.4696190561185,853.3963109429197
55.94585889384482,-3.190538012823577,W,55.94585889384482,-3.190838012823577,824.4696190561185,852.1463109429197
55.94585889384482,-3.190838012823577,W,55.94585889384482,-3.1911380128235773,824.4696190561185,850.8963109429197
55.94585889384482,-3.1911380128235773,W,55.94585889384482,-3.1914380128235775,880.1571167362382,926.1542333230805
55.94585889384482,-3.1914380128235775,SSW,55.945581729985065,-3.191552817853287,949.4472716808291,1035.8687884560636
55.945581729985065,-3.191552817853287,S,55.94528172998506,-3.191552817853287,949.4472716808291,1034.6187884560636
55.94528172998506,-3.191552817853287,SE,55.945069597950706,-3.1913406858189313,949.4472716808291,1033.3687884560636
55.945069597950706,-3.1913406858189313,SE,55.94485746591635,-3.1911285537845755,949.4472716808291,1032.1187884560636
55.94485746591635,-3.1911285537845755,SE,55.944645333881994,-3.1909164217502197,949.4472716808291,1030.8687884560636
55.944645333881994,-3.1909164217502197,SE,55.94443320184764,-3.190704289715864,958.5195089106869,1110.680302061092
55.94443320184764,-3.190704289715864,SE,55.94422106981328,-3.190492157681508,958.5195089106869,1109.430302061092
55.94422106981328,-3.190492157681508,SE,55.944008937778925,-3.1902800256471524,958.5195089106869,1108.180302061092
55.944008937778925,-3.1902800256471524,ESE,55.943894132749215,-3.190002861787399,1033.6712722215239,1130.7564791558168
55.943894132749215,-3.190002861787399,S,55.94359413274921,-3.190002861787399,1039.5607665285872,1194.420393748139
55.94359413274921,-3.190002861787399,ESE,55.9434793277195,-3.1897256979276456,1039.5607665285872,1193.170393748139
55.9434793277195,-3.1897256979276456,E,55.9434793277195,-3.1894256979276454,1147.4594739170693,1216.5436773904385
55.9434793277195,-3.1894256979276454,NNE,55.94375649157926,-3.189310892897936,1209.4928198344214,1295.776676259628
55.94375649157926,-3.189310892897936,E,55.94375649157926,-3.1890108928979357,1209.4928198344214,1294.526676259628
55.94375649157926,-3.1890108928979357,SE,55.9435443595449,-3.18879876086358,1209.4928198344214,1293.276676259628
55.9435443595449,-3.18879876086358,SSW,55.943267195685145,-3.1889135658932894,1305.6045173677844,1378.704452827259
55.943267195685145,-3.1889135658932894,SE,55.94305506365079,-3.1887014338589337,1343.0607790836632,1461.4620438817446
55.94305506365079,-3.1887014338589337,W,55.94305506365079,-3.189001433858934,1343.0607790836632,1460.2120438817446
55.94305506365079,-3.189001433858934,WNW,55.9431698686805,-3.1892785977186873,1343.0607790836632,1458.9620438817446
55.9431698686805,-3.1892785977186873,WNW,55.94328467371021,-3.1895557615784407,1343.0607790836632,1457.7120438817446
55.94328467371021,-3.1895557615784407,W,55.94328467371021,-3.189855761578441,1343.0607790836632,1456.4620438817446
55.94328467371021,-3.189855761578441,W,55.94328467371021,-3.190155761578441,1343.0607790836632,1455.2120438817446
55.94328467371021,-3.190155761578441,W,55.94328467371021,-3.1904557615784412,1414.610813243917,1503.4884796500091
55.94328467371021,-3.1904557615784412,ENE,55.94339947873992,-3.190178597718688,1414.610813243917,1502.2384796500091
55.94339947873992,-3.190178597718688,E,55.94339947873992,-3.1898785977186876,1414.610813243917,1500.9884796500091
55.94339947873992,-3.1898785977186876,E,55.94339947873992,-3.1895785977186875,1414.610813243917,1499.7384796500091
55.94339947873992,-3.1895785977186875,ENE,55.94351428376963,-3.189301433858934,1414.610813243917,1498.4884796500091
55.94351428376963,-3.189301433858934,NE,55.94372641580399,-3.1890893018245783,1414.610813243917,1497.2384796500091
55.94372641580399,-3.1890893018245783,E,55.94372641580399,-3.188789301824578,1414.610813243917,1495.9884796500091
55.94372641580399,-3.188789301824578,ENE,55.9438412208337,-3.1885121379648247,1414.610813243917,1494.7384796500091
55.9438412208337,-3.1885121379648247,ESE,55.94372641580399,-3.1882349741050713,1414.610813243917,1493.4884796500091
55.94372641580399,-3.1882349741050713,S,55.943426415803984,-3.1882349741050713,1414.610813243917,1492.2384796500091
55.943426415803984,-3.1882349741050713,E,55.943426415803984,-3.187934974105071,1414.610813243917,1490.9884796500091
55.943426415803984,-3.187934974105071,E,55.943426415803984,-3.187634974105071,1414.610813243917,1489.7384796500091
55.943426415803984,-3.187634974105071,E,55.943426415803984,-3.1873349741050707,1414.610813243917,1488.4884796500091
55.943426415803984,-3.1873349741050707,ENE,55.943541220833694,-3.1870578102453173,1414.610813243917,1487.2384796500091
55.943541220833694,-3.1870578102453173,E,55.943541220833694,-3.186757810245317,1414.610813243917,1485.9884796500091
55.943541220833694,-3.186757810245317,ESE,55.943426415803984,-3.1864806463855637,1424.8453664264543,1537.2263208310096
55.943426415803984,-3.1864806463855637,E,55.943426415803984,-3.1861806463855635,1424.8453664264543,1535.9763208310096
55.943426415803984,-3.1861806463855635,E,55.943426415803984,-3.1858806463855633,1444.6877142244805,1608.432161947026
55.943426415803984,-3.1858806463855633,E,55.943426415803984,-3.185580646385563,1444.6877142244805,1607.182161947026
55.943426415803984,-3.185580646385563,E,55.943426415803984,-3.185280646385563,1444.6877142244805,1605.932161947026
55.943426415803984,-3.185280646385563,E,55.943426415803984,-3.1849806463855628,1444.6877142244805,1604.682161947026
55.943426415803984,-3.1849806463855628,E,55.943426415803984,-3.1846806463855626,1444.6877142244805,1603.432161947026
55.943426415803984,-3.1846806463855626,ENE,55.943541220833694,-3.184403482525809,1536.6940757435889,1679.614726630428
55.943541220833694,-3.184403482525809,S,55.94324122083369,-3.184403482525809,1536.6940757435889,1678.364726630428
55.94324122083369,-3.184403482525809,S,55.94294122083369,-3.184403482525809,1567.8182464470651,1721.8342778573108
55.94294122083369,-3.184403482525809,N,55.94324122083369,-3.184403482525809,1567.8182464470651,1720.5842778573108
55.94324122083369,-3.184403482525809,S,55.94294122083369,-3.184403482525809,1567.8182464470651,1719.3342778573108
55.94294122083369,-3.184403482525809,N,55.94324122083369,-3.184403482525809,1567.8182464470651,1718.0842778573108
55.94324122083369,-3.184403482525809,S,55.94294122083369,-3.184403482525809,1567.8182464470651,1716.8342778573108
55.94294122083369,-3.184403482525809,N,55.94324122083369,-3.184403482525809,1567.8182464470651,1715.5842778573108
55.94324122083369,-3.184403482525809,S,55.94294122083369,-3.184403482525809,1567.8182464470651,1714.3342778573108
55.94294122083369,-3.184403482525809,N,55.94324122083369,-3.184403482525809,1567.8182464470651,1713.0842778573108
55.94324122083369,-3.184403482525809,S,55.94294122083369,-3.184403482525809,1567.8182464470651,1711.8342778573108
55.94294122083369,-3.184403482525809,N,55.94324122083369,-3.184403482525809,1567.8182464470651,1710.5842778573108
55.94324122083369,-3.184403482525809,S,55.94294122083369,-3.184403482525809,1567.8182464470651,1709.3342778573108
55.94294122083369,-3.184403482525809,N,55.94324122083369,-3.184403482525809,1567.8182464470651,1708.0842778573108
55.94324122083369,-3.184403482525809,S,55.94294122083369,-3.184403482525809,1567.8182464470651,1706.8342778573108
55.94294122083369,-3.184403482525809,N,55.94324122083369,-3.184403482525809,1567.8182464470651,1705.5842778573108
55.94324122083369,-3.184403482525809,S,55.94294122083369,-3.184403482525809,1567.8182464470651,1704.3342778573108
55.94294122083369,-3.184403482525809,N,55.94324122083369,-3.184403482525809,1567.8182464470651,1703.0842778573108
55.94324122083369,-3.184403482525809,S,55.94294122083369,-3.184403482525809,1567.8182464470651,1701.8342778573108
55.94294122083369,-3.184403482525809,N,55.94324122083369,-3.184403482525809,1567.8182464470651,1700.5842778573108
55.94324122083369,-3.184403482525809,S,55.94294122083369,-3.184403482525809,1567.8182464470651,1699.3342778573108
55.94294122083369,-3.184403482525809,N,55.94324122083369,-3.184403482525809,1567.8182464470651,1698.0842778573108
55.94324122083369,-3.184403482525809,S,55.94294122083369,-3.184403482525809,1567.8182464470651,1696.8342778573108
55.94294122083369,-3.184403482525809,N,55.94324122083369,-3.184403482525809,1567.8182464470651,1695.5842778573108
55.94324122083369,-3.184403482525809,S,55.94294122083369,-3.184403482525809,1567.8182464470651,1694.3342778573108
55.94294122083369,-3.184403482525809,N,55.94324122083369,-3.184403482525809,1567.8182464470651,1693.0842778573108
55.94324122083369,-3.184403482525809,S,55.94294122083369,-3.184403482525809,1567.8182464470651,1691.8342778573108
55.94294122083369,-3.184403482525809,N,55.94324122083369,-3.184403482525809,1567.8182464470651,1690.5842778573108
55.94324122083369,-3.184403482525809,S,55.94294122083369,-3.184403482525809,1567.8182464470651,1689.3342778573108
55.94294122083369,-3.184403482525809,N,55.94324122083369,-3.184403482525809,1567.8182464470651,1688.0842778573108
55.94324122083369,-3.184403482525809,S,55.94294122083369,-3.184403482525809,1567.8182464470651,1686.8342778573108
55.94294122083369,-3.184403482525809,N,55.94324122083369,-3.184403482525809,1567.8182464470651,1685.5842778573108
55.94324122083369,-3.184403482525809,S,55.94294122083369,-3.184403482525809,1567.8182464470651,1684.3342778573108
55.94294122083369,-3.184403482525809,N,55.94324122083369,-3.184403482525809,1567.8182464470651,1683.0842778573108
55.94324122083369,-3.184403482525809,S,55.94294122083369,-3.184403482525809,1567.8182464470651,1681.8342778573108
55.94294122083369,-3.184403482525809,N,55.94324122083369,-3.184403482525809,1567.8182464470651,1680.5842778573108
55.94324122083369,-3.184403482525809,S,55.94294122083369,-3.184403482525809,1567.8182464470651,1679.3342778573108
55.94294122083369,-3.184403482525809,N,55.94324122083369,-3.184403482525809,1567.8182464470651,1678.0842778573108
55.94324122083369,-3.184403482525809,S,55.94294122083369,-3.184403482525809,1567.8182464470651,1676.8342778573108
55.94294122083369,-3.184403482525809,N,55.94324122083369,-3.184403482525809,1567.8182464470651,1675.5842778573108
55.94324122083369,-3.184403482525809,S,55.94294122083369,-3.184403482525809,1567.8182464470651,1674.3342778573108
55.94294122083369,-3.184403482525809,N,55.94324122083369,-3.184403482525809,1567.8182464470651,1673.0842778573108
55.94324122083369,-3.184403482525809,S,55.94294122083369,-3.184403482525809,1567.8182464470651,1671.8342778573108
55.94294122083369,-3.184403482525809,N,55.94324122083369,-3.184403482525809,1567.8182464470651,1670.5842778573108
55.94324122083369,-3.184403482525809,S,55.94294122083369,-3.184403482525809,1567.8182464470651,1669.3342778573108
55.94294122083369,-3.184403482525809,N,55.94324122083369,-3.184403482525809,1567.8182464470651,1668.0842778573108
55.94324122083369,-3.184403482525809,S,55.94294122083369,-3.184403482525809,1567.8182464470651,1666.8342778573108
55.94294122083369,-3.184403482525809,N,55.94324122083369,-3.184403482525809,1567.8182464470651,1665.5842778573108
55.94324122083369,-3.184403482525809,S,55.94294122083369,-3.184403482525809,1567.8182464470651,1664.3342778573108
55.94294122083369,-3.184403482525809,N,55.94324122083369,-3.184403482525809,1567.8182464470651,1663.0842778573108
55.94324122083369,-3.184403482525809,S,55.94294122083369,-3.184403482525809,1567.8182464470651,1661.8342778573108
55.94294122083369,-3.184403482525809,N,55.94324122083369,-3.184403482525809,1567.8182464470651,1660.5842778573108
55.94324122083369,-3.184403482525809,S,55.94294122083369,-3.184403482525809,1567.8182464470651,1659.3342778573108
55.94294122083369,-3.184403482525809,N,55.94324122083369,-3.184403482525809,1567.8182464470651,1658.0842778573108
55.94324122083369,-3.184403482525809,S,55.94294122083369,-3.184403482525809,1567.8182464470651,1656.8342778573108
55.94294122083369,-3.184403482525809,N,55.94324122083369,-3.184403482525809,1567.8182464470651,1655.5842778573108
55.94324122083369,-3.184403482525809,S,55.94294122083369,-3.184403482525809,1567.8182464470651,1654.3342778573108
55.94294122083369,-3.184403482525809,N,55.94324122083369,-3.184403482525809,1567.8182464470651,1653.0842778573108
55.94324122083369,-3.184403482525809,S,55.94294122083369,-3.184403482525809,1567.8182464470651,1651.8342778573108
55.94294122083369,-3.184403482525809,N,55.94324122083369,-3.184403482525809,1567.8182464470651,1650.5842778573108
55.94324122083369,-3.184403482525809,S,55.94294122083369,-3.184403482525809,1567.8182464470651,1649.3342778573108
55.94294122083369,-3.184403482525809,N,55.94324122083369,-3.184403482525809,1567.8182464470651,1648.0842778573108
55.94324122083369,-3.184403482525809,S,55.94294122083369,-3.184403482525809,1567.8182464470651,1646.8342778573108
55.94294122083369,-3.184403482525809,N,55.94324122083369,-3.184403482525809,1567.8182464470651,1645.5842778573108
55.94324122083369,-3.184403482525809,S,55.94294122083369,-3.184403482525809,1567.8182464470651,1644.3342778573108
55.94294122083369,-3.184403482525809,N,55.94324122083369,-3.184403482525809,1567.8182464470651,1643.0842778573108
55.94324122083369,-3.184403482525809,S,55.94294122083369,-3.184403482525809,1567.8182464470651,1641.8342778573108
55.94294122083369,-3.184403482525809,N,55.94324122083369,-3.184403482525809,1567.8182464470651,1640.5842778573108
55.94324122083369,-3.184403482525809,S,55.94294122083369,-3.184403482525809,1567.8182464470651,1639.3342778573108
55.94294122083369,-3.184403482525809,N,55.94324122083369,-3.184403482525809,1567.8182464470651,1638.0842778573108
55.94324122083369,-3.184403482525809,S,55.94294122083369,-3.184403482525809,1567.8182464470651,1636.8342778573108
55.94294122083369,-3.184403482525809,N,55.94324122083369,-3.184403482525809,1567.8182464470651,1635.5842778573108
55.94324122083369,-3.184403482525809,S,55.94294122083369,-3.184403482525809,1567.8182464470651,1634.3342778573108
55.94294122083369,-3.184403482525809,N,55.94324122083369,-3.184403482525809,1567.8182464470651,1633.0842778573108
55.94324122083369,-3.184403482525809,S,55.94294122083369,-3.184403482525809,1567.8182464470651,1631.8342778573108
55.94294122083369,-3.184403482525809,N,55.94324122083369,-3.184403482525809,1567.8182464470651,1630.5842778573108
55.94324122083369,-3.184403482525809,S,55.94294122083369,-3.184403482525809,1567.8182464470651,1629.3342778573108
55.94294122083369,-3.184403482525809,N,55.94324122083369,-3.184403482525809,1567.8182464470651,1628.0842778573108
55.94324122083369,-3.184403482525809,S,55.94294122083369,-3.184403482525809,1567.8182464470651,1626.8342778573108
55.94294122083369,-3.184403482525809,N,55.94324122083369,-3.184403482525809,1567.8182464470651,1625.5842778573108
55.94324122083369,-3.184403482525809,S,55.94294122083369,-3.184403482525809,1567.8182464470651,1624.3342778573108
55.94294122083369,-3.184403482525809,N,55.94324122083369,-3.184403482525809,1567.8182464470651,1623.0842778573108
55.94324122083369,-3.184403482525809,S,55.94294122083369,-3.184403482525809,1567.8182464470651,1621.8342778573108
55.94294122083369,-3.184403482525809,N,55.94324122083369,-3.184403482525809,1567.8182464470651,1620.5842778573108
55.94324122083369,-3.184403482525809,S,55.94294122083369,-3.184403482525809,1567.8182464470651,1619.3342778573108
55.94294122083369,-3.184403482525809,N,55.94324122083369,-3.184403482525809,1567.8182464470651,1618.0842778573108
55.94324122083369,-3.184403482525809,S,55.94294122083369,-3.184403482525809,1567.8182464470651,1616.8342778573108
55.94294122083369,-3.184403482525809,N,55.94324122083369,-3.184403482525809,1567.8182464470651,1615.5842778573108
55.94324122083369,-3.184403482525809,S,55.94294122083369,-3.184403482525809,1567.8182464470651,1614.3342778573108
55.94294122083369,-3.184403482525809,N,55.94324122083369,-3.184403482525809,1567.8182464470651,1613.0842778573108
55.94324122083369,-3.184403482525809,S,55.94294122083369,-3.184403482525809,1567.8182464470651,1611.8342778573108
55.94294122083369,-3.184403482525809,N,55.94324122083369,-3.184403482525809,1567.8182464470651,1610.5842778573108
55.94324122083369,-3.184403482525809,S,55.94294122083369,-3.184403482525809,1567.8182464470651,1609.3342778573108
55.94294122083369,-3.184403482525809,N,55.94324122083369,-3.184403482525809,1567.8182464470651,1608.0842778573108
55.94324122083369,-3.184403482525809,S,55.94294122083369,-3.184403482525809,1567.8182464470651,1606.8342778573108
55.94294122083369,-3.184403482525809,N,55.94324122083369,-3.184403482525809,1567.8182464470651,1605.5842778573108
55.94324122083369,-3.184403482525809,S,55.94294122083369,-3.184403482525809,1567.8182464470651,1604.3342778573108
55.94294122083369,-3.184403482525809,N,55.94324122083369,-3.184403482525809,1567.8182464470651,1603.0842778573108
55.94324122083369,-3.184403482525809,S,55.94294122083369,-3.184403482525809,1567.8182464470651,1601.8342778573108
55.94294122083369,-3.184403482525809,N,55.94324122083369,-3.184403482525809,1567.8182464470651,1600.5842778573108
55.94324122083369,-3.184403482525809,S,55.94294122083369,-3.184403482525809,1567.8182464470651,1599.3342778573108
55.94294122083369,-3.184403482525809,N,55.94324122083369,-3.184403482525809,1567.8182464470651,1598.0842778573108
55.94324122083369,-3.184403482525809,S,55.94294122083369,-3.184403482525809,1567.8182464470651,1596.8342778573108
55.94294122083369,-3.184403482525809,N,55.94324122083369,-3.184403482525809,1567.8182464470651,1595.5842778573108
55.94324122083369,-3.184403482525809,S,55.94294122083369,-3.184403482525809,1567.8182464470651,1594.3342778573108
55.94294122083369,-3.184403482525809,N,55.94324122083369,-3.184403482525809,1567.8182464470651,1593.0842778573108
55.94324122083369,-3.184403482525809,S,55.94294122083369,-3.184403482525809,1567.8182464470651,1591.8342778573108
55.94294122083369,-3.184403482525809,N,55.94324122083369,-3.184403482525809,1567.8182464470651,1590.5842778573108
55.94324122083369,-3.184403482525809,S,55.94294122083369,-3.184403482525809,1567.8182464470651,1589.3342778573108
55.94294122083369,-3.184403482525809,N,55.94324122083369,-3.184403482525809,1567.8182464470651,1588.0842778573108
55.94324122083369,-3.184403482525809,S,55.94294122083369,-3.184403482525809,1567.8182464470651,1586.8342778573108
55.94294122083369,-3.184403482525809,N,55.94324122083369,-3.184403482525809,1567.8182464470651,1585.5842778573108
55.94324122083369,-3.184403482525809,S,55.94294122083369,-3.184403482525809,1567.8182464470651,1584.3342778573108
55.94294122083369,-3.184403482525809,N,55.94324122083369,-3.184403482525809,1567.8182464470651,1583.0842778573108
55.94324122083369,-3.184403482525809,S,55.94294122083369,-3.184403482525809,1567.8182464470651,1581.8342778573108
55.94294122083369,-3.184403482525809,N,55.94324122083369,-3.184403482525809,1567.8182464470651,1580.5842778573108
55.94324122083369,-3.184403482525809,S,55.94294122083369,-3.184403482525809,1567.8182464470651,1579.3342778573108
55.94294122083369,-3.184403482525809,N,55.94324122083369,-3.184403482525809,1567.8182464470651,1578.0842778573108
55.94324122083369,-3.184403482525809,S,55.94294122083369,-3.184403482525809,1567.8182464470651,1576.8342778573108
55.94294122083369,-3.184403482525809,N,55.94324122083369,-3.184403482525809,1567.8182464470651,1575.5842778573108
55.94324122083369,-3.184403482525809,S,55.94294122083369,-3.184403482525809,1567.8182464470651,1574.3342778573108
55.94294122083369,-3.184403482525809,N,55.94324122083369,-3.184403482525809,1567.8182464470651,1573.0842778573108
55.94324122083369,-3.184403482525809,S,55.94294122083369,-3.184403482525809,1567.8182464470651,1571.8342778573108
55.94294122083369,-3.184403482525809,N,55.94324122083369,-3.184403482525809,1567.8182464470651,1570.5842778573108
55.94324122083369,-3.184403482525809,S,55.94294122083369,-3.184403482525809,1567.8182464470651,1569.3342778573108
55.94294122083369,-3.184403482525809,N,55.94324122083369,-3.184403482525809,1567.8182464470651,1568.0842778573108
55.94324122083369,-3.184403482525809,S,55.94294122083369,-3.184403482525809,1567.8182464470651,1566.8342778573108
55.94294122083369,-3.184403482525809,N,55.94324122083369,-3.184403482525809,1567.8182464470651,1565.5842778573108
55.94324122083369,-3.184403482525809,S,55.94294122083369,-3.184403482525809,1567.8182464470651,1564.3342778573108
55.94294122083369,-3.184403482525809,N,55.94324122083369,-3.184403482525809,1567.8182464470651,1563.0842778573108
55.94324122083369,-3.184403482525809,S,55.94294122083369,-3.184403482525809,1567.8182464470651,1561.8342778573108
55.94294122083369,-3.184403482525809,N,55.94324122083369,-3.184403482525809,1567.8182464470651,1560.5842778573108
55.94324122083369,-3.184403482525809,S,55.94294122083369,-3.184403482525809,1567.8182464470651,1559.3342778573108
55.94294122083369,-3.184403482525809,N,55.94324122083369,-3.184403482525809,1567.8182464470651,1558.0842778573108
55.94324122083369,-3.184403482525809,S,55.94294122083369,-3.184403482525809,1567.8182464470651,1556.8342778573108
55.94294122083369,-3.184403482525809,N,55.94324122083369,-3.184403482525809,1567.8182464470651,1555.5842778573108
55.94324122083369,-3.184403482525809,S,55.94294122083369,-3.184403482525809,1567.8182464470651,1554.3342778573108
55.94294122083369,-3.184403482525809,N,55.94324122083369,-3.184403482525809,1567.8182464470651,1553.0842778573108
55.94324122083369,-3.184403482525809,S,55.94294122083369,-3.184403482525809,1567.8182464470651,1551.8342778573108
55.94294122083369,-3.184403482525809,N,55.94324122083369,-3.184403482525809,1567.8182464470651,1550.5842778573108
55.94324122083369,-3.184403482525809,S,55.94294122083369,-3.184403482525809,1567.8182464470651,1549.3342778573108
55.94294122083369,-3.184403482525809,N,55.94324122083369,-3.184403482525809,1567.8182464470651,1548.0842778573108
55.94324122083369,-3.184403482525809,S,55.94294122083369,-3.184403482525809,1567.8182464470651,1546.8342778573108
55.94294122083369,-3.184403482525809,N,55.94324122083369,-3.184403482525809,1567.8182464470651,1545.5842778573108
55.94324122083369,-3.184403482525809,S,55.94294122083369,-3.184403482525809,1567.8182464470651,1544.3342778573108
55.94294122083369,-3.184403482525809,N,55.94324122083369,-3.184403482525809,1567.8182464470651,1543.0842778573108
55.94324122083369,-3.184403482525809,S,55.94294122083369,-3.184403482525809,1567.8182464470651,1541.8342778573108
55.94294122083369,-3.184403482525809,N,55.94324122083369,-3.184403482525809,1567.8182464470651,1540.5842778573108
55.94324122083369,-3.184403482525809,S,55.94294122083369,-3.184403482525809,1567.8182464470651,1539.3342778573108
55.94294122083369,-3.184403482525809,N,55.94324122083369,-3.184403482525809,1567.8182464470651,1538.0842778573108
55.94324122083369,-3.184403482525809,S,55.94294122083369,-3.184403482525809,1567.8182464470651,1536.8342778573108
55.94294122083369,-3.184403482525809,N,55.94324122083369,-3.184403482525809,1567.8182464470651,1535.5842778573108
55.94324122083369,-3.184403482525809,S,55.94294122083369,-3.184403482525809,1567.8182464470651,1534.3342778573108
55.94294122083369,-3.184403482525809,N,55.94324122083369,-3.184403482525809,1567.8182464470651,1533.0842778573108
55.94324122083369,-3.184403482525809,S,55.94294122083369,-3.184403482525809,1567.8182464470651,1531.8342778573108
55.94294122083369,-3.184403482525809,N,55.94324122083369,-3.184403482525809,1567.8182464470651,1530.5842778573108
55.94324122083369,-3.184403482525809,S,55.94294122083369,-3.184403482525809,1567.8182464470651,1529.3342778573108
55.94294122083369,-3.184403482525809,N,55.94324122083369,-3.184403482525809,1567.8182464470651,1528.0842778573108
55.94324122083369,-3.184403482525809,S,55.94294122083369,-3.184403482525809,1567.8182464470651,1526.8342778573108
55.94294122083369,-3.184403482525809,N,55.94324122083369,-3.184403482525809,1567.8182464470651,1525.5842778573108
55.94324122083369,-3.184403482525809,S,55.94294122083369,-3.184403482525809,1567.8182464470651,1524.3342778573108
55.94294122083369,-3.184403482525809,N,55.94324122083369,-3.184403482525809,1567.8182464470651,1523.0842778573108
55.94324122083369,-3.184403482525809,S,55.94294122083369,-3.184403482525809,1567.8182464470651,1521.8342778573108
55.94294122083369,-3.184403482525809,N,55.94324122083369,-3.184403482525809,1567.8182464470651,1520.5842778573108
55.94324122083369,-3.184403482525809,S,55.94294122083369,-3.184403482525809,1567.8182464470651,1519.3342778573108
55.94294122083369,-3.184403482525809,N,55.94324122083369,-3.184403482525809,1567.8182464470651,1518.0842778573108
55.94324122083369,-3.184403482525809,S,55.94294122083369,-3.184403482525809,1567.8182464470651,1516.8342778573108
55.94294122083369,-3.184403482525809,N,55.94324122083369,-3.184403482525809,1567.8182464470651,1515.5842778573108
