55.944425,-3.188396,SSE,55.944147836140246,-3.1882811949702905,37.93878569060048,252.0948411365177
55.944147836140246,-3.1882811949702905,SE,55.94393570410589,-3.1880690629359347,150.03041071338566,260.35798420123547
55.94393570410589,-3.1880690629359347,N,55.94423570410589,-3.1880690629359347,215.40082787978207,265.3413644675874
55.94423570410589,-3.1880690629359347,NE,55.94444783614025,-3.187856930901579,265.40411764505427,351.6409846071095
55.94444783614025,-3.187856930901579,ENE,55.94456264116996,-3.1875797670418256,265.40411764505427,350.3909846071095
55.94456264116996,-3.1875797670418256,ENE,55.94467744619967,-3.187302603182072,265.40411764505427,349.1409846071095
55.94467744619967,-3.187302603182072,NE,55.944889578234026,-3.1870904711477164,355.21517934125234,403.2134865847126
55.944889578234026,-3.1870904711477164,NNE,55.94516674209378,-3.186975666118007,355.21517934125234,401.9634865847126
55.94516674209378,-3.186975666118007,NE,55.94537887412814,-3.186763534083651,355.21517934125234,400.7134865847126
55.94537887412814,-3.186763534083651,NNE,55.945656037987895,-3.1866487290539416,372.62043736308794,499.98053396846547
55.945656037987895,-3.1866487290539416,WNW,55.945770843017606,-3.186925892913695,372.62043736308794,498.73053396846547
55.945770843017606,-3.186925892913695,WNW,55.945885648047316,-3.1872030567734484,379.2690871884773,527.8086279884088
55.945885648047316,-3.1872030567734484,SE,55.94567351601296,-3.1869909247390926,379.2690871884773,526.5586279884088
55.94567351601296,-3.1869909247390926,ESE,55.94555871098325,-3.186713760879339,379.2690871884773,525.3086279884088
55.94555871098325,-3.186713760879339,E,55.94555871098325,-3.186413760879339,379.2690871884773,524.0586279884088
55.94555871098325,-3.186413760879339,ESE,55.94544390595354,-3.1861365970195856,382.95324306497866,613.9984984639138
55.94544390595354,-3.1861365970195856,SE,55.94523177391918,-3.18592446498523,382.95324306497866,612.7484984639138
55.94523177391918,-3.18592446498523,SSE,55.944954610059426,-3.1858096599555203,430.3542541903496,660.9532561436117
55.944954610059426,-3.1858096599555203,SSW,55.94467744619967,-3.18592446498523,550.1632053075755,774.940674026984
55.94467744619967,-3.18592446498523,WSW,55.94456264116996,-3.1862016288449833,574.4958087134908,812.0421983812585
55.94456264116996,-3.1862016288449833,SW,55.9443505091356,-3.186413760879339,574.4958087134908,810.7921983812585
55.9443505091356,-3.186413760879339,SW,55.94413837710125,-3.186625892913695,681.7888181501196,933.796484502184
55.94413837710125,-3.186625892913695,SW,55.94392624506689,-3.1868380249480506,681.7888181501196,932.546484502184
55.94392624506689,-3.1868380249480506,SW,55.943714113032534,-3.1870501569824063,681.7888181501196,931.296484502184
55.943714113032534,-3.1870501569824063,SW,55.94350198099818,-3.187262289016762,681.7888181501196,930.046484502184
55.94350198099818,-3.187262289016762,SW,55.94328984896382,-3.187474421051118,681.7888181501196,928.796484502184
55.94328984896382,-3.187474421051118,SSW,55.943012685104065,-3.1875892260808274,686.2342822496483,996.1075698882789
55.943012685104065,-3.1875892260808274,SE,55.94280055306971,-3.1873770940464716,743.7096020047586,1095.9661434778816
55.94280055306971,-3.1873770940464716,W,55.94280055306971,-3.187677094046472,743.7096020047586,1094.7161434778816
55.94280055306971,-3.187677094046472,W,55.94280055306971,-3.187977094046472,743.7096020047586,1093.4661434778816
55.94280055306971,-3.187977094046472,W,55.94280055306971,-3.188277094046472,743.7096020047586,1092.2161434778816
55.94280055306971,-3.188277094046472,W,55.94280055306971,-3.1885770940464724,743.7096020047586,1090.9661434778816
55.94280055306971,-3.1885770940464724,W,55.94280055306971,-3.1888770940464726,743.7096020047586,1089.7161434778816
55.94280055306971,-3.1888770940464726,W,55.94280055306971,-3.1891770940464728,752.50635858681,1208.140401430989
55.94280055306971,-3.1891770940464728,WNW,55.94291535809942,-3.189454257906226,752.50635858681,1206.890401430989
55.94291535809942,-3.189454257906226,WNW,55.94303016312913,-3.1897314217659796,752.50635858681,1205.640401430989
55.94303016312913,-3.1897314217659796,WNW,55.94314496815884,-3.190008585625733,768.6069697803765,1220.639636385286
55.94314496815884,-3.190008585625733,NNE,55.9434221320186,-3.1898937805960235,768.6069697803765,1219.389636385286
55.9434221320186,-3.1898937805960235,NNE,55.94369929587835,-3.189778975566314,768.6069697803765,1218.139636385286
55.94369929587835,-3.189778975566314,N,55.943999295878356,-3.189778975566314,814.5317514450466,1250.8099336267437
55.943999295878356,-3.189778975566314,N,55.94429929587836,-3.189778975566314,872.7325992715499,1328.0702503798425
55.94429929587836,-3.189778975566314,N,55.94459929587836,-3.189778975566314,872.7325992715499,1326.8202503798425
55.94459929587836,-3.189778975566314,NNE,55.94487645973812,-3.1896641705366044,930.2545018706487,1371.2631442349589
55.94487645973812,-3.1896641705366044,E,55.94487645973812,-3.1893641705366043,977.6583770268472,1395.2349679307606
55.94487645973812,-3.1893641705366043,NE,55.945088591772475,-3.1891520385022485,977.6583770268472,1393.9849679307606
55.945088591772475,-3.1891520385022485,NE,55.94530072380683,-3.1889399064678927,977.6583770268472,1392.7349679307606
55.94530072380683,-3.1889399064678927,N,55.945600723806834,-3.1889399064678927,1041.682363325541,1434.7669436815636
55.945600723806834,-3.1889399064678927,NW,55.94581285584119,-3.1891520385022485,1152.8137941865566,1468.122037227124
55.94581285584119,-3.1891520385022485,WNW,55.9459276608709,-3.189429202362002,1251.8776977056625,1547.8046414667097
55.9459276608709,-3.189429202362002,NNW,55.94620482473066,-3.1895440073917114,1312.2780377584281,1617.7533345366196
55.94620482473066,-3.1895440073917114,ESE,55.94609001970095,-3.189266843531958,1312.2780377584281,1616.5033345366196
55.94609001970095,-3.189266843531958,ESE,55.945975214671236,-3.1889896796722046,1429.2152740003887,1706.9121598758134
55.945975214671236,-3.1889896796722046,W,55.945975214671236,-3.189289679672205,1429.2152740003887,1705.6621598758134
55.945975214671236,-3.189289679672205,W,55.945975214671236,-3.189589679672205,1429.2152740003887,1704.4121598758134
55.945975214671236,-3.189589679672205,SW,55.94576308263688,-3.1898018117065607,1429.2152740003887,1703.1621598758134
55.94576308263688,-3.1898018117065607,W,55.94576308263688,-3.190101811706561,1429.2152740003887,1701.9121598758134
55.94576308263688,-3.190101811706561,W,55.94576308263688,-3.190401811706561,1429.2152740003887,1700.6621598758134
55.94576308263688,-3.190401811706561,W,55.94576308263688,-3.1907018117065613,1429.2152740003887,1699.4121598758134
55.94576308263688,-3.1907018117065613,W,55.94576308263688,-3.1910018117065615,1429.2152740003887,1698.1621598758134
55.94576308263688,-3.1910018117065615,W,55.94576308263688,-3.1913018117065617,1429.2152740003887,1696.9121598758134
55.94576308263688,-3.1913018117065617,WNW,55.94587788766659,-3.191578975566315,1446.9024927474782,1789.379269553812
55.94587788766659,-3.191578975566315,SE,55.945665755632234,-3.1913668435319593,1446.9024927474782,1788.129269553812
55.945665755632234,-3.1913668435319593,S,55.94536575563223,-3.1913668435319593,1446.9024927474782,1786.879269553812
55.94536575563223,-3.1913668435319593,S,55.94506575563223,-3.1913668435319593,1446.9024927474782,1785.629269553812
55.94506575563223,-3.1913668435319593,S,55.944765755632226,-3.1913668435319593,1446.9024927474782,1784.379269553812
55.944765755632226,-3.1913668435319593,S,55.94446575563222,-3.1913668435319593,1527.729468813808,1789.3222679197363
55.94446575563222,-3.1913668435319593,SW,55.94425362359787,-3.191578975566315,1552.288882587103,1827.3201039774826
55.94425362359787,-3.191578975566315,S,55.943953623597864,-3.191578975566315,1552.288882587103,1826.0701039774826
55.943953623597864,-3.191578975566315,SSW,55.94367645973811,-3.1916937805960246,1552.288882587103,1824.8201039774826
55.94367645973811,-3.1916937805960246,S,55.943376459738104,-3.1916937805960246,1633.2379077115893,1869.7951305573727
55.943376459738104,-3.1916937805960246,E,55.943376459738104,-3.1913937805960244,1633.2379077115893,1868.5451305573727
55.943376459738104,-3.1913937805960244,E,55.943376459738104,-3.191093780596024,1633.2379077115893,1867.2951305573727
55.943376459738104,-3.191093780596024,E,55.943376459738104,-3.190793780596024,1633.2379077115893,1866.0451305573727
55.943376459738104,-3.190793780596024,E,55.943376459738104,-3.190493780596024,1633.2379077115893,1864.7951305573727
55.943376459738104,-3.190493780596024,E,55.943376459738104,-3.1901937805960237,1633.2379077115893,1863.5451305573727
55.943376459738104,-3.1901937805960237,E,55.943376459738104,-3.1898937805960235,1633.2379077115893,1862.2951305573727
55.943376459738104,-3.1898937805960235,E,55.943376459738104,-3.1895937805960233,1633.2379077115893,1861.0451305573727
55.943376459738104,-3.1895937805960233,E,55.943376459738104,-3.189293780596023,1633.2379077115893,1859.7951305573727
55.943376459738104,-3.189293780596023,NE,55.94358859177246,-3.1890816485616673,1633.2379077115893,1858.5451305573727
55.94358859177246,-3.1890816485616673,E,55.94358859177246,-3.188781648561667,1633.2379077115893,1857.2951305573727
55.94358859177246,-3.188781648561667,E,55.94358859177246,-3.188481648561667,1633.2379077115893,1856.0451305573727
55.94358859177246,-3.188481648561667,E,55.94358859177246,-3.1881816485616667,1633.2379077115893,1854.7951305573727
55.94358859177246,-3.1881816485616667,E,55.94358859177246,-3.1878816485616666,1633.2379077115893,1853.5451305573727
55.94358859177246,-3.1878816485616666,E,55.94358859177246,-3.1875816485616664,1633.2379077115893,1852.2951305573727
55.94358859177246,-3.1875816485616664,E,55.94358859177246,-3.187281648561666,1633.2379077115893,1851.0451305573727
55.94358859177246,-3.187281648561666,ENE,55.94370339680217,-3.1870044847019128,1633.2379077115893,1849.7951305573727
55.94370339680217,-3.1870044847019128,N,55.944003396802174,-3.1870044847019128,1633.2379077115893,1848.5451305573727
55.944003396802174,-3.1870044847019128,E,55.944003396802174,-3.1867044847019126,1633.2379077115893,1847.2951305573727
55.944003396802174,-3.1867044847019126,E,55.944003396802174,-3.1864044847019124,1633.2379077115893,1846.0451305573727
55.944003396802174,-3.1864044847019124,E,55.944003396802174,-3.186104484701912,1633.2379077115893,1844.7951305573727
55.944003396802174,-3.186104484701912,E,55.944003396802174,-3.185804484701912,1633.2379077115893,1843.5451305573727
55.944003396802174,-3.185804484701912,E,55.944003396802174,-3.185504484701912,1633.2379077115893,1842.2951305573727
55.944003396802174,-3.185504484701912,E,55.944003396802174,-3.1852044847019116,1752.8754500927885,1845.7260410611739
55.944003396802174,-3.1852044847019116,SE,55.94379126476782,-3.184992352667556,1752.8754500927885,1844.4760410611739
55.94379126476782,-3.184992352667556,SE,55.94357913273346,-3.1847802206332,1752.8754500927885,1843.2260410611739
55.94357913273346,-3.1847802206332,SSE,55.943301968873705,-3.1846654156034906,1817.8079243434809,1881.7750306997548
55.943301968873705,-3.1846654156034906,N,55.94360196887371,-3.1846654156034906,1817.8079243434809,1880.5250306997548
55.94360196887371,-3.1846654156034906,N,55.94390196887371,-3.1846654156034906,1817.8079243434809,1879.2750306997548
55.94390196887371,-3.1846654156034906,N,55.94420196887371,-3.1846654156034906,1817.8079243434809,1878.0250306997548
55.94420196887371,-3.1846654156034906,N,55.944501968873716,-3.1846654156034906,1817.8079243434809,1876.7750306997548
55.944501968873716,-3.1846654156034906,N,55.94480196887372,-3.1846654156034906,1817.8079243434809,1875.5250306997548
55.94480196887372,-3.1846654156034906,N,55.94510196887372,-3.1846654156034906,1817.8079243434809,1874.2750306997548
55.94510196887372,-3.1846654156034906,W,55.94510196887372,-3.184965415603491,1817.8079243434809,1873.0250306997548
55.94510196887372,-3.184965415603491,NNW,55.94537913273348,-3.1850802206332003,1817.8079243434809,1871.7750306997548
55.94537913273348,-3.1850802206332003,NNE,55.945656296593235,-3.184965415603491,1817.8079243434809,1870.5250306997548
55.945656296593235,-3.184965415603491,NE,55.94586842862759,-3.184753283569135,1817.8079243434809,1869.2750306997548
55.94586842862759,-3.184753283569135,NE,55.94608056066195,-3.1845411515347792,1888.6639738504323,1964.0839994734783
55.94608056066195,-3.1845411515347792,SE,55.94586842862759,-3.1843290195004235,1888.6639738504323,1962.8339994734783
55.94586842862759,-3.1843290195004235,NNW,55.94614559248735,-3.184443824530133,1924.0255094758472,2060.532647305098
55.94614559248735,-3.184443824530133,SSE,55.94586842862759,-3.1843290195004235,1924.0255094758472,2059.282647305098
55.94586842862759,-3.1843290195004235,NNW,55.94614559248735,-3.184443824530133,1924.0255094758472,2058.032647305098
55.94614559248735,-3.184443824530133,SSE,55.94586842862759,-3.1843290195004235,1924.0255094758472,2056.782647305098
55.94586842862759,-3.1843290195004235,NNW,55.94614559248735,-3.184443824530133,1924.0255094758472,2055.532647305098
55.94614559248735,-3.184443824530133,SSE,55.94586842862759,-3.1843290195004235,1924.0255094758472,2054.282647305098
55.94586842862759,-3.1843290195004235,NNW,55.94614559248735,-3.184443824530133,1924.0255094758472,2053.032647305098
55.94614559248735,-3.184443824530133,SSE,55.94586842862759,-3.1843290195004235,1924.0255094758472,2051.782647305098
55.94586842862759,-3.1843290195004235,NNW,55.94614559248735,-3.184443824530133,1924.0255094758472,2050.532647305098
55.94614559248735,-3.184443824530133,SSE,55.94586842862759,-3.1843290195004235,1924.0255094758472,2049.282647305098
55.94586842862759,-3.1843290195004235,NNW,55.94614559248735,-3.184443824530133,1924.0255094758472,2048.032647305098
55.94614559248735,-3.184443824530133,SSE,55.94586842862759,-3.1843290195004235,1924.0255094758472,2046.7826473050982
55.94586842862759,-3.1843290195004235,NNW,55.94614559248735,-3.184443824530133,1924.0255094758472,2045.5326473050982
55.94614559248735,-3.184443824530133,SSE,55.94586842862759,-3.1843290195004235,1924.0255094758472,2044.2826473050982
55.94586842862759,-3.1843290195004235,NNW,55.94614559248735,-3.184443824530133,1924.0255094758472,2043.0326473050982
55.94614559248735,-3.184443824530133,SSE,55.94586842862759,-3.1843290195004235,1924.0255094758472,2041.7826473050982
55.94586842862759,-3.1843290195004235,NNW,55.94614559248735,-3.184443824530133,1924.0255094758472,2040.5326473050982
55.94614559248735,-3.184443824530133,SSE,55.94586842862759,-3.1843290195004235,1924.0255094758472,2039.2826473050982
55.94586842862759,-3.1843290195004235,NNW,55.94614559248735,-3.184443824530133,1924.0255094758472,2038.0326473050982
55.94614559248735,-3.184443824530133,SSE,55.94586842862759,-3.1843290195004235,1924.0255094758472,2036.7826473050982
55.94586842862759,-3.1843290195004235,NNW,55.94614559248735,-3.184443824530133,1924.0255094758472,2035.5326473050982
55.94614559248735,-3.184443824530133,SSE,55.94586842862759,-3.1843290195004235,1924.0255094758472,2034.2826473050982
55.94586842862759,-3.1843290195004235,NNW,55.94614559248735,-3.184443824530133,1924.0255094758472,2033.0326473050982
55.94614559248735,-3.184443824530133,SSE,55.94586842862759,-3.1843290195004235,1924.0255094758472,2031.7826473050982
55.94586842862759,-3.1843290195004235,NNW,55.94614559248735,-3.184443824530133,1924.0255094758472,2030.5326473050982
55.94614559248735,-3.184443824530133,SSE,55.94586842862759,-3.1843290195004235,1924.0255094758472,2029.2826473050982
55.94586842862759,-3.1843290195004235,NNW,55.94614559248735,-3.184443824530133,1924.0255094758472,2028.0326473050982
55.94614559248735,-3.184443824530133,SSE,55.94586842862759,-3.1843290195004235,1924.0255094758472,2026.7826473050982
55.94586842862759,-3.1843290195004235,NNW,55.94614559248735,-3.184443824530133,1924.0255094758472,2025.5326473050982
55.94614559248735,-3.184443824530133,SSE,55.94586842862759,-3.1843290195004235,1924.0255094758472,2024.2826473050982
55.94586842862759,-3.1843290195004235,NNW,55.94614559248735,-3.184443824530133,1924.0255094758472,2023.0326473050982
55.94614559248735,-3.184443824530133,SSE,55.94586842862759,-3.1843290195004235,1924.0255094758472,2021.7826473050982
55.94586842862759,-3.1843290195004235,NNW,55.94614559248735,-3.184443824530133,1924.0255094758472,2020.5326473050982
55.94614559248735,-3.184443824530133,SSE,55.94586842862759,-3.1843290195004235,1924.0255094758472,2019.2826473050982
55.94586842862759,-3.1843290195004235,NNW,55.94614559248735,-3.184443824530133,1924.0255094758472,2018.0326473050982
55.94614559248735,-3.184443824530133,SSE,55.94586842862759,-3.1843290195004235,1924.0255094758472,2016.7826473050982
55.94586842862759,-3.1843290195004235,NNW,55.94614559248735,-3.184443824530133,1924.0255094758472,2015.5326473050982
55.94614559248735,-3.184443824530133,SSE,55.94586842862759,-3.1843290195004235,1924.0255094758472,2014.2826473050982
55.94586842862759,-3.1843290195004235,NNW,55.94614559248735,-3.184443824530133,1924.0255094758472,2013.0326473050982
55.94614559248735,-3.184443824530133,SSE,55.94586842862759,-3.1843290195004235,1924.0255094758472,2011.7826473050982
55.94586842862759,-3.1843290195004235,NNW,55.94614559248735,-3.184443824530133,1924.0255094758472,2010.5326473050982
55.94614559248735,-3.184443824530133,SSE,55.94586842862759,-3.1843290195004235,1924.0255094758472,2009.2826473050982
55.94586842862759,-3.1843290195004235,NNW,55.94614559248735,-3.184443824530133,1924.0255094758472,2008.0326473050982
55.94614559248735,-3.184443824530133,SSE,55.94586842862759,-3.1843290195004235,1924.0255094758472,2006.7826473050982
55.94586842862759,-3.1843290195004235,NNW,55.94614559248735,-3.184443824530133,1924.0255094758472,2005.5326473050982
55.94614559248735,-3.184443824530133,SSE,55.94586842862759,-3.1843290195004235,1924.0255094758472,2004.2826473050982
55.94586842862759,-3.1843290195004235,NNW,55.94614559248735,-3.184443824530133,1924.0255094758472,2003.0326473050982
55.94614559248735,-3.184443824530133,SSE,55.94586842862759,-3.1843290195004235,1924.0255094758472,2001.7826473050982
55.94586842862759,-3.1843290195004235,NNW,55.94614559248735,-3.184443824530133,1924.0255094758472,2000.5326473050982
55.94614559248735,-3.184443824530133,SSE,55.94586842862759,-3.1843290195004235,1924.0255094758472,1999.2826473050982
55.94586842862759,-3.1843290195004235,NNW,55.94614559248735,-3.184443824530133,1924.0255094758472,1998.0326473050982
55.94614559248735,-3.184443824530133,SSE,55.94586842862759,-3.1843290195004235,1924.0255094758472,1996.7826473050982
55.94586842862759,-3.1843290195004235,NNW,55.94614559248735,-3.184443824530133,1924.0255094758472,1995.5326473050982
55.94614559248735,-3.184443824530133,SSE,55.94586842862759,-3.1843290195004235,1924.0255094758472,1994.2826473050982
55.94586842862759,-3.1843290195004235,NNW,55.94614559248735,-3.184443824530133,1924.0255094758472,1993.0326473050982
55.94614559248735,-3.184443824530133,SSE,55.94586842862759,-3.1843290195004235,1924.0255094758472,1991.7826473050982
55.94586842862759,-3.1843290195004235,NNW,55.94614559248735,-3.184443824530133,1924.0255094758472,1990.5326473050982
55.94614559248735,-3.184443824530133,SSE,55.94586842862759,-3.1843290195004235,1924.0255094758472,1989.2826473050982
55.94586842862759,-3.1843290195004235,NNW,55.94614559248735,-3.184443824530133,1924.0255094758472,1988.0326473050982
55.94614559248735,-3.184443824530133,SSE,55.94586842862759,-3.1843290195004235,1924.0255094758472,1986.7826473050982
55.94586842862759,-3.1843290195004235,NNW,55.94614559248735,-3.184443824530133,1924.0255094758472,1985.5326473050982
55.94614559248735,-3.184443824530133,SSE,55.94586842862759,-3.1843290195004235,1924.0255094758472,1984.2826473050982
55.94586842862759,-3.1843290195004235,NNW,55.94614559248735,-3.184443824530133,1924.0255094758472,1983.0326473050982
55.94614559248735,-3.184443824530133,SSE,55.94586842862759,-3.1843290195004235,1924.0255094758472,1981.7826473050982
55.94586842862759,-3.1843290195004235,NNW,55.94614559248735,-3.184443824530133,1924.0255094758472,1980.5326473050982
55.94614559248735,-3.184443824530133,SSE,55.94586842862759,-3.1843290195004235,1924.0255094758472,1979.2826473050982
55.94586842862759,-3.1843290195004235,NNW,55.94614559248735,-3.184443824530133,1924.0255094758472,1978.0326473050982
55.94614559248735,-3.184443824530133,SSE,55.94586842862759,-3.1843290195004235,1924.0255094758472,1976.7826473050982
55.94586842862759,-3.1843290195004235,NNW,55.94614559248735,-3.184443824530133,1924.0255094758472,1975.5326473050982
55.94614559248735,-3.184443824530133,SSE,55.94586842862759,-3.1843290195004235,1924.0255094758472,1974.2826473050982
55.94586842862759,-3.1843290195004235,NNW,55.94614559248735,-3.184443824530133,1924.0255094758472,1973.0326473050982
55.94614559248735,-3.184443824530133,SSE,55.94586842862759,-3.1843290195004235,1924.0255094758472,1971.7826473050982
55.94586842862759,-3.1843290195004235,NNW,55.94614559248735,-3.184443824530133,1924.0255094758472,1970.5326473050982
55.94614559248735,-3.184443824530133,SSE,55.94586842862759,-3.1843290195004235,1924.0255094758472,1969.2826473050982
55.94586842862759,-3.1843290195004235,NNW,55.94614559248735,-3.184443824530133,1924.0255094758472,1968.0326473050982
55.94614559248735,-3.184443824530133,SSE,55.94586842862759,-3.1843290195004235,1924.0255094758472,1966.7826473050982
55.94586842862759,-3.1843290195004235,NNW,55.94614559248735,-3.184443824530133,1924.0255094758472,1965.5326473050982
55.94614559248735,-3.184443824530133,SSE,55.94586842862759,-3.1843290195004235,1924.0255094758472,1964.2826473050982
55.94586842862759,-3.1843290195004235,NNW,55.94614559248735,-3.184443824530133,1924.0255094758472,1963.0326473050982
55.94614559248735,-3.184443824530133,SSE,55.94586842862759,-3.1843290195004235,1924.0255094758472,1961.7826473050982
55.94586842862759,-3.1843290195004235,NNW,55.94614559248735,-3.184443824530133,1924.0255094758472,1960.5326473050982
55.94614559248735,-3.184443824530133,SSE,55.94586842862759,-3.1843290195004235,1924.0255094758472,1959.2826473050982
55.94586842862759,-3.1843290195004235,NNW,55.94614559248735,-3.184443824530133,1924.0255094758472,1958.0326473050982
55.94614559248735,-3.184443824530133,SSE,55.94586842862759,-3.1843290195004235,1924.0255094758472,1956.7826473050982
55.94586842862759,-3.1843290195004235,NNW,55.94614559248735,-3.184443824530133,1924.0255094758472,1955.5326473050982
55.94614559248735,-3.184443824530133,SSE,55.94586842862759,-3.1843290195004235,1924.0255094758472,1954.2826473050982
55.94586842862759,-3.1843290195004235,NNW,55.94614559248735,-3.184443824530133,1924.0255094758472,1953.0326473050982
55.94614559248735,-3.184443824530133,SSE,55.94586842862759,-3.1843290195004235,1924.0255094758472,1951.7826473050982
55.94586842862759,-3.1843290195004235,NNW,55.94614559248735,-3.184443824530133,1924.0255094758472,1950.5326473050982
55.94614559248735,-3.184443824530133,SSE,55.94586842862759,-3.1843290195004235,1924.0255094758472,1949.2826473050982
55.94586842862759,-3.1843290195004235,NNW,55.94614559248735,-3.184443824530133,1924.0255094758472,1948.0326473050982
55.94614559248735,-3.184443824530133,SSE,55.94586842862759,-3.1843290195004235,1924.0255094758472,1946.7826473050982
55.94586842862759,-3.1843290195004235,NNW,55.94614559248735,-3.184443824530133,1924.0255094758472,1945.5326473050982
55.94614559248735,-3.184443824530133,SSE,55.94586842862759,-3.1843290195004235,1924.0255094758472,1944.2826473050982
55.94586842862759,-3.1843290195004235,NNW,55.94614559248735,-3.184443824530133,1924.0255094758472,1943.0326473050982
55.94614559248735,-3.184443824530133,SSE,55.94586842862759,-3.1843290195004235,1924.0255094758472,1941.7826473050982
55.94586842862759,-3.1843290195004235,NNW,55.94614559248735,-3.184443824530133,1924.0255094758472,1940.5326473050982
55.94614559248735,-3.184443824530133,SSE,55.94586842862759,-3.1843290195004235,1924.0255094758472,1939.2826473050982
55.94586842862759,-3.1843290195004235,NNW,55.94614559248735,-3.184443824530133,1924.0255094758472,1938.0326473050982
55.94614559248735,-3.184443824530133,SSE,55.94586842862759,-3.1843290195004235,1924.0255094758472,1936.7826473050982
55.94586842862759,-3.1843290195004235,NNW,55.94614559248735,-3.184443824530133,1924.0255094758472,1935.5326473050982
55.94614559248735,-3.184443824530133,SSE,55.94586842862759,-3.1843290195004235,1924.0255094758472,1934.2826473050982
55.94586842862759,-3.1843290195004235,NNW,55.94614559248735,-3.184443824530133,1924.0255094758472,1933.0326473050982
55.94614559248735,-3.184443824530133,SSE,55.94586842862759,-3.1843290195004235,1924.0255094758472,1931.7826473050982
55.94586842862759,-3.1843290195004235,NNW,55.94614559248735,-3.184443824530133,1924.0255094758472,1930.5326473050982
55.94614559248735,-3.184443824530133,SSE,55.94586842862759,-3.1843290195004235,1924.0255094758472,1929.2826473050982
55.94586842862759,-3.1843290195004235,NNW,55.94614559248735,-3.184443824530133,1924.0255094758472,1928.0326473050982
55.94614559248735,-3.184443824530133,SSE,55.94586842862759,-3.1843290195004235,1924.0255094758472,1926.7826473050982
55.94586842862759,-3.1843290195004235,NNW,55.94614559248735,-3.184443824530133,1924.0255094758472,1925.5326473050982
55.94614559248735,-3.184443824530133,SSE,55.94586842862759,-3.1843290195004235,1924.0255094758472,1924.2826473050982
55.94586842862759,-3.1843290195004235,NNW,55.94614559248735,-3.184443824530133,1924.0255094758472,1923.0326473050982
55.94614559248735,-3.184443824530133,SSE,55.94586842862759,-3.1843290195004235,1924.0255094758472,1921.7826473050982
55.94586842862759,-3.1843290195004235,NNW,55.94614559248735,-3.184443824530133,1924.0255094758472,1920.5326473050982
55.94614559248735,-3.184443824530133,SSE,55.94586842862759,-3.1843290195004235,1924.0255094758472,1919.2826473050982
55.94586842862759,-3.1843290195004235,NNW,55.94614559248735,-3.184443824530133,1924.0255094758472,1918.0326473050982
55.94614559248735,-3.184443824530133,SSE,55.94586842862759,-3.1843290195004235,1924.0255094758472,1916.7826473050982
55.94586842862759,-3.1843290195004235,NNW,55.94614559248735,-3.184443824530133,1924.0255094758472,1915.5326473050982
55.94614559248735,-3.184443824530133,SSE,55.94586842862759,-3.1843290195004235,1924.0255094758472,1914.2826473050982
55.94586842862759,-3.1843290195004235,NNW,55.94614559248735,-3.184443824530133,1924.0255094758472,1913.0326473050982
55.94614559248735,-3.184443824530133,SSE,55.94586842862759,-3.1843290195004235,1924.0255094758472,1911.7826473050982
55.94586842862759,-3.1843290195004235,NNW,55.94614559248735,-3.184443824530133,1924.0255094758472,1910.5326473050982
55.94614559248735,-3.184443824530133,SSE,55.94586842862759,-3.1843290195004235,1924.0255094758472,1909.2826473050982
55.94586842862759,-3.1843290195004235,NNW,55.94614559248735,-3.184443824530133,1924.0255094758472,1908.0326473050982
55.94614559248735,-3.184443824530133,SSE,55.94586842862759,-3.1843290195004235,1924.0255094758472,1906.7826473050982
55.94586842862759,-3.1843290195004235,NNW,55.94614559248735,-3.184443824530133,1924.0255094758472,1905.5326473050982
55.94614559248735,-3.184443824530133,SSE,55.94586842862759,-3.1843290195004235,1924.0255094758472,1904.2826473050982
55.94586842862759,-3.1843290195004235,NNW,55.94614559248735,-3.184443824530133,1924.0255094758472,1903.0326473050982
55.94614559248735,-3.184443824530133,SSE,55.94586842862759,-3.1843290195004235,1924.0255094758472,1901.7826473050982
55.94586842862759,-3.1843290195004235,NNW,55.94614559248735,-3.184443824530133,1924.0255094758472,1900.5326473050982
55.94614559248735,-3.184443824530133,SSE,55.94586842862759,-3.1843290195004235,1924.0255094758472,1899.2826473050982
55.94586842862759,-3.1843290195004235,NNW,55.94614559248735,-3.184443824530133,1924.0255094758472,1898.0326473050982
55.94614559248735,-3.184443824530133,SSE,55.94586842862759,-3.1843290195004235,1924.0255094758472,1896.7826473050982
55.94586842862759,-3.1843290195004235,NNW,55.94614559248735,-3.184443824530133,1924.0255094758472,1895.5326473050982
55.94614559248735,-3.184443824530133,SSE,55.94586842862759,-3.1843290195004235,1924.0255094758472,1894.2826473050982
55.94586842862759,-3.1843290195004235,NNW,55.94614559248735,-3.184443824530133,1924.0255094758472,1893.0326473050982
55.94614559248735,-3.184443824530133,SSE,55.94586842862759,-3.1843290195004235,1924.0255094758472,1891.7826473050982
55.94586842862759,-3.1843290195004235,NNW,55.94614559248735,-3.184443824530133,1924.0255094758472,1890.5326473050982
55.94614559248735,-3.184443824530133,SSE,55.94586842862759,-3.1843290195004235,1924.0255094758472,1889.2826473050982
55.94586842862759,-3.1843290195004235,NNW,55.94614559248735,-3.184443824530133,1924.0255094758472,1888.0326473050982
55.94614559248735,-3.184443824530133,SSE,55.94586842862759,-3.1843290195004235,1924.0255094758472,1886.7826473050982
55.94586842862759,-3.1843290195004235,NNW,55.94614559248735,-3.184443824530133,1924.0255094758472,1885.5326473050982
55.94614559248735,-3.184443824530133,SSE,55.94586842862759,-3.1843290195004235,1924.0255094758472,1884.2826473050982
