55.944425,-3.188396,NW,55.94463713203436,-3.188608132034356,115.20570401474365,368.75929507105684
55.94463713203436,-3.188608132034356,S,55.944337132034356,-3.188608132034356,115.20570401474365,367.50929507105684
55.944337132034356,-3.188608132034356,S,55.94403713203435,-3.188608132034356,234.7702920312151,373.13266888014203
55.94403713203435,-3.188608132034356,W,55.94403713203435,-3.188908132034356,293.2202745483873,459.92311910498546
55.94403713203435,-3.188908132034356,SE,55.943825,-3.188696,293.2202745483873,458.67311910498546
55.943825,-3.188696,SSE,55.94354783614024,-3.1885811949702907,364.78336642284717,492.40638313930447
55.94354783614024,-3.1885811949702907,SSE,55.943270672280484,-3.188466389940581,470.3357075100687,518.5943084150713
55.943270672280484,-3.188466389940581,SSW,55.94299350842073,-3.1885811949702907,518.6881512456906,564.0470235305454
55.94299350842073,-3.1885811949702907,ESE,55.94287870339102,-3.1883040311105373,518.6881512456906,562.7970235305454
55.94287870339102,-3.1883040311105373,SE,55.94266657135666,-3.1880918990761815,592.7532526852985,595.0636765530929
55.94266657135666,-3.1880918990761815,NNE,55.94294373521642,-3.187977094046472,592.7532526852985,593.8136765530929
55.94294373521642,-3.187977094046472,NE,55.94315586725077,-3.1877649620121162,592.7532526852985,592.5636765530929
55.94315586725077,-3.1877649620121162,ENE,55.943270672280484,-3.187487798152363,592.7532526852985,591.3136765530929
55.943270672280484,-3.187487798152363,SE,55.94305854024613,-3.187275666118007,592.7532526852985,590.0636765530929
55.94305854024613,-3.187275666118007,SSW,55.94278137638637,-3.1873904711477166,610.38124699059,645.4461502781196
55.94278137638637,-3.1873904711477166,NE,55.94299350842073,-3.187178339113361,610.38124699059,644.1961502781196
55.94299350842073,-3.187178339113361,NW,55.94320564045508,-3.1873904711477166,610.38124699059,642.9461502781196
55.94320564045508,-3.1873904711477166,NNW,55.94348280431484,-3.187505276177426,717.420882247735,683.9877167244298
55.94348280431484,-3.187505276177426,NNW,55.9437599681746,-3.1876200812071356,717.420882247735,682.7377167244298
55.9437599681746,-3.1876200812071356,WNW,55.94387477320431,-3.187897245066889,717.420882247735,681.4877167244298
55.94387477320431,-3.187897245066889,W,55.94387477320431,-3.188197245066889,757.2649438234447,795.4920698264904
55.94387477320431,-3.188197245066889,NNE,55.94415193706406,-3.1880824400371797,853.6261007696912,821.4965367239967
55.94415193706406,-3.1880824400371797,WNW,55.944266742093774,-3.188359603896933,853.6261007696912,820.2465367239967
55.944266742093774,-3.188359603896933,WNW,55.944381547123484,-3.1886367677566865,853.6261007696912,818.9965367239967
55.944381547123484,-3.1886367677566865,WNW,55.944496352153195,-3.18891393161644,853.6261007696912,817.7465367239967
55.944496352153195,-3.18891393161644,WNW,55.944611157182905,-3.1891910954761933,853.6261007696912,816.4965367239967
55.944611157182905,-3.1891910954761933,W,55.944611157182905,-3.1894910954761935,947.2854110169452,885.0693290776345
55.944611157182905,-3.1894910954761935,SW,55.94439902514855,-3.1897032275105492,947.2854110169452,883.8193290776345
55.94439902514855,-3.1897032275105492,NNW,55.944676189008305,-3.1898180325402588,947.2854110169452,882.5693290776345
55.944676189008305,-3.1898180325402588,SE,55.94446405697395,-3.189605900505903,947.2854110169452,881.3193290776345
55.94446405697395,-3.189605900505903,SSW,55.94418689311419,-3.1897207055356125,947.2854110169452,880.0693290776345
55.94418689311419,-3.1897207055356125,W,55.94418689311419,-3.1900207055356127,1008.5639055797766,987.1026480792494
55.94418689311419,-3.1900207055356127,SSE,55.943909729254436,-3.189905900505903,1034.8754979797138,1048.1151301519667
55.943909729254436,-3.189905900505903,SSE,55.94363256539468,-3.1897910954761937,1034.8754979797138,1046.8651301519667
55.94363256539468,-3.1897910954761937,SSE,55.94335540153492,-3.189676290446484,1108.0663663242292,1152.1543081612976
55.94335540153492,-3.189676290446484,S,55.94305540153492,-3.189676290446484,1108.0663663242292,1150.9043081612976
55.94305540153492,-3.189676290446484,SSE,55.942778237675164,-3.1895614854167746,1217.8661368846963,1201.6741676078202
55.942778237675164,-3.1895614854167746,WNW,55.942893042704874,-3.189838649276528,1217.8661368846963,1200.4241676078202
55.942893042704874,-3.189838649276528,WNW,55.943007847734584,-3.1901158131362815,1217.8661368846963,1199.1741676078202
55.943007847734584,-3.1901158131362815,NW,55.94321997976894,-3.1903279451706372,1217.8661368846963,1197.9241676078202
55.94321997976894,-3.1903279451706372,WNW,55.94333478479865,-3.1906051090303906,1217.8661368846963,1196.6741676078202
55.94333478479865,-3.1906051090303906,NW,55.94354691683301,-3.1908172410647464,1285.461328495531,1213.6094461102848
55.94354691683301,-3.1908172410647464,NW,55.94375904886736,-3.191029373099102,1317.1120779330495,1305.426805735367
55.94375904886736,-3.191029373099102,WSW,55.94364424383765,-3.1913065369588556,1317.1120779330495,1304.176805735367
55.94364424383765,-3.1913065369588556,WSW,55.94352943880794,-3.191583700818609,1317.1120779330495,1302.926805735367
55.94352943880794,-3.191583700818609,WSW,55.94341463377823,-3.1918608646783624,1411.3701568880447,1320.4892495281501
55.94341463377823,-3.1918608646783624,WSW,55.94329982874852,-3.192138028538116,1431.7785174237283,1368.386292419426
55.94329982874852,-3.192138028538116,N,55.943599828748525,-3.192138028538116,1431.7785174237283,1367.136292419426
55.943599828748525,-3.192138028538116,N,55.94389982874853,-3.192138028538116,1431.7785174237283,1365.886292419426
55.94389982874853,-3.192138028538116,NNE,55.944176992608284,-3.1920232235084063,1431.7785174237283,1364.636292419426
55.944176992608284,-3.1920232235084063,N,55.94447699260829,-3.1920232235084063,1431.7785174237283,1363.386292419426
55.94447699260829,-3.1920232235084063,NNE,55.94475415646804,-3.1919084184786968,1512.5957334055288,1440.2372034445766
55.94475415646804,-3.1919084184786968,ENE,55.944868961497754,-3.1916312546189434,1512.5957334055288,1438.9872034445766
55.944868961497754,-3.1916312546189434,NE,55.94508109353211,-3.1914191225845876,1512.5957334055288,1437.7372034445766
55.94508109353211,-3.1914191225845876,ENE,55.94519589856182,-3.191141958724834,1603.902272222521,1552.1358989743358
55.94519589856182,-3.191141958724834,NNW,55.94547306242158,-3.1912567637545437,1603.902272222521,1550.8858989743358
55.94547306242158,-3.1912567637545437,NNW,55.94575022628133,-3.191371568784253,1603.902272222521,1549.6358989743358
55.94575022628133,-3.191371568784253,N,55.946050226281336,-3.191371568784253,1693.6309947183731,1602.547227303784
55.946050226281336,-3.191371568784253,SE,55.94583809424698,-3.1911594367498974,1693.6309947183731,1601.297227303784
55.94583809424698,-3.1911594367498974,ENE,55.94595289927669,-3.190882272890144,1693.6309947183731,1600.047227303784
55.94595289927669,-3.190882272890144,E,55.94595289927669,-3.190582272890144,1693.6309947183731,1598.797227303784
55.94595289927669,-3.190582272890144,SSE,55.945675735416934,-3.1904674678604343,1693.6309947183731,1597.547227303784
55.945675735416934,-3.1904674678604343,SSE,55.94539857155718,-3.190352662830725,1693.6309947183731,1596.297227303784
55.94539857155718,-3.190352662830725,SSE,55.94512140769742,-3.1902378578010153,1719.4064628539656,1609.3350558742573
55.94512140769742,-3.1902378578010153,ENE,55.94523621272713,-3.189960693941262,1719.4064628539656,1608.0850558742573
55.94523621272713,-3.189960693941262,ENE,55.94535101775684,-3.1896835300815085,1719.4064628539656,1606.8350558742573
55.94535101775684,-3.1896835300815085,ENE,55.94546582278655,-3.189406366221755,1719.4064628539656,1605.5850558742573
55.94546582278655,-3.189406366221755,SSE,55.945188658926796,-3.1892915611920456,1719.4064628539656,1604.3350558742573
55.945188658926796,-3.1892915611920456,E,55.945188658926796,-3.1889915611920454,1719.4064628539656,1603.0850558742573
55.945188658926796,-3.1889915611920454,NE,55.94540079096115,-3.1887794291576896,1719.4064628539656,1601.8350558742573
55.94540079096115,-3.1887794291576896,NE,55.94561292299551,-3.188567297123334,1719.4064628539656,1600.5850558742573
55.94561292299551,-3.188567297123334,NE,55.945825055029864,-3.188355165088978,1782.8897791238044,1611.428746093195
55.945825055029864,-3.188355165088978,E,55.945825055029864,-3.188055165088978,1782.8897791238044,1610.178746093195
55.945825055029864,-3.188055165088978,E,55.945825055029864,-3.1877551650889777,1782.8897791238044,1608.928746093195
55.945825055029864,-3.1877551650889777,E,55.945825055029864,-3.1874551650889775,1833.473110412208,1629.2196817068336
55.945825055029864,-3.1874551650889775,ENE,55.945939860059575,-3.187178001229224,1833.473110412208,1627.9696817068336
55.945939860059575,-3.187178001229224,E,55.945939860059575,-3.186878001229224,1833.473110412208,1626.7196817068336
55.945939860059575,-3.186878001229224,ENE,55.946054665089285,-3.1866008373694705,1917.970115901379,1644.68236099406
55.946054665089285,-3.1866008373694705,WNW,55.946169470118996,-3.186878001229224,1917.970115901379,1643.43236099406
55.946169470118996,-3.186878001229224,E,55.946169470118996,-3.1865780012292237,1998.275522251632,1655.024949340957
55.946169470118996,-3.1865780012292237,ESE,55.946054665089285,-3.1863008373694703,1998.275522251632,1653.774949340957
55.946054665089285,-3.1863008373694703,ESE,55.945939860059575,-3.186023673509717,1998.275522251632,1652.524949340957
55.945939860059575,-3.186023673509717,ESE,55.945825055029864,-3.1857465096499635,1998.275522251632,1651.274949340957
55.945825055029864,-3.1857465096499635,ESE,55.945710250000154,-3.18546934579021,2013.487806835353,1680.388102120395
55.945710250000154,-3.18546934579021,NNE,55.94598741385991,-3.1853545407605006,2013.487806835353,1679.138102120395
55.94598741385991,-3.1853545407605006,ESE,55.9458726088302,-3.185077376900747,2071.7964546617286,1755.4861483595234
55.9458726088302,-3.185077376900747,WSW,55.94575780380049,-3.1853545407605006,2071.7964546617286,1754.2361483595234
55.94575780380049,-3.1853545407605006,S,55.94545780380049,-3.1853545407605006,2071.7964546617286,1752.9861483595234
55.94545780380049,-3.1853545407605006,SE,55.94524567176613,-3.185142408726145,2071.7964546617286,1751.7361483595234
55.94524567176613,-3.185142408726145,SE,55.945033539731774,-3.184930276691789,2149.976210877154,1860.0020930425753
55.945033539731774,-3.184930276691789,E,55.945033539731774,-3.184630276691789,2193.327334765553,1981.6152347918699
55.945033539731774,-3.184630276691789,WSW,55.944918734702064,-3.1849074405515423,2193.327334765553,1980.3652347918699
55.944918734702064,-3.1849074405515423,WSW,55.944803929672354,-3.1851846044112957,2193.327334765553,1979.1152347918699
55.944803929672354,-3.1851846044112957,WSW,55.94468912464264,-3.185461768271049,2193.327334765553,1977.8652347918699
55.94468912464264,-3.185461768271049,SW,55.94447699260829,-3.185673900305405,2193.327334765553,1976.6152347918699
55.94447699260829,-3.185673900305405,WSW,55.94436218757858,-3.1859510641651583,2231.9390847499335,2063.913597561165
55.94436218757858,-3.1859510641651583,W,55.94436218757858,-3.1862510641651585,2245.96577800156,2158.134817650537
55.94436218757858,-3.1862510641651585,SSW,55.94408502371882,-3.186365869194868,2245.96577800156,2156.884817650537
55.94408502371882,-3.186365869194868,SSW,55.943807859859064,-3.1864806742245775,2345.965802808345,2258.934833811978
55.943807859859064,-3.1864806742245775,SE,55.94359572782471,-3.1862685421902217,2433.8308814942957,2364.827337064681
55.94359572782471,-3.1862685421902217,NW,55.943807859859064,-3.1864806742245775,2433.8308814942957,2363.577337064681
55.943807859859064,-3.1864806742245775,SE,55.94359572782471,-3.1862685421902217,2433.8308814942957,2362.327337064681
55.94359572782471,-3.1862685421902217,NW,55.943807859859064,-3.1864806742245775,2433.8308814942957,2361.077337064681
55.943807859859064,-3.1864806742245775,SE,55.94359572782471,-3.1862685421902217,2433.8308814942957,2359.827337064681
55.94359572782471,-3.1862685421902217,NW,55.943807859859064,-3.1864806742245775,2433.8308814942957,2358.577337064681
55.943807859859064,-3.1864806742245775,SE,55.94359572782471,-3.1862685421902217,2433.8308814942957,2357.327337064681
55.94359572782471,-3.1862685421902217,NW,55.943807859859064,-3.1864806742245775,2433.8308814942957,2356.077337064681
55.943807859859064,-3.1864806742245775,SE,55.94359572782471,-3.1862685421902217,2433.8308814942957,2354.827337064681
55.94359572782471,-3.1862685421902217,NW,55.943807859859064,-3.1864806742245775,2433.8308814942957,2353.577337064681
55.943807859859064,-3.1864806742245775,SE,55.94359572782471,-3.1862685421902217,2433.8308814942957,2352.327337064681
55.94359572782471,-3.1862685421902217,NW,55.943807859859064,-3.1864806742245775,2433.8308814942957,2351.077337064681
55.943807859859064,-3.1864806742245775,SE,55.94359572782471,-3.1862685421902217,2433.8308814942957,2349.827337064681
55.94359572782471,-3.1862685421902217,NW,55.943807859859064,-3.1864806742245775,2433.8308814942957,2348.577337064681
55.943807859859064,-3.1864806742245775,SE,55.94359572782471,-3.1862685421902217,2433.8308814942957,2347.327337064681
55.94359572782471,-3.1862685421902217,NW,55.943807859859064,-3.1864806742245775,2433.8308814942957,2346.077337064681
55.943807859859064,-3.1864806742245775,SE,55.94359572782471,-3.1862685421902217,2433.8308814942957,2344.827337064681
55.94359572782471,-3.1862685421902217,NW,55.943807859859064,-3.1864806742245775,2433.8308814942957,2343.577337064681
55.943807859859064,-3.1864806742245775,SE,55.94359572782471,-3.1862685421902217,2433.8308814942957,2342.327337064681
55.94359572782471,-3.1862685421902217,NW,55.943807859859064,-3.1864806742245775,2433.8308814942957,2341.077337064681
55.943807859859064,-3.1864806742245775,SE,55.94359572782471,-3.1862685421902217,2433.8308814942957,2339.827337064681
55.94359572782471,-3.1862685421902217,NW,55.943807859859064,-3.1864806742245775,2433.8308814942957,2338.577337064681
55.943807859859064,-3.1864806742245775,SE,55.94359572782471,-3.1862685421902217,2433.8308814942957,2337.327337064681
55.94359572782471,-3.1862685421902217,NW,55.943807859859064,-3.1864806742245775,2433.8308814942957,2336.077337064681
55.943807859859064,-3.1864806742245775,SE,55.94359572782471,-3.1862685421902217,2433.8308814942957,2334.827337064681
55.94359572782471,-3.1862685421902217,NW,55.943807859859064,-3.1864806742245775,2433.8308814942957,2333.577337064681
55.943807859859064,-3.1864806742245775,SE,55.94359572782471,-3.1862685421902217,2433.8308814942957,2332.327337064681
55.94359572782471,-3.1862685421902217,NW,55.943807859859064,-3.1864806742245775,2433.8308814942957,2331.077337064681
55.943807859859064,-3.1864806742245775,SE,55.94359572782471,-3.1862685421902217,2433.8308814942957,2329.827337064681
55.94359572782471,-3.1862685421902217,NW,55.943807859859064,-3.1864806742245775,2433.8308814942957,2328.577337064681
55.943807859859064,-3.1864806742245775,SE,55.94359572782471,-3.1862685421902217,2433.8308814942957,2327.327337064681
55.94359572782471,-3.1862685421902217,NW,55.943807859859064,-3.1864806742245775,2433.8308814942957,2326.077337064681
55.943807859859064,-3.1864806742245775,SE,55.94359572782471,-3.1862685421902217,2433.8308814942957,2324.827337064681
55.94359572782471,-3.1862685421902217,NW,55.943807859859064,-3.1864806742245775,2433.8308814942957,2323.577337064681
55.943807859859064,-3.1864806742245775,SE,55.94359572782471,-3.1862685421902217,2433.8308814942957,2322.327337064681
55.94359572782471,-3.1862685421902217,NW,55.943807859859064,-3.1864806742245775,2433.8308814942957,2321.077337064681
55.943807859859064,-3.1864806742245775,SE,55.94359572782471,-3.1862685421902217,2433.8308814942957,2319.827337064681
55.94359572782471,-3.1862685421902217,NW,55.943807859859064,-3.1864806742245775,2433.8308814942957,2318.577337064681
55.943807859859064,-3.1864806742245775,SE,55.94359572782471,-3.1862685421902217,2433.8308814942957,2317.327337064681
55.94359572782471,-3.1862685421902217,NW,55.943807859859064,-3.1864806742245775,2433.8308814942957,2316.077337064681
55.943807859859064,-3.1864806742245775,SE,55.94359572782471,-3.1862685421902217,2433.8308814942957,2314.827337064681
55.94359572782471,-3.1862685421902217,NW,55.943807859859064,-3.1864806742245775,2433.8308814942957,2313.577337064681
55.943807859859064,-3.1864806742245775,SE,55.94359572782471,-3.1862685421902217,2433.8308814942957,2312.327337064681
55.94359572782471,-3.1862685421902217,NW,55.943807859859064,-3.1864806742245775,2433.8308814942957,2311.077337064681
55.943807859859064,-3.1864806742245775,SE,55.94359572782471,-3.1862685421902217,2433.8308814942957,2309.827337064681
55.94359572782471,-3.1862685421902217,NW,55.943807859859064,-3.1864806742245775,2433.8308814942957,2308.577337064681
55.943807859859064,-3.1864806742245775,SE,55.94359572782471,-3.1862685421902217,2433.8308814942957,2307.327337064681
55.94359572782471,-3.1862685421902217,NW,55.943807859859064,-3.1864806742245775,2433.8308814942957,2306.077337064681
55.943807859859064,-3.1864806742245775,SE,55.94359572782471,-3.1862685421902217,2433.8308814942957,2304.827337064681
55.94359572782471,-3.1862685421902217,NW,55.943807859859064,-3.1864806742245775,2433.8308814942957,2303.577337064681
55.943807859859064,-3.1864806742245775,SE,55.94359572782471,-3.1862685421902217,2433.8308814942957,2302.327337064681
55.94359572782471,-3.1862685421902217,NW,55.943807859859064,-3.1864806742245775,2433.8308814942957,2301.077337064681
55.943807859859064,-3.1864806742245775,SE,55.94359572782471,-3.1862685421902217,2433.8308814942957,2299.827337064681
55.94359572782471,-3.1862685421902217,NW,55.943807859859064,-3.1864806742245775,2433.8308814942957,2298.577337064681
55.943807859859064,-3.1864806742245775,SE,55.94359572782471,-3.1862685421902217,2433.8308814942957,2297.327337064681
55.94359572782471,-3.1862685421902217,NW,55.943807859859064,-3.1864806742245775,2433.8308814942957,2296.077337064681
55.943807859859064,-3.1864806742245775,SE,55.94359572782471,-3.1862685421902217,2433.8308814942957,2294.827337064681
55.94359572782471,-3.1862685421902217,NW,55.943807859859064,-3.1864806742245775,2433.8308814942957,2293.577337064681
55.943807859859064,-3.1864806742245775,SE,55.94359572782471,-3.1862685421902217,2433.8308814942957,2292.327337064681
55.94359572782471,-3.1862685421902217,NW,55.943807859859064,-3.1864806742245775,2433.8308814942957,2291.077337064681
55.943807859859064,-3.1864806742245775,SE,55.94359572782471,-3.1862685421902217,2433.8308814942957,2289.827337064681
55.94359572782471,-3.1862685421902217,NW,55.943807859859064,-3.1864806742245775,2433.8308814942957,2288.577337064681
55.943807859859064,-3.1864806742245775,SE,55.94359572782471,-3.1862685421902217,2433.8308814942957,2287.327337064681
55.94359572782471,-3.1862685421902217,NW,55.943807859859064,-3.1864806742245775,2433.8308814942957,2286.077337064681
55.943807859859064,-3.1864806742245775,SE,55.94359572782471,-3.1862685421902217,2433.8308814942957,2284.827337064681
55.94359572782471,-3.1862685421902217,NW,55.943807859859064,-3.1864806742245775,2433.8308814942957,2283.577337064681
55.943807859859064,-3.1864806742245775,SE,55.94359572782471,-3.1862685421902217,2433.8308814942957,2282.327337064681
55.94359572782471,-3.1862685421902217,NW,55.943807859859064,-3.1864806742245775,2433.8308814942957,2281.077337064681
55.943807859859064,-3.1864806742245775,SE,55.94359572782471,-3.1862685421902217,2433.8308814942957,2279.827337064681
55.94359572782471,-3.1862685421902217,NW,55.943807859859064,-3.1864806742245775,2433.8308814942957,2278.577337064681
55.943807859859064,-3.1864806742245775,SE,55.94359572782471,-3.1862685421902217,2433.8308814942957,2277.327337064681
55.94359572782471,-3.1862685421902217,NW,55.943807859859064,-3.1864806742245775,2433.8308814942957,2276.077337064681
55.943807859859064,-3.1864806742245775,SE,55.94359572782471,-3.1862685421902217,2433.8308814942957,2274.827337064681
55.94359572782471,-3.1862685421902217,NW,55.943807859859064,-3.1864806742245775,2433.8308814942957,2273.577337064681
55.943807859859064,-3.1864806742245775,SE,55.94359572782471,-3.1862685421902217,2433.8308814942957,2272.327337064681
55.94359572782471,-3.1862685421902217,NW,55.943807859859064,-3.1864806742245775,2433.8308814942957,2271.077337064681
55.943807859859064,-3.1864806742245775,SE,55.94359572782471,-3.1862685421902217,2433.8308814942957,2269.827337064681
55.94359572782471,-3.1862685421902217,NW,55.943807859859064,-3.1864806742245775,2433.8308814942957,2268.577337064681
55.943807859859064,-3.1864806742245775,SE,55.94359572782471,-3.1862685421902217,2433.8308814942957,2267.327337064681
55.94359572782471,-3.1862685421902217,NW,55.943807859859064,-3.1864806742245775,2433.8308814942957,2266.077337064681
55.943807859859064,-3.1864806742245775,SE,55.94359572782471,-3.1862685421902217,2433.8308814942957,2264.827337064681
55.94359572782471,-3.1862685421902217,NW,55.943807859859064,-3.1864806742245775,2433.8308814942957,2263.577337064681
55.943807859859064,-3.1864806742245775,SE,55.94359572782471,-3.1862685421902217,2433.8308814942957,2262.327337064681
55.94359572782471,-3.1862685421902217,NW,55.943807859859064,-3.1864806742245775,2433.8308814942957,2261.077337064681
55.943807859859064,-3.1864806742245775,SE,55.94359572782471,-3.1862685421902217,2433.8308814942957,2259.827337064681
55.94359572782471,-3.1862685421902217,NW,55.943807859859064,-3.1864806742245775,2433.8308814942957,2258.577337064681
55.943807859859064,-3.1864806742245775,SE,55.94359572782471,-3.1862685421902217,2433.8308814942957,2257.327337064681
55.94359572782471,-3.1862685421902217,NW,55.943807859859064,-3.1864806742245775,2433.8308814942957,2256.077337064681
55.943807859859064,-3.1864806742245775,SE,55.94359572782471,-3.1862685421902217,2433.8308814942957,2254.827337064681
55.94359572782471,-3.1862685421902217,NW,55.943807859859064,-3.1864806742245775,2433.8308814942957,2253.577337064681
55.943807859859064,-3.1864806742245775,SE,55.94359572782471,-3.1862685421902217,2433.8308814942957,2252.327337064681
55.94359572782471,-3.1862685421902217,NW,55.943807859859064,-3.1864806742245775,2433.8308814942957,2251.077337064681
55.943807859859064,-3.1864806742245775,SE,55.94359572782471,-3.1862685421902217,2433.8308814942957,2249.827337064681
55.94359572782471,-3.1862685421902217,NW,55.943807859859064,-3.1864806742245775,2433.8308814942957,2248.577337064681
55.943807859859064,-3.1864806742245775,SE,55.94359572782471,-3.1862685421902217,2433.8308814942957,2247.327337064681
55.94359572782471,-3.1862685421902217,NW,55.943807859859064,-3.1864806742245775,2433.8308814942957,2246.077337064681
55.943807859859064,-3.1864806742245775,SE,55.94359572782471,-3.1862685421902217,2433.8308814942957,2244.827337064681
55.94359572782471,-3.1862685421902217,NW,55.943807859859064,-3.1864806742245775,2433.8308814942957,2243.577337064681
55.943807859859064,-3.1864806742245775,SE,55.94359572782471,-3.1862685421902217,2433.8308814942957,2242.327337064681
55.94359572782471,-3.1862685421902217,NW,55.943807859859064,-3.1864806742245775,2433.8308814942957,2241.077337064681
55.943807859859064,-3.1864806742245775,SE,55.94359572782471,-3.1862685421902217,2433.8308814942957,2239.827337064681
55.94359572782471,-3.1862685421902217,NW,55.943807859859064,-3.1864806742245775,2433.8308814942957,2238.577337064681
55.943807859859064,-3.1864806742245775,SE,55.94359572782471,-3.1862685421902217,2433.8308814942957,2237.327337064681
55.94359572782471,-3.1862685421902217,NW,55.943807859859064,-3.1864806742245775,2433.8308814942957,2236.077337064681
55.943807859859064,-3.1864806742245775,SE,55.94359572782471,-3.1862685421902217,2433.8308814942957,2234.827337064681
55.94359572782471,-3.1862685421902217,NW,55.943807859859064,-3.1864806742245775,2433.8308814942957,2233.577337064681
55.943807859859064,-3.1864806742245775,SE,55.94359572782471,-3.1862685421902217,2433.8308814942957,2232.327337064681
55.94359572782471,-3.1862685421902217,NW,55.943807859859064,-3.1864806742245775,2433.8308814942957,2231.077337064681
55.943807859859064,-3.1864806742245775,SE,55.94359572782471,-3.1862685421902217,2433.8308814942957,2229.827337064681
55.94359572782471,-3.1862685421902217,NW,55.943807859859064,-3.1864806742245775,2433.8308814942957,2228.577337064681
55.943807859859064,-3.1864806742245775,SE,55.94359572782471,-3.1862685421902217,2433.8308814942957,2227.327337064681
55.94359572782471,-3.1862685421902217,NW,55.943807859859064,-3.1864806742245775,2433.8308814942957,2226.077337064681
55.943807859859064,-3.1864806742245775,SE,55.94359572782471,-3.1862685421902217,2433.8308814942957,2224.827337064681
55.94359572782471,-3.1862685421902217,NW,55.943807859859064,-3.1864806742245775,2433.8308814942957,2223.577337064681
55.943807859859064,-3.1864806742245775,SE,55.94359572782471,-3.1862685421902217,2433.8308814942957,2222.327337064681
55.94359572782471,-3.1862685421902217,NW,55.943807859859064,-3.1864806742245775,2433.8308814942957,2221.077337064681
55.943807859859064,-3.1864806742245775,SE,55.94359572782471,-3.1862685421902217,2433.8308814942957,2219.827337064681
55.94359572782471,-3.1862685421902217,NW,55.943807859859064,-3.1864806742245775,2433.8308814942957,2218.577337064681
55.943807859859064,-3.1864806742245775,SE,55.94359572782471,-3.1862685421902217,2433.8308814942957,2217.327337064681
55.94359572782471,-3.1862685421902217,NW,55.943807859859064,-3.1864806742245775,2433.8308814942957,2216.077337064681
55.943807859859064,-3.1864806742245775,SE,55.94359572782471,-3.1862685421902217,2433.8308814942957,2214.827337064681
55.94359572782471,-3.1862685421902217,NW,55.943807859859064,-3.1864806742245775,2433.8308814942957,2213.577337064681
55.943807859859064,-3.1864806742245775,SE,55.94359572782471,-3.1862685421902217,2433.8308814942957,2212.327337064681
55.94359572782471,-3.1862685421902217,NW,55.943807859859064,-3.1864806742245775,2433.8308814942957,2211.077337064681
55.943807859859064,-3.1864806742245775,SE,55.94359572782471,-3.1862685421902217,2433.8308814942957,2209.827337064681
55.94359572782471,-3.1862685421902217,NW,55.943807859859064,-3.1864806742245775,2433.8308814942957,2208.577337064681
55.943807859859064,-3.1864806742245775,SE,55.94359572782471,-3.1862685421902217,2433.8308814942957,2207.327337064681
55.94359572782471,-3.1862685421902217,NW,55.943807859859064,-3.1864806742245775,2433.8308814942957,2206.077337064681
55.943807859859064,-3.1864806742245775,SE,55.94359572782471,-3.1862685421902217,2433.8308814942957,2204.827337064681
55.94359572782471,-3.1862685421902217,NW,55.943807859859064,-3.1864806742245775,2433.8308814942957,2203.577337064681
55.943807859859064,-3.1864806742245775,SE,55.94359572782471,-3.1862685421902217,2433.8308814942957,2202.327337064681
55.94359572782471,-3.1862685421902217,NW,55.943807859859064,-3.1864806742245775,2433.8308814942957,2201.077337064681
55.943807859859064,-3.1864806742245775,SE,55.94359572782471,-3.1862685421902217,2433.8308814942957,2199.827337064681
55.94359572782471,-3.1862685421902217,NW,55.943807859859064,-3.1864806742245775,2433.8308814942957,2198.577337064681
55.943807859859064,-3.1864806742245775,SE,55.94359572782471,-3.1862685421902217,2433.8308814942957,2197.327337064681
55.94359572782471,-3.1862685421902217,NW,55.943807859859064,-3.1864806742245775,2433.8308814942957,2196.077337064681
55.943807859859064,-3.1864806742245775,SE,55.94359572782471,-3.1862685421902217,2433.8308814942957,2194.827337064681
55.94359572782471,-3.1862685421902217,NW,55.943807859859064,-3.1864806742245775,2433.8308814942957,2193.577337064681
55.943807859859064,-3.1864806742245775,SE,55.94359572782471,-3.1862685421902217,2433.8308814942957,2192.327337064681
55.94359572782471,-3.1862685421902217,NW,55.943807859859064,-3.1864806742245775,2433.8308814942957,2191.077337064681
55.943807859859064,-3.1864806742245775,SE,55.94359572782471,-3.1862685421902217,2433.8308814942957,2189.827337064681
55.94359572782471,-3.1862685421902217,NW,55.943807859859064,-3.1864806742245775,2433.8308814942957,2188.577337064681
55.943807859859064,-3.1864806742245775,SE,55.94359572782471,-3.1862685421902217,2433.8308814942957,2187.327337064681
55.94359572782471,-3.1862685421902217,NW,55.943807859859064,-3.1864806742245775,2433.8308814942957,2186.077337064681
55.943807859859064,-3.1864806742245775,SE,55.94359572782471,-3.1862685421902217,2433.8308814942957,2184.827337064681
55.94359572782471,-3.1862685421902217,NW,55.943807859859064,-3.1864806742245775,2433.8308814942957,2183.577337064681
55.943807859859064,-3.1864806742245775,SE,55.94359572782471,-3.1862685421902217,2433.8308814942957,2182.327337064681
55.94359572782471,-3.1862685421902217,NW,55.943807859859064,-3.1864806742245775,2433.8308814942957,2181.077337064681
55.943807859859064,-3.1864806742245775,SE,55.94359572782471,-3.1862685421902217,2433.8308814942957,2179.827337064681
55.94359572782471,-3.1862685421902217,NW,55.943807859859064,-3.1864806742245775,2433.8308814942957,2178.577337064681
55.943807859859064,-3.1864806742245775,SE,55.94359572782471,-3.1862685421902217,2433.8308814942957,2177.327337064681
