55.944425,-3.188396,S,55.944125,-3.188396,0.0,248.75
55.944125,-3.188396,SE,55.94391286796564,-3.1881838679656442,73.36938705202775,324.82883673508763
55.94391286796564,-3.1881838679656442,WSW,55.94379806293593,-3.1884610318253976,73.36938705202775,323.57883673508763
55.94379806293593,-3.1884610318253976,WSW,55.94368325790622,-3.188738195685151,73.36938705202775,322.32883673508763
55.94368325790622,-3.188738195685151,SSW,55.943406094046466,-3.1888530007148606,130.0079472706648,404.7408781071255
55.943406094046466,-3.1888530007148606,SW,55.94319396201211,-3.1890651327492163,130.0079472706648,403.4908781071255
55.94319396201211,-3.1890651327492163,WSW,55.9430791569824,-3.1893422966089697,130.0079472706648,402.2408781071255
55.9430791569824,-3.1893422966089697,SW,55.94286702494804,-3.1895544286433255,130.0079472706648,400.9908781071255
55.94286702494804,-3.1895544286433255,SW,55.94265489291369,-3.1897665606776813,179.4463798629765,469.57360116949974
55.94265489291369,-3.1897665606776813,W,55.94265489291369,-3.1900665606776815,179.4463798629765,468.32360116949974
55.94265489291369,-3.1900665606776815,W,55.94265489291369,-3.1903665606776817,179.4463798629765,467.07360116949974
55.94265489291369,-3.1903665606776817,W,55.94265489291369,-3.190666560677682,179.4463798629765,465.82360116949974
55.94265489291369,-3.190666560677682,W,55.94265489291369,-3.190966560677682,257.1017974875462,548.0654802960265
55.94265489291369,-3.190966560677682,NNW,55.942932056773444,-3.1910813657073915,257.1017974875462,546.8154802960265
55.942932056773444,-3.1910813657073915,N,55.94323205677345,-3.1910813657073915,188.64882121139436,541.6158244637263
55.94323205677345,-3.1910813657073915,NNW,55.9435092206332,-3.191196170737101,250.34633261468528,561.7303689217977
55.9435092206332,-3.191196170737101,NW,55.94372135266756,-3.191408302771457,294.6603727351726,566.0940023890893
55.94372135266756,-3.191408302771457,NW,55.943933484701915,-3.1916204348058126,310.31557972313016,605.607429620446
55.943933484701915,-3.1916204348058126,N,55.94423348470192,-3.1916204348058126,310.31557972313016,604.357429620446
55.94423348470192,-3.1916204348058126,NW,55.944445616736274,-3.1918325668401684,399.47432578011626,705.8982343682148
55.944445616736274,-3.1918325668401684,NE,55.94465774877063,-3.1916204348058126,491.56917917366917,709.7433981636477
55.94465774877063,-3.1916204348058126,NE,55.94486988080499,-3.191408302771457,491.56917917366917,708.4933981636477
55.94486988080499,-3.191408302771457,NNE,55.94514704466474,-3.1912934977417473,555.4991060563456,825.1230078151797
55.94514704466474,-3.1912934977417473,E,55.94514704466474,-3.190993497741747,555.4991060563456,823.8730078151797
55.94514704466474,-3.190993497741747,E,55.94514704466474,-3.190693497741747,555.4991060563456,822.6230078151797
55.94514704466474,-3.190693497741747,NE,55.9453591766991,-3.190481365707391,671.2714874350357,907.430202821315
55.9453591766991,-3.190481365707391,SSE,55.94508201283934,-3.1903665606776817,671.2714874350357,906.180202821315
55.94508201283934,-3.1903665606776817,SSE,55.94480484897959,-3.190251755647972,732.0692126113216,941.448311321193
55.94480484897959,-3.190251755647972,ESE,55.944690043949876,-3.1899745917882187,742.8467145085182,1001.9405330701918
55.944690043949876,-3.1899745917882187,NE,55.94490217598423,-3.189762459753863,838.9287891621665,1035.2756188383962
55.94490217598423,-3.189762459753863,NE,55.94511430801859,-3.189550327719507,838.9287891621665,1034.0256188383962
55.94511430801859,-3.189550327719507,NE,55.945326440052945,-3.1893381956851514,838.9287891621665,1032.7756188383962
55.945326440052945,-3.1893381956851514,NNE,55.9456036039127,-3.189223390655442,919.5592771525287,1147.3720964447675
55.9456036039127,-3.189223390655442,ENE,55.94571840894241,-3.1889462267956885,941.452473834722,1247.1110112525112
55.94571840894241,-3.1889462267956885,E,55.94571840894241,-3.1886462267956883,941.452473834722,1245.8610112525112
55.94571840894241,-3.1886462267956883,E,55.94571840894241,-3.188346226795688,941.452473834722,1244.6110112525112
55.94571840894241,-3.188346226795688,E,55.94571840894241,-3.188046226795688,941.452473834722,1243.3610112525112
55.94571840894241,-3.188046226795688,ENE,55.94583321397212,-3.1877690629359345,952.2864568455818,1324.6801017580397
55.94583321397212,-3.1877690629359345,SE,55.945621081937766,-3.1875569309015788,952.2864568455818,1323.4301017580397
55.945621081937766,-3.1875569309015788,SE,55.94540894990341,-3.187344798867223,952.2864568455818,1322.1801017580397
55.94540894990341,-3.187344798867223,SE,55.94519681786905,-3.1871326668328672,1001.5573852184378,1334.0048506143269
55.94519681786905,-3.1871326668328672,SSW,55.9449196540093,-3.1872474718625767,1001.5573852184378,1332.7548506143269
55.9449196540093,-3.1872474718625767,SE,55.94470752197494,-3.187035339828221,1001.5573852184378,1331.5048506143269
55.94470752197494,-3.187035339828221,SE,55.944495389940585,-3.186823207793865,1001.5573852184378,1330.2548506143269
55.944495389940585,-3.186823207793865,ESE,55.944380584910874,-3.186546043934112,1112.166354362744,1400.4163620322743
55.944380584910874,-3.186546043934112,SSE,55.94410342105112,-3.1864312389044023,1143.828057762029,1478.737727758321
55.94410342105112,-3.1864312389044023,ESE,55.94398861602141,-3.186154075044649,1143.828057762029,1477.487727758321
55.94398861602141,-3.186154075044649,ESE,55.9438738109917,-3.1858769111848955,1143.828057762029,1476.237727758321
55.9438738109917,-3.1858769111848955,ENE,55.94398861602141,-3.185599747325142,1221.043142849338,1484.1434498653962
55.94398861602141,-3.185599747325142,E,55.94398861602141,-3.185299747325142,1221.043142849338,1482.8934498653962
55.94398861602141,-3.185299747325142,E,55.94398861602141,-3.1849997473251417,1221.043142849338,1481.6434498653962
55.94398861602141,-3.1849997473251417,ENE,55.94410342105112,-3.1847225834653883,1306.918939971187,1556.4081662428357
55.94410342105112,-3.1847225834653883,N,55.94440342105112,-3.1847225834653883,1306.918939971187,1555.1581662428357
55.94440342105112,-3.1847225834653883,N,55.94470342105112,-3.1847225834653883,1306.918939971187,1553.9081662428357
55.94470342105112,-3.1847225834653883,NW,55.94491555308548,-3.184934715499744,1339.711801417431,1639.7681695104004
55.94491555308548,-3.184934715499744,W,55.94491555308548,-3.1852347154997442,1339.711801417431,1638.5181695104004
55.94491555308548,-3.1852347154997442,W,55.94491555308548,-3.1855347154997444,1339.711801417431,1637.2681695104004
55.94491555308548,-3.1855347154997444,W,55.94491555308548,-3.1858347154997446,1355.4306259675545,1729.310182959651
55.94491555308548,-3.1858347154997446,WNW,55.94503035811519,-3.186111879359498,1461.7500184941787,1745.1866435763063
55.94503035811519,-3.186111879359498,NNE,55.94530752197495,-3.1859970743297885,1575.6374706045017,1778.7904232791257
55.94530752197495,-3.1859970743297885,ENE,55.94542232700466,-3.185719910470035,1575.6374706045017,1777.5404232791257
55.94542232700466,-3.185719910470035,ENE,55.94553713203437,-3.1854427466102817,1575.6374706045017,1776.2904232791257
55.94553713203437,-3.1854427466102817,ENE,55.94565193706408,-3.1851655827505283,1575.6374706045017,1775.0404232791257
55.94565193706408,-3.1851655827505283,ENE,55.94576674209379,-3.184888418890775,1575.6374706045017,1773.7904232791257
55.94576674209379,-3.184888418890775,ENE,55.9458815471235,-3.1846112550310215,1645.095984637695,1888.6248194354137
55.9458815471235,-3.1846112550310215,SSW,55.94560438326374,-3.184726060060731,1645.095984637695,1887.3748194354137
55.94560438326374,-3.184726060060731,S,55.94530438326374,-3.184726060060731,1645.095984637695,1886.1248194354137
55.94530438326374,-3.184726060060731,SSW,55.94502721940398,-3.1848408650904405,1645.095984637695,1884.8748194354137
55.94502721940398,-3.1848408650904405,SSW,55.944750055544226,-3.18495567012015,1645.095984637695,1883.6248194354137
55.944750055544226,-3.18495567012015,SSW,55.94447289168447,-3.1850704751498595,1645.095984637695,1882.3748194354137
55.94447289168447,-3.1850704751498595,SSW,55.94419572782471,-3.185185280179569,1645.095984637695,1881.1248194354137
55.94419572782471,-3.185185280179569,SSW,55.94391856396496,-3.1853000852092785,1645.095984637695,1879.8748194354137
55.94391856396496,-3.1853000852092785,SSW,55.9436414001052,-3.185414890238988,1645.095984637695,1878.6248194354137
55.9436414001052,-3.185414890238988,SSW,55.94336423624544,-3.1855296952686976,1645.095984637695,1877.3748194354137
55.94336423624544,-3.1855296952686976,SSE,55.94308707238569,-3.185414890238988,1680.2356291724363,1936.466069553343
55.94308707238569,-3.185414890238988,WSW,55.94297226735598,-3.1856920540987415,1680.2356291724363,1935.216069553343
55.94297226735598,-3.1856920540987415,WSW,55.942857462326266,-3.185969217958495,1680.2356291724363,1933.966069553343
55.942857462326266,-3.185969217958495,WSW,55.942742657296556,-3.1862463818182483,1680.2356291724363,1932.716069553343
55.942742657296556,-3.1862463818182483,NW,55.94295478933091,-3.186458513852604,1680.2356291724363,1931.466069553343
55.94295478933091,-3.186458513852604,W,55.94295478933091,-3.1867585138526042,1680.2356291724363,1930.216069553343
55.94295478933091,-3.1867585138526042,SSW,55.942677625471156,-3.1868733188823137,1704.2622842304513,2046.0627952140783
55.942677625471156,-3.1868733188823137,WNW,55.942792430500866,-3.187150482742067,1704.2622842304513,2044.8127952140783
55.942792430500866,-3.187150482742067,WNW,55.942907235530576,-3.1874276466018205,1704.2622842304513,2043.5627952140783
55.942907235530576,-3.1874276466018205,WNW,55.94302204056029,-3.187704810461574,1704.2622842304513,2042.3127952140783
55.94302204056029,-3.187704810461574,WNW,55.94313684559,-3.1879819743213273,1704.2622842304513,2041.0627952140783
55.94313684559,-3.1879819743213273,WNW,55.94325165061971,-3.1882591381810808,1704.2622842304513,2039.8127952140783
55.94325165061971,-3.1882591381810808,WNW,55.94336645564942,-3.188536302040834,1704.2622842304513,2038.5627952140783
55.94336645564942,-3.188536302040834,WNW,55.94348126067913,-3.1888134659005876,1704.2622842304513,2037.3127952140783
55.94348126067913,-3.1888134659005876,WNW,55.94359606570884,-3.189090629760341,1704.2622842304513,2036.0627952140783
55.94359606570884,-3.189090629760341,WNW,55.94371087073855,-3.1893677936200944,1704.2622842304513,2034.8127952140783
55.94371087073855,-3.1893677936200944,WNW,55.94382567576826,-3.1896449574798478,1704.2622842304513,2033.5627952140783
55.94382567576826,-3.1896449574798478,WNW,55.94394048079797,-3.189922121339601,1704.2622842304513,2032.3127952140783
55.94394048079797,-3.189922121339601,W,55.94394048079797,-3.1902221213396014,1726.5563981359953,2042.1213591256908
55.94394048079797,-3.1902221213396014,WNW,55.94405528582768,-3.1904992851993548,1726.5563981359953,2040.8713591256908
55.94405528582768,-3.1904992851993548,WNW,55.94417009085739,-3.190776449059108,1726.5563981359953,2039.6213591256908
55.94417009085739,-3.190776449059108,WNW,55.9442848958871,-3.1910536129188616,1726.5563981359953,2038.3713591256908
55.9442848958871,-3.1910536129188616,NW,55.94449702792146,-3.1912657449532174,1726.5563981359953,2037.1213591256908
55.94449702792146,-3.1912657449532174,WNW,55.94461183295117,-3.1915429088129708,1726.5563981359953,2035.8713591256908
55.94461183295117,-3.1915429088129708,NW,55.944823964985524,-3.1917550408473265,1726.5563981359953,2034.6213591256908
55.944823964985524,-3.1917550408473265,WNW,55.944938770015234,-3.19203220470708,1726.5563981359953,2033.3713591256908
55.944938770015234,-3.19203220470708,NW,55.94515090204959,-3.1922443367414357,1726.5563981359953,2032.1213591256908
55.94515090204959,-3.1922443367414357,NNW,55.94542806590935,-3.192359141771145,1811.9825745812705,2068.8851564204706
55.94542806590935,-3.192359141771145,SSE,55.94515090204959,-3.1922443367414357,1811.9825745812705,2067.6351564204706
55.94515090204959,-3.1922443367414357,NNW,55.94542806590935,-3.192359141771145,1811.9825745812705,2066.3851564204706
55.94542806590935,-3.192359141771145,SSE,55.94515090204959,-3.1922443367414357,1811.9825745812705,2065.1351564204706
55.94515090204959,-3.1922443367414357,NNW,55.94542806590935,-3.192359141771145,1811.9825745812705,2063.8851564204706
55.94542806590935,-3.192359141771145,SSE,55.94515090204959,-3.1922443367414357,1811.9825745812705,2062.6351564204706
55.94515090204959,-3.1922443367414357,NNW,55.94542806590935,-3.192359141771145,1811.9825745812705,2061.3851564204706
55.94542806590935,-3.192359141771145,SSE,55.94515090204959,-3.1922443367414357,1811.9825745812705,2060.1351564204706
55.94515090204959,-3.1922443367414357,NNW,55.94542806590935,-3.192359141771145,1811.9825745812705,2058.8851564204706
55.94542806590935,-3.192359141771145,SSE,55.94515090204959,-3.1922443367414357,1811.9825745812705,2057.6351564204706
55.94515090204959,-3.1922443367414357,NNW,55.94542806590935,-3.192359141771145,1811.9825745812705,2056.3851564204706
55.94542806590935,-3.192359141771145,SSE,55.94515090204959,-3.1922443367414357,1811.9825745812705,2055.1351564204706
55.94515090204959,-3.1922443367414357,NNW,55.94542806590935,-3.192359141771145,1811.9825745812705,2053.8851564204706
55.94542806590935,-3.192359141771145,SSE,55.94515090204959,-3.1922443367414357,1811.9825745812705,2052.6351564204706
55.94515090204959,-3.1922443367414357,NNW,55.94542806590935,-3.192359141771145,1811.9825745812705,2051.3851564204706
55.94542806590935,-3.192359141771145,SSE,55.94515090204959,-3.1922443367414357,1811.9825745812705,2050.1351564204706
55.94515090204959,-3.1922443367414357,NNW,55.94542806590935,-3.192359141771145,1811.9825745812705,2048.8851564204706
55.94542806590935,-3.192359141771145,SSE,55.94515090204959,-3.1922443367414357,1811.9825745812705,2047.6351564204706
55.94515090204959,-3.1922443367414357,NNW,55.94542806590935,-3.192359141771145,1811.9825745812705,2046.3851564204706
55.94542806590935,-3.192359141771145,SSE,55.94515090204959,-3.1922443367414357,1811.9825745812705,2045.1351564204706
55.94515090204959,-3.1922443367414357,NNW,55.94542806590935,-3.192359141771145,1811.9825745812705,2043.8851564204706
55.94542806590935,-3.192359141771145,SSE,55.94515090204959,-3.1922443367414357,1811.9825745812705,2042.6351564204706
55.94515090204959,-3.1922443367414357,NNW,55.94542806590935,-3.192359141771145,1811.9825745812705,2041.3851564204706
55.94542806590935,-3.192359141771145,SSE,55.94515090204959,-3.1922443367414357,1811.9825745812705,2040.1351564204706
55.94515090204959,-3.1922443367414357,NNW,55.94542806590935,-3.192359141771145,1811.9825745812705,2038.8851564204706
55.94542806590935,-3.192359141771145,SSE,55.94515090204959,-3.1922443367414357,1811.9825745812705,2037.6351564204706
55.94515090204959,-3.1922443367414357,NNW,55.94542806590935,-3.192359141771145,1811.9825745812705,2036.3851564204706
55.94542806590935,-3.192359141771145,SSE,55.94515090204959,-3.1922443367414357,1811.9825745812705,2035.1351564204706
55.94515090204959,-3.1922443367414357,NNW,55.94542806590935,-3.192359141771145,1811.9825745812705,2033.8851564204706
55.94542806590935,-3.192359141771145,SSE,55.94515090204959,-3.1922443367414357,1811.9825745812705,2032.6351564204706
55.94515090204959,-3.1922443367414357,NNW,55.94542806590935,-3.192359141771145,1811.9825745812705,2031.3851564204706
55.94542806590935,-3.192359141771145,SSE,55.94515090204959,-3.1922443367414357,1811.9825745812705,2030.1351564204706
55.94515090204959,-3.1922443367414357,NNW,55.94542806590935,-3.192359141771145,1811.9825745812705,2028.8851564204706
55.94542806590935,-3.192359141771145,SSE,55.94515090204959,-3.1922443367414357,1811.9825745812705,2027.6351564204706
55.94515090204959,-3.1922443367414357,NNW,55.94542806590935,-3.192359141771145,1811.9825745812705,2026.3851564204706
55.94542806590935,-3.192359141771145,SSE,55.94515090204959,-3.1922443367414357,1811.9825745812705,2025.1351564204706
55.94515090204959,-3.1922443367414357,NNW,55.94542806590935,-3.192359141771145,1811.9825745812705,2023.8851564204706
55.94542806590935,-3.192359141771145,SSE,55.94515090204959,-3.1922443367414357,1811.9825745812705,2022.6351564204706
55.94515090204959,-3.1922443367414357,NNW,55.94542806590935,-3.192359141771145,1811.9825745812705,2021.3851564204706
55.94542806590935,-3.192359141771145,SSE,55.94515090204959,-3.1922443367414357,1811.9825745812705,2020.1351564204706
55.94515090204959,-3.1922443367414357,NNW,55.94542806590935,-3.192359141771145,1811.9825745812705,2018.8851564204706
55.94542806590935,-3.192359141771145,SSE,55.94515090204959,-3.1922443367414357,1811.9825745812705,2017.6351564204706
55.94515090204959,-3.1922443367414357,NNW,55.94542806590935,-3.192359141771145,1811.9825745812705,2016.3851564204706
55.94542806590935,-3.192359141771145,SSE,55.94515090204959,-3.1922443367414357,1811.9825745812705,2015.1351564204706
55.94515090204959,-3.1922443367414357,NNW,55.94542806590935,-3.192359141771145,1811.9825745812705,2013.8851564204706
55.94542806590935,-3.192359141771145,SSE,55.94515090204959,-3.1922443367414357,1811.9825745812705,2012.6351564204706
55.94515090204959,-3.1922443367414357,NNW,55.94542806590935,-3.192359141771145,1811.9825745812705,2011.3851564204706
55.94542806590935,-3.192359141771145,SSE,55.94515090204959,-3.1922443367414357,1811.9825745812705,2010.1351564204706
55.94515090204959,-3.1922443367414357,NNW,55.94542806590935,-3.192359141771145,1811.9825745812705,2008.8851564204706
55.94542806590935,-3.192359141771145,SSE,55.94515090204959,-3.1922443367414357,1811.9825745812705,2007.6351564204706
55.94515090204959,-3.1922443367414357,NNW,55.94542806590935,-3.192359141771145,1811.9825745812705,2006.3851564204706
55.94542806590935,-3.192359141771145,SSE,55.94515090204959,-3.1922443367414357,1811.9825745812705,2005.1351564204706
55.94515090204959,-3.1922443367414357,NNW,55.94542806590935,-3.192359141771145,1811.9825745812705,2003.8851564204706
55.94542806590935,-3.192359141771145,SSE,55.94515090204959,-3.1922443367414357,1811.9825745812705,2002.6351564204706
55.94515090204959,-3.1922443367414357,NNW,55.94542806590935,-3.192359141771145,1811.9825745812705,2001.3851564204706
55.94542806590935,-3.192359141771145,SSE,55.94515090204959,-3.1922443367414357,1811.9825745812705,2000.1351564204706
55.94515090204959,-3.1922443367414357,NNW,55.94542806590935,-3.192359141771145,1811.9825745812705,1998.8851564204706
55.94542806590935,-3.192359141771145,SSE,55.94515090204959,-3.1922443367414357,1811.9825745812705,1997.6351564204706
55.94515090204959,-3.1922443367414357,NNW,55.94542806590935,-3.192359141771145,1811.9825745812705,1996.3851564204706
55.94542806590935,-3.192359141771145,SSE,55.94515090204959,-3.1922443367414357,1811.9825745812705,1995.1351564204706
55.94515090204959,-3.1922443367414357,NNW,55.94542806590935,-3.192359141771145,1811.9825745812705,1993.8851564204706
55.94542806590935,-3.192359141771145,SSE,55.94515090204959,-3.1922443367414357,1811.9825745812705,1992.6351564204706
55.94515090204959,-3.1922443367414357,NNW,55.94542806590935,-3.192359141771145,1811.9825745812705,1991.3851564204706
55.94542806590935,-3.192359141771145,SSE,55.94515090204959,-3.1922443367414357,1811.9825745812705,1990.1351564204706
55.94515090204959,-3.1922443367414357,NNW,55.94542806590935,-3.192359141771145,1811.9825745812705,1988.8851564204706
55.94542806590935,-3.192359141771145,SSE,55.94515090204959,-3.1922443367414357,1811.9825745812705,1987.6351564204706
55.94515090204959,-3.1922443367414357,NNW,55.94542806590935,-3.192359141771145,1811.9825745812705,1986.3851564204706
55.94542806590935,-3.192359141771145,SSE,55.94515090204959,-3.1922443367414357,1811.9825745812705,1985.1351564204706
55.94515090204959,-3.1922443367414357,NNW,55.94542806590935,-3.192359141771145,1811.9825745812705,1983.8851564204706
55.94542806590935,-3.192359141771145,SSE,55.94515090204959,-3.1922443367414357,1811.9825745812705,1982.6351564204706
55.94515090204959,-3.1922443367414357,NNW,55.94542806590935,-3.192359141771145,1811.9825745812705,1981.3851564204706
55.94542806590935,-3.192359141771145,SSE,55.94515090204959,-3.1922443367414357,1811.9825745812705,1980.1351564204706
55.94515090204959,-3.1922443367414357,NNW,55.94542806590935,-3.192359141771145,1811.9825745812705,1978.8851564204706
55.94542806590935,-3.192359141771145,SSE,55.94515090204959,-3.1922443367414357,1811.9825745812705,1977.6351564204706
55.94515090204959,-3.1922443367414357,NNW,55.94542806590935,-3.192359141771145,1811.9825745812705,1976.3851564204706
55.94542806590935,-3.192359141771145,SSE,55.94515090204959,-3.1922443367414357,1811.9825745812705,1975.1351564204706
55.94515090204959,-3.1922443367414357,NNW,55.94542806590935,-3.192359141771145,1811.9825745812705,1973.8851564204706
55.94542806590935,-3.192359141771145,SSE,55.94515090204959,-3.1922443367414357,1811.9825745812705,1972.6351564204706
55.94515090204959,-3.1922443367414357,NNW,55.94542806590935,-3.192359141771145,1811.9825745812705,1971.3851564204706
55.94542806590935,-3.192359141771145,SSE,55.94515090204959,-3.1922443367414357,1811.9825745812705,1970.1351564204706
55.94515090204959,-3.1922443367414357,NNW,55.94542806590935,-3.192359141771145,1811.9825745812705,1968.8851564204706
55.94542806590935,-3.192359141771145,SSE,55.94515090204959,-3.1922443367414357,1811.9825745812705,1967.6351564204706
55.94515090204959,-3.1922443367414357,NNW,55.94542806590935,-3.192359141771145,1811.9825745812705,1966.3851564204706
55.94542806590935,-3.192359141771145,SSE,55.94515090204959,-3.1922443367414357,1811.9825745812705,1965.1351564204706
55.94515090204959,-3.1922443367414357,NNW,55.94542806590935,-3.192359141771145,1811.9825745812705,1963.8851564204706
55.94542806590935,-3.192359141771145,SSE,55.94515090204959,-3.1922443367414357,1811.9825745812705,1962.6351564204706
55.94515090204959,-3.1922443367414357,NNW,55.94542806590935,-3.192359141771145,1811.9825745812705,1961.3851564204706
55.94542806590935,-3.192359141771145,SSE,55.94515090204959,-3.1922443367414357,1811.9825745812705,1960.1351564204706
55.94515090204959,-3.1922443367414357,NNW,55.94542806590935,-3.192359141771145,1811.9825745812705,1958.8851564204706
55.94542806590935,-3.192359141771145,SSE,55.94515090204959,-3.1922443367414357,1811.9825745812705,1957.6351564204706
55.94515090204959,-3.1922443367414357,NNW,55.94542806590935,-3.192359141771145,1811.9825745812705,1956.3851564204706
55.94542806590935,-3.192359141771145,SSE,55.94515090204959,-3.1922443367414357,1811.9825745812705,1955.1351564204706
55.94515090204959,-3.1922443367414357,NNW,55.94542806590935,-3.192359141771145,1811.9825745812705,1953.8851564204706
55.94542806590935,-3.192359141771145,SSE,55.94515090204959,-3.1922443367414357,1811.9825745812705,1952.6351564204706
55.94515090204959,-3.1922443367414357,NNW,55.94542806590935,-3.192359141771145,1811.9825745812705,1951.3851564204706
55.94542806590935,-3.192359141771145,SSE,55.94515090204959,-3.1922443367414357,1811.9825745812705,1950.1351564204706
55.94515090204959,-3.1922443367414357,NNW,55.94542806590935,-3.192359141771145,1811.9825745812705,1948.8851564204706
55.94542806590935,-3.192359141771145,SSE,55.94515090204959,-3.1922443367414357,1811.9825745812705,1947.6351564204706
55.94515090204959,-3.1922443367414357,NNW,55.94542806590935,-3.192359141771145,1811.9825745812705,1946.3851564204706
55.94542806590935,-3.192359141771145,SSE,55.94515090204959,-3.1922443367414357,1811.9825745812705,1945.1351564204706
55.94515090204959,-3.1922443367414357,NNW,55.94542806590935,-3.192359141771145,1811.9825745812705,1943.8851564204706
55.94542806590935,-3.192359141771145,SSE,55.94515090204959,-3.1922443367414357,1811.9825745812705,1942.6351564204706
55.94515090204959,-3.1922443367414357,NNW,55.94542806590935,-3.192359141771145,1811.9825745812705,1941.3851564204706
55.94542806590935,-3.192359141771145,SSE,55.94515090204959,-3.1922443367414357,1811.9825745812705,1940.1351564204706
55.94515090204959,-3.1922443367414357,NNW,55.94542806590935,-3.192359141771145,1811.9825745812705,1938.8851564204706
55.94542806590935,-3.192359141771145,SSE,55.94515090204959,-3.1922443367414357,1811.9825745812705,1937.6351564204706
55.94515090204959,-3.1922443367414357,NNW,55.94542806590935,-3.192359141771145,1811.9825745812705,1936.3851564204706
55.94542806590935,-3.192359141771145,SSE,55.94515090204959,-3.1922443367414357,1811.9825745812705,1935.1351564204706
55.94515090204959,-3.1922443367414357,NNW,55.94542806590935,-3.192359141771145,1811.9825745812705,1933.8851564204706
55.94542806590935,-3.192359141771145,SSE,55.94515090204959,-3.1922443367414357,1811.9825745812705,1932.6351564204706
55.94515090204959,-3.1922443367414357,NNW,55.94542806590935,-3.192359141771145,1811.9825745812705,1931.3851564204706
55.94542806590935,-3.192359141771145,SSE,55.94515090204959,-3.1922443367414357,1811.9825745812705,1930.1351564204706
55.94515090204959,-3.1922443367414357,NNW,55.94542806590935,-3.192359141771145,1811.9825745812705,1928.8851564204706
55.94542806590935,-3.192359141771145,SSE,55.94515090204959,-3.1922443367414357,1811.9825745812705,1927.6351564204706
55.94515090204959,-3.1922443367414357,NNW,55.94542806590935,-3.192359141771145,1811.9825745812705,1926.3851564204706
55.94542806590935,-3.192359141771145,SSE,55.94515090204959,-3.1922443367414357,1811.9825745812705,1925.1351564204706
55.94515090204959,-3.1922443367414357,NNW,55.94542806590935,-3.192359141771145,1811.9825745812705,1923.8851564204706
55.94542806590935,-3.192359141771145,SSE,55.94515090204959,-3.1922443367414357,1811.9825745812705,1922.6351564204706
55.94515090204959,-3.1922443367414357,NNW,55.94542806590935,-3.192359141771145,1811.9825745812705,1921.3851564204706
55.94542806590935,-3.192359141771145,SSE,55.94515090204959,-3.1922443367414357,1811.9825745812705,1920.1351564204706
55.94515090204959,-3.1922443367414357,NNW,55.94542806590935,-3.192359141771145,1811.9825745812705,1918.8851564204706
55.94542806590935,-3.192359141771145,SSE,55.94515090204959,-3.1922443367414357,1811.9825745812705,1917.6351564204706
55.94515090204959,-3.1922443367414357,NNW,55.94542806590935,-3.192359141771145,1811.9825745812705,1916.3851564204706
55.94542806590935,-3.192359141771145,SSE,55.94515090204959,-3.1922443367414357,1811.9825745812705,1915.1351564204706
55.94515090204959,-3.1922443367414357,NNW,55.94542806590935,-3.192359141771145,1811.9825745812705,1913.8851564204706
55.94542806590935,-3.192359141771145,SSE,55.94515090204959,-3.1922443367414357,1811.9825745812705,1912.6351564204706
55.94515090204959,-3.1922443367414357,NNW,55.94542806590935,-3.192359141771145,1811.9825745812705,1911.3851564204706
55.94542806590935,-3.192359141771145,SSE,55.94515090204959,-3.1922443367414357,1811.9825745812705,1910.1351564204706
55.94515090204959,-3.1922443367414357,NNW,55.94542806590935,-3.192359141771145,1811.9825745812705,1908.8851564204706
55.94542806590935,-3.192359141771145,SSE,55.94515090204959,-3.1922443367414357,1811.9825745812705,1907.6351564204706
55.94515090204959,-3.1922443367414357,NNW,55.94542806590935,-3.192359141771145,1811.9825745812705,1906.3851564204706
55.94542806590935,-3.192359141771145,SSE,55.94515090204959,-3.1922443367414357,1811.9825745812705,1905.1351564204706
55.94515090204959,-3.1922443367414357,NNW,55.94542806590935,-3.192359141771145,1811.9825745812705,1903.8851564204706
55.94542806590935,-3.192359141771145,SSE,55.94515090204959,-3.1922443367414357,1811.9825745812705,1902.6351564204706
55.94515090204959,-3.1922443367414357,NNW,55.94542806590935,-3.192359141771145,1811.9825745812705,1901.3851564204706
55.94542806590935,-3.192359141771145,SSE,55.94515090204959,-3.1922443367414357,1811.9825745812705,1900.1351564204706
55.94515090204959,-3.1922443367414357,NNW,55.94542806590935,-3.192359141771145,1811.9825745812705,1898.8851564204706
55.94542806590935,-3.192359141771145,SSE,55.94515090204959,-3.1922443367414357,1811.9825745812705,1897.6351564204706
55.94515090204959,-3.1922443367414357,NNW,55.94542806590935,-3.192359141771145,1811.9825745812705,1896.3851564204706
55.94542806590935,-3.192359141771145,SSE,55.94515090204959,-3.1922443367414357,1811.9825745812705,1895.1351564204706
55.94515090204959,-3.1922443367414357,NNW,55.94542806590935,-3.192359141771145,1811.9825745812705,1893.8851564204706
55.94542806590935,-3.192359141771145,SSE,55.94515090204959,-3.1922443367414357,1811.9825745812705,1892.6351564204706
55.94515090204959,-3.1922443367414357,NNW,55.94542806590935,-3.192359141771145,1811.9825745812705,1891.3851564204706
55.94542806590935,-3.192359141771145,SSE,55.94515090204959,-3.1922443367414357,1811.9825745812705,1890.1351564204706
55.94515090204959,-3.1922443367414357,NNW,55.94542806590935,-3.192359141771145,1811.9825745812705,1888.8851564204706
55.94542806590935,-3.192359141771145,SSE,55.94515090204959,-3.1922443367414357,1811.9825745812705,1887.6351564204706
55.94515090204959,-3.1922443367414357,NNW,55.94542806590935,-3.192359141771145,1811.9825745812705,1886.3851564204706
55.94542806590935,-3.192359141771145,SSE,55.94515090204959,-3.1922443367414357,1811.9825745812705,1885.1351564204706
55.94515090204959,-3.1922443367414357,NNW,55.94542806590935,-3.192359141771145,1811.9825745812705,1883.8851564204706
