55.944425,-3.188396,SE,55.944212867965646,-3.1881838679656442,96.54819021590744,270.5718808660243
55.944212867965646,-3.1881838679656442,ESE,55.944098062935936,-3.187906704105891,120.09287202258496,361.1500703849777
55.944098062935936,-3.187906704105891,SSE,55.94382089907618,-3.1877918990761813,120.09287202258496,359.9000703849777
55.94382089907618,-3.1877918990761813,SSE,55.94354373521642,-3.187677094046472,120.09287202258496,358.6500703849777
55.94354373521642,-3.187677094046472,SSE,55.943266571356666,-3.1875622890167623,168.3036831721929,375.3140276178675
55.943266571356666,-3.1875622890167623,SSW,55.94298940749691,-3.187677094046472,168.3036831721929,374.0640276178675
55.94298940749691,-3.187677094046472,SSW,55.94271224363715,-3.1877918990761813,231.61396858827771,489.0832108157051
55.94271224363715,-3.1877918990761813,WNW,55.942827048666864,-3.1880690629359347,231.61396858827771,487.8332108157051
55.942827048666864,-3.1880690629359347,WNW,55.942941853696574,-3.188346226795688,231.61396858827771,486.5832108157051
55.942941853696574,-3.188346226795688,NW,55.94315398573093,-3.188558358830044,231.61396858827771,485.3332108157051
55.94315398573093,-3.188558358830044,WNW,55.94326879076064,-3.1888355226897973,238.8303388751045,558.4991942818087
55.94326879076064,-3.1888355226897973,NW,55.943480922795,-3.189047654724153,238.8303388751045,557.2491942818087
55.943480922795,-3.189047654724153,NW,55.94369305482935,-3.189259786758509,323.87574194891846,666.0956458125389
55.94369305482935,-3.189259786758509,NW,55.94390518686371,-3.1894719187928646,323.87574194891846,664.8456458125389
55.94390518686371,-3.1894719187928646,WNW,55.94401999189342,-3.189749082652618,357.9378592347456,764.340425133101
55.94401999189342,-3.189749082652618,N,55.94431999189342,-3.189749082652618,357.9378592347456,763.090425133101
55.94431999189342,-3.189749082652618,NNW,55.94459715575318,-3.1898638876823275,451.0483616562095,764.9042706335837
55.94459715575318,-3.1898638876823275,WSW,55.94448235072347,-3.190141051542081,451.0483616562095,763.6542706335837
55.94448235072347,-3.190141051542081,WSW,55.94436754569376,-3.1904182154018343,517.4844298141887,817.0884117873754
55.94436754569376,-3.1904182154018343,NNW,55.944644709553515,-3.190533020431544,517.4844298141887,815.8384117873754
55.944644709553515,-3.190533020431544,N,55.94494470955352,-3.190533020431544,587.2303192798801,931.8054792734904
55.94494470955352,-3.190533020431544,NE,55.945156841587874,-3.190320888397188,587.2303192798801,930.5554792734904
55.945156841587874,-3.190320888397188,NNE,55.94543400544763,-3.1902060833674786,669.1761450570841,932.2343185028745
55.94543400544763,-3.1902060833674786,WNW,55.94554881047734,-3.190483247227232,669.1761450570841,930.9843185028745
55.94554881047734,-3.190483247227232,WNW,55.94566361550705,-3.1907604110869854,720.4932998721537,989.4394155595122
55.94566361550705,-3.1907604110869854,WNW,55.94577842053676,-3.191037574946739,720.4932998721537,988.1894155595122
55.94577842053676,-3.191037574946739,W,55.94577842053676,-3.191337574946739,839.4330820071993,1098.742747176295
55.94577842053676,-3.191337574946739,W,55.94577842053676,-3.191637574946739,839.4330820071993,1097.492747176295
55.94577842053676,-3.191637574946739,SSW,55.945501256677005,-3.1917523799764487,839.4330820071993,1096.242747176295
55.945501256677005,-3.1917523799764487,WNW,55.945616061706716,-3.192029543836202,936.3898995640815,1184.0537559853024
55.945616061706716,-3.192029543836202,S,55.94531606170671,-3.192029543836202,936.3898995640815,1182.8037559853024
55.94531606170671,-3.192029543836202,SSE,55.945038897846956,-3.1919147388064926,936.3898995640815,1181.5537559853024
55.945038897846956,-3.1919147388064926,S,55.94473889784695,-3.1919147388064926,936.3898995640815,1180.3037559853024
55.94473889784695,-3.1919147388064926,S,55.94443889784695,-3.1919147388064926,936.3898995640815,1179.0537559853024
55.94443889784695,-3.1919147388064926,SSE,55.944161733987194,-3.191799933776783,936.3898995640815,1177.8037559853024
55.944161733987194,-3.191799933776783,S,55.94386173398719,-3.191799933776783,997.3236116293072,1280.1384436647459
55.94386173398719,-3.191799933776783,SSW,55.943584570127435,-3.1919147388064926,997.3236116293072,1278.8884436647459
55.943584570127435,-3.1919147388064926,SSW,55.94330740626768,-3.192029543836202,997.3236116293072,1277.6384436647459
55.94330740626768,-3.192029543836202,S,55.943007406267675,-3.192029543836202,1016.972126411945,1295.7956351052073
55.943007406267675,-3.192029543836202,E,55.943007406267675,-3.191729543836202,1016.972126411945,1294.5456351052073
55.943007406267675,-3.191729543836202,E,55.943007406267675,-3.1914295438362017,1016.972126411945,1293.2956351052073
55.943007406267675,-3.1914295438362017,E,55.943007406267675,-3.1911295438362015,1016.972126411945,1292.0456351052073
55.943007406267675,-3.1911295438362015,E,55.943007406267675,-3.1908295438362013,1016.972126411945,1290.7956351052073
55.943007406267675,-3.1908295438362013,E,55.943007406267675,-3.190529543836201,1079.1169166693592,1383.9036127320994
55.943007406267675,-3.190529543836201,ESE,55.942892601237965,-3.1902523799764477,1123.726546180498,1437.727882333437
55.942892601237965,-3.1902523799764477,NNE,55.94316976509772,-3.190137574946738,1123.726546180498,1436.477882333437
55.94316976509772,-3.190137574946738,NNE,55.94344692895748,-3.1900227699170287,1123.726546180498,1435.227882333437
55.94344692895748,-3.1900227699170287,NNE,55.943724092817234,-3.189907964887319,1123.726546180498,1433.977882333437
55.943724092817234,-3.189907964887319,NNE,55.94400125667699,-3.1897931598576097,1123.726546180498,1432.727882333437
55.94400125667699,-3.1897931598576097,NNE,55.94427842053675,-3.1896783548279,1123.726546180498,1431.477882333437
55.94427842053675,-3.1896783548279,NE,55.944490552571104,-3.1894662227935444,1123.726546180498,1430.227882333437
55.944490552571104,-3.1894662227935444,NNE,55.94476771643086,-3.189351417763835,1123.726546180498,1428.977882333437
55.94476771643086,-3.189351417763835,NE,55.944979848465216,-3.189139285729479,1127.0965221606968,1437.03935129057
55.944979848465216,-3.189139285729479,ESE,55.944865043435506,-3.1888621218697257,1127.0965221606968,1435.78935129057
55.944865043435506,-3.1888621218697257,E,55.944865043435506,-3.1885621218697255,1127.0965221606968,1434.53935129057
55.944865043435506,-3.1885621218697255,NE,55.94507717546986,-3.1883499898353698,1127.0965221606968,1433.28935129057
55.94507717546986,-3.1883499898353698,NE,55.94528930750422,-3.188137857801014,1242.7873640644025,1471.6377486705387
55.94528930750422,-3.188137857801014,NNE,55.945566471363975,-3.1880230527713045,1242.7873640644025,1470.3877486705387
55.945566471363975,-3.1880230527713045,NE,55.94577860339833,-3.1878109207369487,1335.1639744479178,1486.2630887056189
55.94577860339833,-3.1878109207369487,NW,55.94599073543269,-3.1880230527713045,1446.4068915527348,1490.3281654810999
55.94599073543269,-3.1880230527713045,SSE,55.94571357157293,-3.187908247741595,1446.4068915527348,1489.0781654810999
55.94571357157293,-3.187908247741595,S,55.94541357157293,-3.187908247741595,1446.4068915527348,1487.8281654810999
55.94541357157293,-3.187908247741595,SE,55.94520143953857,-3.187696115707239,1446.4068915527348,1486.5781654810999
55.94520143953857,-3.187696115707239,ESE,55.94508663450886,-3.187418951847486,1446.4068915527348,1485.3281654810999
55.94508663450886,-3.187418951847486,ESE,55.94497182947915,-3.1871417879877324,1446.4068915527348,1484.0781654810999
55.94497182947915,-3.1871417879877324,SE,55.944759697444795,-3.1869296559533766,1555.2354728462506,1532.0062660137087
55.944759697444795,-3.1869296559533766,ESE,55.944644892415084,-3.1866524920936232,1555.2354728462506,1530.7562660137087
55.944644892415084,-3.1866524920936232,ESE,55.944530087385374,-3.18637532823387,1608.0708573666504,1579.8593000095232
55.944530087385374,-3.18637532823387,S,55.94423008738537,-3.18637532823387,1608.0708573666504,1578.6093000095232
55.94423008738537,-3.18637532823387,SSE,55.943952923525615,-3.1862605232041603,1695.0999269115778,1630.713029604265
55.943952923525615,-3.1862605232041603,SSW,55.94367575966586,-3.18637532823387,1695.0999269115778,1629.463029604265
55.94367575966586,-3.18637532823387,SSE,55.9433985958061,-3.1862605232041603,1695.0999269115778,1628.213029604265
55.9433985958061,-3.1862605232041603,SE,55.943186463771745,-3.1860483911698045,1695.0999269115778,1626.963029604265
55.943186463771745,-3.1860483911698045,SSE,55.94290929991199,-3.185933586140095,1744.8826847669811,1668.9617980709984
55.94290929991199,-3.185933586140095,ENE,55.9430241049417,-3.1856564222803416,1744.8826847669811,1667.7117980709984
55.9430241049417,-3.1856564222803416,ENE,55.94313890997141,-3.1853792584205882,1749.320817281379,1700.8038878731245
55.94313890997141,-3.1853792584205882,NE,55.943351042005766,-3.1851671263862325,1749.320817281379,1699.5538878731245
55.943351042005766,-3.1851671263862325,NE,55.94356317404012,-3.1849549943518767,1749.320817281379,1698.3038878731245
55.94356317404012,-3.1849549943518767,NE,55.94377530607448,-3.184742862317521,1749.320817281379,1697.0538878731245
55.94377530607448,-3.184742862317521,NE,55.943987438108834,-3.184530730283165,1844.0832635267639,1718.600815579006
55.943987438108834,-3.184530730283165,WSW,55.943872633079124,-3.1848078941429185,1844.0832635267639,1717.350815579006
55.943872633079124,-3.1848078941429185,WNW,55.943987438108834,-3.185085058002672,1844.0832635267639,1716.100815579006
55.943987438108834,-3.185085058002672,N,55.94428743810884,-3.185085058002672,1844.0832635267639,1714.850815579006
55.94428743810884,-3.185085058002672,ENE,55.94440224313855,-3.1848078941429185,1922.3289060073444,1717.5982011876586
55.94440224313855,-3.1848078941429185,N,55.94470224313855,-3.1848078941429185,1922.3289060073444,1716.3482011876586
55.94470224313855,-3.1848078941429185,WNW,55.94481704816826,-3.185085058002672,1922.3289060073444,1715.0982011876586
55.94481704816826,-3.185085058002672,N,55.945117048168264,-3.185085058002672,1938.2045089504686,1719.6623102156227
55.945117048168264,-3.185085058002672,E,55.945117048168264,-3.1847850580026718,2054.1451932296454,1767.5750429535626
55.945117048168264,-3.1847850580026718,N,55.94541704816827,-3.1847850580026718,2136.2110815150622,1809.9302343158806
55.94541704816827,-3.1847850580026718,NNW,55.94569421202802,-3.1848998630323813,2198.2299916678353,1910.4336963261994
55.94569421202802,-3.1848998630323813,SSE,55.94541704816827,-3.1847850580026718,2198.2299916678353,1909.1836963261994
55.94541704816827,-3.1847850580026718,NNW,55.94569421202802,-3.1848998630323813,2198.2299916678353,1907.9336963261994
55.94569421202802,-3.1848998630323813,SSE,55.94541704816827,-3.1847850580026718,2198.2299916678353,1906.6836963261994
55.94541704816827,-3.1847850580026718,NNW,55.94569421202802,-3.1848998630323813,2198.2299916678353,1905.4336963261994
55.94569421202802,-3.1848998630323813,SSE,55.94541704816827,-3.1847850580026718,2198.2299916678353,1904.1836963261994
55.94541704816827,-3.1847850580026718,NNW,55.94569421202802,-3.1848998630323813,2198.2299916678353,1902.9336963261994
55.94569421202802,-3.1848998630323813,SSE,55.94541704816827,-3.1847850580026718,2198.2299916678353,1901.6836963261994
55.94541704816827,-3.1847850580026718,NNW,55.94569421202802,-3.1848998630323813,2198.2299916678353,1900.4336963261994
55.94569421202802,-3.1848998630323813,SSE,55.94541704816827,-3.1847850580026718,2198.2299916678353,1899.1836963261994
55.94541704816827,-3.1847850580026718,NNW,55.94569421202802,-3.1848998630323813,2198.2299916678353,1897.9336963261994
55.94569421202802,-3.1848998630323813,SSE,55.94541704816827,-3.1847850580026718,2198.2299916678353,1896.6836963261994
55.94541704816827,-3.1847850580026718,NNW,55.94569421202802,-3.1848998630323813,2198.2299916678353,1895.4336963261994
55.94569421202802,-3.1848998630323813,SSE,55.94541704816827,-3.1847850580026718,2198.2299916678353,1894.1836963261994
55.94541704816827,-3.1847850580026718,NNW,55.94569421202802,-3.1848998630323813,2198.2299916678353,1892.9336963261994
55.94569421202802,-3.1848998630323813,SSE,55.94541704816827,-3.1847850580026718,2198.2299916678353,1891.6836963261994
55.94541704816827,-3.1847850580026718,NNW,55.94569421202802,-3.1848998630323813,2198.2299916678353,1890.4336963261994
55.94569421202802,-3.1848998630323813,SSE,55.94541704816827,-3.1847850580026718,2198.2299916678353,1889.1836963261994
55.94541704816827,-3.1847850580026718,NNW,55.94569421202802,-3.1848998630323813,2198.2299916678353,1887.9336963261994
55.94569421202802,-3.1848998630323813,SSE,55.94541704816827,-3.1847850580026718,2198.2299916678353,1886.6836963261994
55.94541704816827,-3.1847850580026718,NNW,55.94569421202802,-3.1848998630323813,2198.2299916678353,1885.4336963261994
55.94569421202802,-3.1848998630323813,SSE,55.94541704816827,-3.1847850580026718,2198.2299916678353,1884.1836963261994
55.94541704816827,-3.1847850580026718,NNW,55.94569421202802,-3.1848998630323813,2198.2299916678353,1882.9336963261994
55.94569421202802,-3.1848998630323813,SSE,55.94541704816827,-3.1847850580026718,2198.2299916678353,1881.6836963261994
55.94541704816827,-3.1847850580026718,NNW,55.94569421202802,-3.1848998630323813,2198.2299916678353,1880.4336963261994
55.94569421202802,-3.1848998630323813,SSE,55.94541704816827,-3.1847850580026718,2198.2299916678353,1879.1836963261994
55.94541704816827,-3.1847850580026718,NNW,55.94569421202802,-3.1848998630323813,2198.2299916678353,1877.9336963261994
55.94569421202802,-3.1848998630323813,SSE,55.94541704816827,-3.1847850580026718,2198.2299916678353,1876.6836963261994
55.94541704816827,-3.1847850580026718,NNW,55.94569421202802,-3.1848998630323813,2198.2299916678353,1875.4336963261994
55.94569421202802,-3.1848998630323813,SSE,55.94541704816827,-3.1847850580026718,2198.2299916678353,1874.1836963261994
55.94541704816827,-3.1847850580026718,NNW,55.94569421202802,-3.1848998630323813,2198.2299916678353,1872.9336963261994
55.94569421202802,-3.1848998630323813,SSE,55.94541704816827,-3.1847850580026718,2198.2299916678353,1871.6836963261994
55.94541704816827,-3.1847850580026718,NNW,55.94569421202802,-3.1848998630323813,2198.2299916678353,1870.4336963261994
55.94569421202802,-3.1848998630323813,SSE,55.94541704816827,-3.1847850580026718,2198.2299916678353,1869.1836963261994
55.94541704816827,-3.1847850580026718,NNW,55.94569421202802,-3.1848998630323813,2198.2299916678353,1867.9336963261994
55.94569421202802,-3.1848998630323813,SSE,55.94541704816827,-3.1847850580026718,2198.2299916678353,1866.6836963261994
55.94541704816827,-3.1847850580026718,NNW,55.94569421202802,-3.1848998630323813,2198.2299916678353,1865.4336963261994
55.94569421202802,-3.1848998630323813,SSE,55.94541704816827,-3.1847850580026718,2198.2299916678353,1864.1836963261994
55.94541704816827,-3.1847850580026718,NNW,55.94569421202802,-3.1848998630323813,2198.2299916678353,1862.9336963261994
55.94569421202802,-3.1848998630323813,SSE,55.94541704816827,-3.1847850580026718,2198.2299916678353,1861.6836963261994
55.94541704816827,-3.1847850580026718,NNW,55.94569421202802,-3.1848998630323813,2198.2299916678353,1860.4336963261994
55.94569421202802,-3.1848998630323813,SSE,55.94541704816827,-3.1847850580026718,2198.2299916678353,1859.1836963261994
55.94541704816827,-3.1847850580026718,NNW,55.94569421202802,-3.1848998630323813,2198.2299916678353,1857.9336963261994
55.94569421202802,-3.1848998630323813,SSE,55.94541704816827,-3.1847850580026718,2198.2299916678353,1856.6836963261994
55.94541704816827,-3.1847850580026718,NNW,55.94569421202802,-3.1848998630323813,2198.2299916678353,1855.4336963261994
55.94569421202802,-3.1848998630323813,SSE,55.94541704816827,-3.1847850580026718,2198.2299916678353,1854.1836963261994
55.94541704816827,-3.1847850580026718,NNW,55.94569421202802,-3.1848998630323813,2198.2299916678353,1852.9336963261994
55.94569421202802,-3.1848998630323813,SSE,55.94541704816827,-3.1847850580026718,2198.2299916678353,1851.6836963261994
55.94541704816827,-3.1847850580026718,NNW,55.94569421202802,-3.1848998630323813,2198.2299916678353,1850.4336963261994
55.94569421202802,-3.1848998630323813,SSE,55.94541704816827,-3.1847850580026718,2198.2299916678353,1849.1836963261994
55.94541704816827,-3.1847850580026718,NNW,55.94569421202802,-3.1848998630323813,2198.2299916678353,1847.9336963261994
55.94569421202802,-3.1848998630323813,SSE,55.94541704816827,-3.1847850580026718,2198.2299916678353,1846.6836963261994
55.94541704816827,-3.1847850580026718,NNW,55.94569421202802,-3.1848998630323813,2198.2299916678353,1845.4336963261994
55.94569421202802,-3.1848998630323813,SSE,55.94541704816827,-3.1847850580026718,2198.2299916678353,1844.1836963261994
55.94541704816827,-3.1847850580026718,NNW,55.94569421202802,-3.1848998630323813,2198.2299916678353,1842.9336963261994
55.94569421202802,-3.1848998630323813,SSE,55.94541704816827,-3.1847850580026718,2198.2299916678353,1841.6836963261994
55.94541704816827,-3.1847850580026718,NNW,55.94569421202802,-3.1848998630323813,2198.2299916678353,1840.4336963261994
55.94569421202802,-3.1848998630323813,SSE,55.94541704816827,-3.1847850580026718,2198.2299916678353,1839.1836963261994
55.94541704816827,-3.1847850580026718,NNW,55.94569421202802,-3.1848998630323813,2198.2299916678353,1837.9336963261994
55.94569421202802,-3.1848998630323813,SSE,55.94541704816827,-3.1847850580026718,2198.2299916678353,1836.6836963261994
55.94541704816827,-3.1847850580026718,NNW,55.94569421202802,-3.1848998630323813,2198.2299916678353,1835.4336963261994
55.94569421202802,-3.1848998630323813,SSE,55.94541704816827,-3.1847850580026718,2198.2299916678353,1834.1836963261994
55.94541704816827,-3.1847850580026718,NNW,55.94569421202802,-3.1848998630323813,2198.2299916678353,1832.9336963261994
55.94569421202802,-3.1848998630323813,SSE,55.94541704816827,-3.1847850580026718,2198.2299916678353,1831.6836963261994
55.94541704816827,-3.1847850580026718,NNW,55.94569421202802,-3.1848998630323813,2198.2299916678353,1830.4336963261994
55.94569421202802,-3.1848998630323813,SSE,55.94541704816827,-3.1847850580026718,2198.2299916678353,1829.1836963261994
55.94541704816827,-3.1847850580026718,NNW,55.94569421202802,-3.1848998630323813,2198.2299916678353,1827.9336963261994
55.94569421202802,-3.1848998630323813,SSE,55.94541704816827,-3.1847850580026718,2198.2299916678353,1826.6836963261994
55.94541704816827,-3.1847850580026718,NNW,55.94569421202802,-3.1848998630323813,2198.2299916678353,1825.4336963261994
55.94569421202802,-3.1848998630323813,SSE,55.94541704816827,-3.1847850580026718,2198.2299916678353,1824.1836963261994
55.94541704816827,-3.1847850580026718,NNW,55.94569421202802,-3.1848998630323813,2198.2299916678353,1822.9336963261994
55.94569421202802,-3.1848998630323813,SSE,55.94541704816827,-3.1847850580026718,2198.2299916678353,1821.6836963261994
55.94541704816827,-3.1847850580026718,NNW,55.94569421202802,-3.1848998630323813,2198.2299916678353,1820.4336963261994
55.94569421202802,-3.1848998630323813,SSE,55.94541704816827,-3.1847850580026718,2198.2299916678353,1819.1836963261994
55.94541704816827,-3.1847850580026718,NNW,55.94569421202802,-3.1848998630323813,2198.2299916678353,1817.9336963261994
55.94569421202802,-3.1848998630323813,SSE,55.94541704816827,-3.1847850580026718,2198.2299916678353,1816.6836963261994
55.94541704816827,-3.1847850580026718,NNW,55.94569421202802,-3.1848998630323813,2198.2299916678353,1815.4336963261994
55.94569421202802,-3.1848998630323813,SSE,55.94541704816827,-3.1847850580026718,2198.2299916678353,1814.1836963261994
55.94541704816827,-3.1847850580026718,NNW,55.94569421202802,-3.1848998630323813,2198.2299916678353,1812.9336963261994
55.94569421202802,-3.1848998630323813,SSE,55.94541704816827,-3.1847850580026718,2198.2299916678353,1811.6836963261994
55.94541704816827,-3.1847850580026718,NNW,55.94569421202802,-3.1848998630323813,2198.2299916678353,1810.4336963261994
55.94569421202802,-3.1848998630323813,SSE,55.94541704816827,-3.1847850580026718,2198.2299916678353,1809.1836963261994
55.94541704816827,-3.1847850580026718,NNW,55.94569421202802,-3.1848998630323813,2198.2299916678353,1807.9336963261994
55.94569421202802,-3.1848998630323813,SSE,55.94541704816827,-3.1847850580026718,2198.2299916678353,1806.6836963261994
55.94541704816827,-3.1847850580026718,NNW,55.94569421202802,-3.1848998630323813,2198.2299916678353,1805.4336963261994
55.94569421202802,-3.1848998630323813,SSE,55.94541704816827,-3.1847850580026718,2198.2299916678353,1804.1836963261994
55.94541704816827,-3.1847850580026718,NNW,55.94569421202802,-3.1848998630323813,2198.2299916678353,1802.9336963261994
55.94569421202802,-3.1848998630323813,SSE,55.94541704816827,-3.1847850580026718,2198.2299916678353,1801.6836963261994
55.94541704816827,-3.1847850580026718,NNW,55.94569421202802,-3.1848998630323813,2198.2299916678353,1800.4336963261994
55.94569421202802,-3.1848998630323813,SSE,55.94541704816827,-3.1847850580026718,2198.2299916678353,1799.1836963261994
55.94541704816827,-3.1847850580026718,NNW,55.94569421202802,-3.1848998630323813,2198.2299916678353,1797.9336963261994
55.94569421202802,-3.1848998630323813,SSE,55.94541704816827,-3.1847850580026718,2198.2299916678353,1796.6836963261994
55.94541704816827,-3.1847850580026718,NNW,55.94569421202802,-3.1848998630323813,2198.2299916678353,1795.4336963261994
55.94569421202802,-3.1848998630323813,SSE,55.94541704816827,-3.1847850580026718,2198.2299916678353,1794.1836963261994
55.94541704816827,-3.1847850580026718,NNW,55.94569421202802,-3.1848998630323813,2198.2299916678353,1792.9336963261994
55.94569421202802,-3.1848998630323813,SSE,55.94541704816827,-3.1847850580026718,2198.2299916678353,1791.6836963261994
55.94541704816827,-3.1847850580026718,NNW,55.94569421202802,-3.1848998630323813,2198.2299916678353,1790.4336963261994
55.94569421202802,-3.1848998630323813,SSE,55.94541704816827,-3.1847850580026718,2198.2299916678353,1789.1836963261994
55.94541704816827,-3.1847850580026718,NNW,55.94569421202802,-3.1848998630323813,2198.2299916678353,1787.9336963261994
55.94569421202802,-3.1848998630323813,SSE,55.94541704816827,-3.1847850580026718,2198.2299916678353,1786.6836963261994
55.94541704816827,-3.1847850580026718,NNW,55.94569421202802,-3.1848998630323813,2198.2299916678353,1785.4336963261994
55.94569421202802,-3.1848998630323813,SSE,55.94541704816827,-3.1847850580026718,2198.2299916678353,1784.1836963261994
55.94541704816827,-3.1847850580026718,NNW,55.94569421202802,-3.1848998630323813,2198.2299916678353,1782.9336963261994
55.94569421202802,-3.1848998630323813,SSE,55.94541704816827,-3.1847850580026718,2198.2299916678353,1781.6836963261994
55.94541704816827,-3.1847850580026718,NNW,55.94569421202802,-3.1848998630323813,2198.2299916678353,1780.4336963261994
55.94569421202802,-3.1848998630323813,SSE,55.94541704816827,-3.1847850580026718,2198.2299916678353,1779.1836963261994
55.94541704816827,-3.1847850580026718,NNW,55.94569421202802,-3.1848998630323813,2198.2299916678353,1777.9336963261994
55.94569421202802,-3.1848998630323813,SSE,55.94541704816827,-3.1847850580026718,2198.2299916678353,1776.6836963261994
55.94541704816827,-3.1847850580026718,NNW,55.94569421202802,-3.1848998630323813,2198.2299916678353,1775.4336963261994
55.94569421202802,-3.1848998630323813,SSE,55.94541704816827,-3.1847850580026718,2198.2299916678353,1774.1836963261994
55.94541704816827,-3.1847850580026718,NNW,55.94569421202802,-3.1848998630323813,2198.2299916678353,1772.9336963261994
55.94569421202802,-3.1848998630323813,SSE,55.94541704816827,-3.1847850580026718,2198.2299916678353,1771.6836963261994
55.94541704816827,-3.1847850580026718,NNW,55.94569421202802,-3.1848998630323813,2198.2299916678353,1770.4336963261994
55.94569421202802,-3.1848998630323813,SSE,55.94541704816827,-3.1847850580026718,2198.2299916678353,1769.1836963261994
55.94541704816827,-3.1847850580026718,NNW,55.94569421202802,-3.1848998630323813,2198.2299916678353,1767.9336963261994
55.94569421202802,-3.1848998630323813,SSE,55.94541704816827,-3.1847850580026718,2198.2299916678353,1766.6836963261994
55.94541704816827,-3.1847850580026718,NNW,55.94569421202802,-3.1848998630323813,2198.2299916678353,1765.4336963261994
55.94569421202802,-3.1848998630323813,SSE,55.94541704816827,-3.1847850580026718,2198.2299916678353,1764.1836963261994
55.94541704816827,-3.1847850580026718,NNW,55.94569421202802,-3.1848998630323813,2198.2299916678353,1762.9336963261994
55.94569421202802,-3.1848998630323813,SSE,55.94541704816827,-3.1847850580026718,2198.2299916678353,1761.6836963261994
55.94541704816827,-3.1847850580026718,NNW,55.94569421202802,-3.1848998630323813,2198.2299916678353,1760.4336963261994
55.94569421202802,-3.1848998630323813,SSE,55.94541704816827,-3.1847850580026718,2198.2299916678353,1759.1836963261994
55.94541704816827,-3.1847850580026718,NNW,55.94569421202802,-3.1848998630323813,2198.2299916678353,1757.9336963261994
55.94569421202802,-3.1848998630323813,SSE,55.94541704816827,-3.1847850580026718,2198.2299916678353,1756.6836963261994
55.94541704816827,-3.1847850580026718,NNW,55.94569421202802,-3.1848998630323813,2198.2299916678353,1755.4336963261994
55.94569421202802,-3.1848998630323813,SSE,55.94541704816827,-3.1847850580026718,2198.2299916678353,1754.1836963261994
55.94541704816827,-3.1847850580026718,NNW,55.94569421202802,-3.1848998630323813,2198.2299916678353,1752.9336963261994
55.94569421202802,-3.1848998630323813,SSE,55.94541704816827,-3.1847850580026718,2198.2299916678353,1751.6836963261994
55.94541704816827,-3.1847850580026718,NNW,55.94569421202802,-3.1848998630323813,2198.2299916678353,1750.4336963261994
55.94569421202802,-3.1848998630323813,SSE,55.94541704816827,-3.1847850580026718,2198.2299916678353,1749.1836963261994
55.94541704816827,-3.1847850580026718,NNW,55.94569421202802,-3.1848998630323813,2198.2299916678353,1747.9336963261994
55.94569421202802,-3.1848998630323813,SSE,55.94541704816827,-3.1847850580026718,2198.2299916678353,1746.6836963261994
55.94541704816827,-3.1847850580026718,NNW,55.94569421202802,-3.1848998630323813,2198.2299916678353,1745.4336963261994
55.94569421202802,-3.1848998630323813,SSE,55.94541704816827,-3.1847850580026718,2198.2299916678353,1744.1836963261994
55.94541704816827,-3.1847850580026718,NNW,55.94569421202802,-3.1848998630323813,2198.2299916678353,1742.9336963261994
55.94569421202802,-3.1848998630323813,SSE,55.94541704816827,-3.1847850580026718,2198.2299916678353,1741.6836963261994
55.94541704816827,-3.1847850580026718,NNW,55.94569421202802,-3.1848998630323813,2198.2299916678353,1740.4336963261994
55.94569421202802,-3.1848998630323813,SSE,55.94541704816827,-3.1847850580026718,2198.2299916678353,1739.1836963261994
55.94541704816827,-3.1847850580026718,NNW,55.94569421202802,-3.1848998630323813,2198.2299916678353,1737.9336963261994
55.94569421202802,-3.1848998630323813,SSE,55.94541704816827,-3.1847850580026718,2198.2299916678353,1736.6836963261994
55.94541704816827,-3.1847850580026718,NNW,55.94569421202802,-3.1848998630323813,2198.2299916678353,1735.4336963261994
55.94569421202802,-3.1848998630323813,SSE,55.94541704816827,-3.1847850580026718,2198.2299916678353,1734.1836963261994
55.94541704816827,-3.1847850580026718,NNW,55.94569421202802,-3.1848998630323813,2198.2299916678353,1732.9336963261994
55.94569421202802,-3.1848998630323813,SSE,55.94541704816827,-3.1847850580026718,2198.2299916678353,1731.6836963261994
55.94541704816827,-3.1847850580026718,NNW,55.94569421202802,-3.1848998630323813,2198.2299916678353,1730.4336963261994
55.94569421202802,-3.1848998630323813,SSE,55.94541704816827,-3.1847850580026718,2198.2299916678353,1729.1836963261994
55.94541704816827,-3.1847850580026718,NNW,55.94569421202802,-3.1848998630323813,2198.2299916678353,1727.9336963261994
55.94569421202802,-3.1848998630323813,SSE,55.94541704816827,-3.1847850580026718,2198.2299916678353,1726.6836963261994
55.94541704816827,-3.1847850580026718,NNW,55.94569421202802,-3.1848998630323813,2198.2299916678353,1725.4336963261994
55.94569421202802,-3.1848998630323813,SSE,55.94541704816827,-3.1847850580026718,2198.2299916678353,1724.1836963261994
55.94541704816827,-3.1847850580026718,NNW,55.94569421202802,-3.1848998630323813,2198.2299916678353,1722.9336963261994
55.94569421202802,-3.1848998630323813,SSE,55.94541704816827,-3.1847850580026718,2198.2299916678353,1721.6836963261994
55.94541704816827,-3.1847850580026718,NNW,55.94569421202802,-3.1848998630323813,2198.2299916678353,1720.4336963261994
55.94569421202802,-3.1848998630323813,SSE,55.94541704816827,-3.1847850580026718,2198.2299916678353,1719.1836963261994
55.94541704816827,-3.1847850580026718,NNW,55.94569421202802,-3.1848998630323813,2198.2299916678353,1717.9336963261994
55.94569421202802,-3.1848998630323813,SSE,55.94541704816827,-3.1847850580026718,2198.2299916678353,1716.6836963261994
55.94541704816827,-3.1847850580026718,NNW,55.94569421202802,-3.1848998630323813,2198.2299916678353,1715.4336963261994
55.94569421202802,-3.1848998630323813,SSE,55.94541704816827,-3.1847850580026718,2198.2299916678353,1714.1836963261994
55.94541704816827,-3.1847850580026718,NNW,55.94569421202802,-3.1848998630323813,2198.2299916678353,1712.9336963261994
55.94569421202802,-3.1848998630323813,SSE,55.94541704816827,-3.1847850580026718,2198.2299916678353,1711.6836963261994
55.94541704816827,-3.1847850580026718,NNW,55.94569421202802,-3.1848998630323813,2198.2299916678353,1710.4336963261994
