55.944425,-3.188396,NE,55.94463713203436,-3.1881838679656442,67.56731324033794,276.72024325172225
55.94463713203436,-3.1881838679656442,WNW,55.94475193706407,-3.1884610318253976,112.62161891790367,381.5122363519396
55.94475193706407,-3.1884610318253976,SE,55.94453980502971,-3.188248899791042,112.62161891790367,380.2622363519396
55.94453980502971,-3.188248899791042,SSW,55.944262641169956,-3.1883637048207514,112.62161891790367,379.0122363519396
55.944262641169956,-3.1883637048207514,SW,55.9440505091356,-3.188575836855107,117.85730036869214,419.14560471201213
55.9440505091356,-3.188575836855107,WSW,55.94393570410589,-3.1888530007148606,117.85730036869214,417.89560471201213
55.94393570410589,-3.1888530007148606,W,55.94393570410589,-3.1891530007148607,117.85730036869214,416.64560471201213
55.94393570410589,-3.1891530007148607,ESE,55.94382089907618,-3.1888758368551073,117.85730036869214,415.39560471201213
55.94382089907618,-3.1888758368551073,SSW,55.94354373521642,-3.188990641884817,144.95566877412858,422.3530779739118
55.94354373521642,-3.188990641884817,SSW,55.943266571356666,-3.1891054469145264,188.02952053470764,465.26145014909895
55.943266571356666,-3.1891054469145264,WNW,55.94338137638638,-3.1893826107742798,225.2943905269023,570.8771126673116
55.94338137638638,-3.1893826107742798,SE,55.94316924435202,-3.189170478739924,225.2943905269023,569.6271126673116
55.94316924435202,-3.189170478739924,SSE,55.942892080492264,-3.1890556737102145,234.25024807073854,623.930122038118
55.942892080492264,-3.1890556737102145,N,55.94319208049227,-3.1890556737102145,234.25024807073854,622.680122038118
55.94319208049227,-3.1890556737102145,NNW,55.94346924435202,-3.189170478739924,234.25024807073854,621.430122038118
55.94346924435202,-3.189170478739924,WNW,55.943584049381734,-3.1894476425996774,234.25024807073854,620.180122038118
55.943584049381734,-3.1894476425996774,N,55.94388404938174,-3.1894476425996774,246.56587761224407,639.5703057099068
55.94388404938174,-3.1894476425996774,NNW,55.94416121324149,-3.189562447629387,306.6983446962546,645.7722575361433
55.94416121324149,-3.189562447629387,N,55.944461213241496,-3.189562447629387,306.6983446962546,644.5222575361433
55.944461213241496,-3.189562447629387,N,55.9447612132415,-3.189562447629387,418.58698227169987,719.5175787746714
55.9447612132415,-3.189562447629387,NE,55.944973345275855,-3.189350315595031,418.58698227169987,718.2675787746714
55.944973345275855,-3.189350315595031,NE,55.94518547731021,-3.1891381835606754,511.7857858246158,819.3338094610688
55.94518547731021,-3.1891381835606754,W,55.94518547731021,-3.1894381835606755,511.7857858246158,818.0838094610688
55.94518547731021,-3.1894381835606755,W,55.94518547731021,-3.1897381835606757,511.7857858246158,816.8338094610688
55.94518547731021,-3.1897381835606757,W,55.94518547731021,-3.190038183560676,511.7857858246158,815.5838094610688
55.94518547731021,-3.190038183560676,WNW,55.94530028233992,-3.1903153474204293,515.3659030168863,934.7328040393644
55.94530028233992,-3.1903153474204293,NNW,55.94557744619968,-3.190430152450139,590.3172953817506,958.3125760735691
55.94557744619968,-3.190430152450139,WSW,55.94546264116997,-3.1907073163098922,691.1232719191952,965.7063582313772
55.94546264116997,-3.1907073163098922,SSW,55.94518547731021,-3.1908221213396017,691.1232719191952,964.4563582313772
55.94518547731021,-3.1908221213396017,SSW,55.944908313450455,-3.1909369263693113,753.3767705689029,964.5343527205827
55.944908313450455,-3.1909369263693113,W,55.944908313450455,-3.1912369263693114,877.7257939465184,1010.4673675434577
55.944908313450455,-3.1912369263693114,SW,55.9446961814161,-3.191449058403667,877.7257939465184,1009.2173675434577
55.9446961814161,-3.191449058403667,SW,55.94448404938174,-3.191661190438023,877.7257939465184,1007.9673675434577
55.94448404938174,-3.191661190438023,SW,55.944271917347386,-3.1918733224723788,877.7257939465184,1006.7173675434577
55.944271917347386,-3.1918733224723788,SE,55.94405978531303,-3.191661190438023,877.7257939465184,1005.4673675434577
55.94405978531303,-3.191661190438023,WNW,55.94417459034274,-3.1919383542977764,877.7257939465184,1004.2173675434577
55.94417459034274,-3.1919383542977764,WSW,55.94405978531303,-3.19221551815753,877.7257939465184,1002.9673675434577
55.94405978531303,-3.19221551815753,SSW,55.94378262145327,-3.1923303231872393,985.3996309701663,1048.2066603928427
55.94378262145327,-3.1923303231872393,SE,55.94357048941892,-3.1921181911528835,985.3996309701663,1046.9566603928427
55.94357048941892,-3.1921181911528835,SE,55.94335835738456,-3.1919060591185278,985.3996309701663,1045.7066603928427
55.94335835738456,-3.1919060591185278,SE,55.943146225350205,-3.191693927084172,985.3996309701663,1044.4566603928427
55.943146225350205,-3.191693927084172,ESE,55.943031420320494,-3.1914167632244186,985.3996309701663,1043.2066603928427
55.943031420320494,-3.1914167632244186,SE,55.94281928828614,-3.191204631190063,1051.2088666043312,1127.7649453003446
55.94281928828614,-3.191204631190063,E,55.94281928828614,-3.1909046311900626,1051.2088666043312,1126.5149453003446
55.94281928828614,-3.1909046311900626,ENE,55.94293409331585,-3.190627467330309,1059.3962532170458,1245.8845120311616
55.94293409331585,-3.190627467330309,NNE,55.943211257175605,-3.1905126623005997,1059.3962532170458,1244.6345120311616
55.943211257175605,-3.1905126623005997,ENE,55.943326062205315,-3.1902354984408463,1059.3962532170458,1243.3845120311616
55.943326062205315,-3.1902354984408463,ENE,55.943440867235026,-3.189958334581093,1059.3962532170458,1242.1345120311616
55.943440867235026,-3.189958334581093,ENE,55.943555672264736,-3.1896811707213395,1059.3962532170458,1240.8845120311616
55.943555672264736,-3.1896811707213395,NE,55.94376780429909,-3.1894690386869837,1059.3962532170458,1239.6345120311616
55.94376780429909,-3.1894690386869837,SSE,55.943490640439336,-3.189354233657274,1059.3962532170458,1238.3845120311616
55.943490640439336,-3.189354233657274,E,55.943490640439336,-3.189054233657274,1059.3962532170458,1237.1345120311616
55.943490640439336,-3.189054233657274,ESE,55.943375835409626,-3.1887770697975206,1059.3962532170458,1235.8845120311616
55.943375835409626,-3.1887770697975206,SW,55.94316370337527,-3.1889892018318764,1059.3962532170458,1234.6345120311616
55.94316370337527,-3.1889892018318764,ENE,55.94327850840498,-3.188712037972123,1059.3962532170458,1233.3845120311616
55.94327850840498,-3.188712037972123,NW,55.943490640439336,-3.1889241700064788,1059.3962532170458,1232.1345120311616
55.943490640439336,-3.1889241700064788,N,55.94379064043934,-3.1889241700064788,1059.3962532170458,1230.8845120311616
55.94379064043934,-3.1889241700064788,ENE,55.94390544546905,-3.1886470061467254,1059.3962532170458,1229.6345120311616
55.94390544546905,-3.1886470061467254,ENE,55.94402025049876,-3.188369842286972,1059.3962532170458,1228.3845120311616
55.94402025049876,-3.188369842286972,ENE,55.94413505552847,-3.1880926784272186,1059.3962532170458,1227.1345120311616
55.94413505552847,-3.1880926784272186,ENE,55.94424986055818,-3.187815514567465,1059.3962532170458,1225.8845120311616
55.94424986055818,-3.187815514567465,SE,55.944037728523824,-3.1876033825331094,1059.3962532170458,1224.6345120311616
55.944037728523824,-3.1876033825331094,NE,55.94424986055818,-3.1873912504987536,1059.3962532170458,1223.3845120311616
55.94424986055818,-3.1873912504987536,NE,55.94446199259254,-3.187179118464398,1166.075940343971,1340.1252409918102
55.94446199259254,-3.187179118464398,WNW,55.94457679762225,-3.1874562823241512,1166.075940343971,1338.8752409918102
55.94457679762225,-3.1874562823241512,ENE,55.94469160265196,-3.187179118464398,1166.075940343971,1337.6252409918102
55.94469160265196,-3.187179118464398,NNW,55.944968766511714,-3.1872939234941073,1246.9067320128618,1413.4202408318715
55.944968766511714,-3.1872939234941073,N,55.94526876651172,-3.1872939234941073,1246.9067320128618,1412.1702408318715
55.94526876651172,-3.1872939234941073,N,55.94556876651172,-3.1872939234941073,1254.1132794314658,1436.7237786542173
55.94556876651172,-3.1872939234941073,NNW,55.945845930371476,-3.187408728523817,1254.1132794314658,1435.4737786542173
55.945845930371476,-3.187408728523817,NNW,55.94612309423123,-3.1875235335535264,1281.3452114683191,1475.681172196408
55.94612309423123,-3.1875235335535264,E,55.94612309423123,-3.187223533553526,1281.3452114683191,1474.431172196408
55.94612309423123,-3.187223533553526,E,55.94612309423123,-3.186923533553526,1281.3452114683191,1473.181172196408
55.94612309423123,-3.186923533553526,E,55.94612309423123,-3.186623533553526,1281.3452114683191,1471.931172196408
55.94612309423123,-3.186623533553526,E,55.94612309423123,-3.1863235335535256,1330.8935347454105,1544.5744574794012
55.94612309423123,-3.1863235335535256,E,55.94612309423123,-3.1860235335535254,1330.8935347454105,1543.3244574794012
55.94612309423123,-3.1860235335535254,E,55.94612309423123,-3.185723533553525,1330.8935347454105,1542.0744574794012
55.94612309423123,-3.185723533553525,E,55.94612309423123,-3.185423533553525,1348.5607848544694,1631.4823362312798
55.94612309423123,-3.185423533553525,SE,55.945910962196876,-3.1852114015191693,1348.5607848544694,1630.2323362312798
55.945910962196876,-3.1852114015191693,ESE,55.945796157167166,-3.184934237659416,1452.0881520058938,1677.876799995721
55.945796157167166,-3.184934237659416,NNE,55.94607332102692,-3.1848194326297063,1552.1251075327118,1765.586642110797
55.94607332102692,-3.1848194326297063,S,55.94577332102692,-3.1848194326297063,1552.1251075327118,1764.336642110797
55.94577332102692,-3.1848194326297063,SSW,55.94549615716716,-3.184934237659416,1552.1251075327118,1763.086642110797
55.94549615716716,-3.184934237659416,S,55.94519615716716,-3.184934237659416,1555.7097619069216,1819.249043389756
55.94519615716716,-3.184934237659416,W,55.94519615716716,-3.185234237659416,1631.1578724986637,1912.3760227061166
55.94519615716716,-3.185234237659416,SE,55.944984025132804,-3.1850221056250603,1631.1578724986637,1911.1260227061166
55.944984025132804,-3.1850221056250603,ESE,55.944869220103094,-3.184744941765307,1698.8268175830426,1952.5049263592766
55.944869220103094,-3.184744941765307,S,55.94456922010309,-3.184744941765307,1698.8268175830426,1951.2549263592766
55.94456922010309,-3.184744941765307,S,55.94426922010309,-3.184744941765307,1753.6309715172404,1955.8954517501181
55.94426922010309,-3.184744941765307,WSW,55.94415441507338,-3.1850221056250603,1753.6309715172404,1954.6454517501181
55.94415441507338,-3.1850221056250603,WSW,55.94403961004367,-3.1852992694848137,1753.6309715172404,1953.3954517501181
55.94403961004367,-3.1852992694848137,WSW,55.94392480501396,-3.185576433344567,1816.264308296239,1965.0498711729877
55.94392480501396,-3.185576433344567,NW,55.94413693704831,-3.185788565378923,1816.264308296239,1963.7998711729877
55.94413693704831,-3.185788565378923,NW,55.94434906908267,-3.1860006974132786,1925.562294616284,2062.8745630088615
55.94434906908267,-3.1860006974132786,SSE,55.94407190522291,-3.185885892383569,1925.562294616284,2061.6245630088615
55.94407190522291,-3.185885892383569,SE,55.94385977318856,-3.1856737603492133,1925.562294616284,2060.3745630088615
55.94385977318856,-3.1856737603492133,SE,55.9436476411542,-3.1854616283148576,1925.562294616284,2059.1245630088615
55.9436476411542,-3.1854616283148576,SE,55.943435509119844,-3.185249496280502,1925.562294616284,2057.8745630088615
55.943435509119844,-3.185249496280502,SE,55.94322337708549,-3.185037364246146,1925.562294616284,2056.6245630088615
55.94322337708549,-3.185037364246146,SSW,55.94294621322573,-3.1851521692758555,1925.562294616284,2055.3745630088615
55.94294621322573,-3.1851521692758555,ENE,55.94306101825544,-3.184875005416102,1925.562294616284,2054.1245630088615
55.94306101825544,-3.184875005416102,SE,55.942848886221086,-3.1846628733817464,1925.562294616284,2052.8745630088615
55.942848886221086,-3.1846628733817464,N,55.94314888622109,-3.1846628733817464,1925.562294616284,2051.6245630088615
55.94314888622109,-3.1846628733817464,SSE,55.94287172236133,-3.184548068352037,1984.2262692381732,2120.7063500267177
55.94287172236133,-3.184548068352037,NNW,55.94314888622109,-3.1846628733817464,1984.2262692381732,2119.4563500267177
55.94314888622109,-3.1846628733817464,SSE,55.94287172236133,-3.184548068352037,1984.2262692381732,2118.2063500267177
55.94287172236133,-3.184548068352037,NNW,55.94314888622109,-3.1846628733817464,1984.2262692381732,2116.9563500267177
55.94314888622109,-3.1846628733817464,SSE,55.94287172236133,-3.184548068352037,1984.2262692381732,2115.7063500267177
55.94287172236133,-3.184548068352037,NNW,55.94314888622109,-3.1846628733817464,1984.2262692381732,2114.4563500267177
55.94314888622109,-3.1846628733817464,SSE,55.94287172236133,-3.184548068352037,1984.2262692381732,2113.2063500267177
55.94287172236133,-3.184548068352037,NNW,55.94314888622109,-3.1846628733817464,1984.2262692381732,2111.9563500267177
55.94314888622109,-3.1846628733817464,SSE,55.94287172236133,-3.184548068352037,1984.2262692381732,2110.7063500267177
55.94287172236133,-3.184548068352037,NNW,55.94314888622109,-3.1846628733817464,1984.2262692381732,2109.4563500267177
55.94314888622109,-3.1846628733817464,SSE,55.94287172236133,-3.184548068352037,1984.2262692381732,2108.2063500267177
55.94287172236133,-3.184548068352037,NNW,55.94314888622109,-3.1846628733817464,1984.2262692381732,2106.9563500267177
55.94314888622109,-3.1846628733817464,SSE,55.94287172236133,-3.184548068352037,1984.2262692381732,2105.7063500267177
55.94287172236133,-3.184548068352037,NNW,55.94314888622109,-3.1846628733817464,1984.2262692381732,2104.4563500267177
55.94314888622109,-3.1846628733817464,SSE,55.94287172236133,-3.184548068352037,1984.2262692381732,2103.2063500267177
55.94287172236133,-3.184548068352037,NNW,55.94314888622109,-3.1846628733817464,1984.2262692381732,2101.9563500267177
55.94314888622109,-3.1846628733817464,SSE,55.94287172236133,-3.184548068352037,1984.2262692381732,2100.7063500267177
55.94287172236133,-3.184548068352037,NNW,55.94314888622109,-3.1846628733817464,1984.2262692381732,2099.4563500267177
55.94314888622109,-3.1846628733817464,SSE,55.94287172236133,-3.184548068352037,1984.2262692381732,2098.2063500267177
55.94287172236133,-3.184548068352037,NNW,55.94314888622109,-3.1846628733817464,1984.2262692381732,2096.9563500267177
55.94314888622109,-3.1846628733817464,SSE,55.94287172236133,-3.184548068352037,1984.2262692381732,2095.7063500267177
55.94287172236133,-3.184548068352037,NNW,55.94314888622109,-3.1846628733817464,1984.2262692381732,2094.4563500267177
55.94314888622109,-3.1846628733817464,SSE,55.94287172236133,-3.184548068352037,1984.2262692381732,2093.2063500267177
55.94287172236133,-3.184548068352037,NNW,55.94314888622109,-3.1846628733817464,1984.2262692381732,2091.9563500267177
55.94314888622109,-3.1846628733817464,SSE,55.94287172236133,-3.184548068352037,1984.2262692381732,2090.7063500267177
55.94287172236133,-3.184548068352037,NNW,55.94314888622109,-3.1846628733817464,1984.2262692381732,2089.4563500267177
55.94314888622109,-3.1846628733817464,SSE,55.94287172236133,-3.184548068352037,1984.2262692381732,2088.2063500267177
55.94287172236133,-3.184548068352037,NNW,55.94314888622109,-3.1846628733817464,1984.2262692381732,2086.9563500267177
55.94314888622109,-3.1846628733817464,SSE,55.94287172236133,-3.184548068352037,1984.2262692381732,2085.7063500267177
55.94287172236133,-3.184548068352037,NNW,55.94314888622109,-3.1846628733817464,1984.2262692381732,2084.4563500267177
55.94314888622109,-3.1846628733817464,SSE,55.94287172236133,-3.184548068352037,1984.2262692381732,2083.2063500267177
55.94287172236133,-3.184548068352037,NNW,55.94314888622109,-3.1846628733817464,1984.2262692381732,2081.9563500267177
55.94314888622109,-3.1846628733817464,SSE,55.94287172236133,-3.184548068352037,1984.2262692381732,2080.7063500267177
55.94287172236133,-3.184548068352037,NNW,55.94314888622109,-3.1846628733817464,1984.2262692381732,2079.4563500267177
55.94314888622109,-3.1846628733817464,SSE,55.94287172236133,-3.184548068352037,1984.2262692381732,2078.2063500267177
55.94287172236133,-3.184548068352037,NNW,55.94314888622109,-3.1846628733817464,1984.2262692381732,2076.9563500267177
55.94314888622109,-3.1846628733817464,SSE,55.94287172236133,-3.184548068352037,1984.2262692381732,2075.7063500267177
55.94287172236133,-3.184548068352037,NNW,55.94314888622109,-3.1846628733817464,1984.2262692381732,2074.4563500267177
55.94314888622109,-3.1846628733817464,SSE,55.94287172236133,-3.184548068352037,1984.2262692381732,2073.2063500267177
55.94287172236133,-3.184548068352037,NNW,55.94314888622109,-3.1846628733817464,1984.2262692381732,2071.9563500267177
55.94314888622109,-3.1846628733817464,SSE,55.94287172236133,-3.184548068352037,1984.2262692381732,2070.7063500267177
55.94287172236133,-3.184548068352037,NNW,55.94314888622109,-3.1846628733817464,1984.2262692381732,2069.4563500267177
55.94314888622109,-3.1846628733817464,SSE,55.94287172236133,-3.184548068352037,1984.2262692381732,2068.2063500267177
55.94287172236133,-3.184548068352037,NNW,55.94314888622109,-3.1846628733817464,1984.2262692381732,2066.9563500267177
55.94314888622109,-3.1846628733817464,SSE,55.94287172236133,-3.184548068352037,1984.2262692381732,2065.7063500267177
55.94287172236133,-3.184548068352037,NNW,55.94314888622109,-3.1846628733817464,1984.2262692381732,2064.4563500267177
55.94314888622109,-3.1846628733817464,SSE,55.94287172236133,-3.184548068352037,1984.2262692381732,2063.2063500267177
55.94287172236133,-3.184548068352037,NNW,55.94314888622109,-3.1846628733817464,1984.2262692381732,2061.9563500267177
55.94314888622109,-3.1846628733817464,SSE,55.94287172236133,-3.184548068352037,1984.2262692381732,2060.7063500267177
55.94287172236133,-3.184548068352037,NNW,55.94314888622109,-3.1846628733817464,1984.2262692381732,2059.4563500267177
55.94314888622109,-3.1846628733817464,SSE,55.94287172236133,-3.184548068352037,1984.2262692381732,2058.2063500267177
55.94287172236133,-3.184548068352037,NNW,55.94314888622109,-3.1846628733817464,1984.2262692381732,2056.9563500267177
55.94314888622109,-3.1846628733817464,SSE,55.94287172236133,-3.184548068352037,1984.2262692381732,2055.7063500267177
55.94287172236133,-3.184548068352037,NNW,55.94314888622109,-3.1846628733817464,1984.2262692381732,2054.4563500267177
55.94314888622109,-3.1846628733817464,SSE,55.94287172236133,-3.184548068352037,1984.2262692381732,2053.2063500267177
55.94287172236133,-3.184548068352037,NNW,55.94314888622109,-3.1846628733817464,1984.2262692381732,2051.9563500267177
55.94314888622109,-3.1846628733817464,SSE,55.94287172236133,-3.184548068352037,1984.2262692381732,2050.7063500267177
55.94287172236133,-3.184548068352037,NNW,55.94314888622109,-3.1846628733817464,1984.2262692381732,2049.4563500267177
55.94314888622109,-3.1846628733817464,SSE,55.94287172236133,-3.184548068352037,1984.2262692381732,2048.2063500267177
55.94287172236133,-3.184548068352037,NNW,55.94314888622109,-3.1846628733817464,1984.2262692381732,2046.9563500267177
55.94314888622109,-3.1846628733817464,SSE,55.94287172236133,-3.184548068352037,1984.2262692381732,2045.7063500267177
55.94287172236133,-3.184548068352037,NNW,55.94314888622109,-3.1846628733817464,1984.2262692381732,2044.4563500267177
55.94314888622109,-3.1846628733817464,SSE,55.94287172236133,-3.184548068352037,1984.2262692381732,2043.2063500267177
55.94287172236133,-3.184548068352037,NNW,55.94314888622109,-3.1846628733817464,1984.2262692381732,2041.9563500267177
55.94314888622109,-3.1846628733817464,SSE,55.94287172236133,-3.184548068352037,1984.2262692381732,2040.7063500267177
55.94287172236133,-3.184548068352037,NNW,55.94314888622109,-3.1846628733817464,1984.2262692381732,2039.4563500267177
55.94314888622109,-3.1846628733817464,SSE,55.94287172236133,-3.184548068352037,1984.2262692381732,2038.2063500267177
55.94287172236133,-3.184548068352037,NNW,55.94314888622109,-3.1846628733817464,1984.2262692381732,2036.9563500267177
55.94314888622109,-3.1846628733817464,SSE,55.94287172236133,-3.184548068352037,1984.2262692381732,2035.7063500267177
55.94287172236133,-3.184548068352037,NNW,55.94314888622109,-3.1846628733817464,1984.2262692381732,2034.4563500267177
55.94314888622109,-3.1846628733817464,SSE,55.94287172236133,-3.184548068352037,1984.2262692381732,2033.2063500267177
55.94287172236133,-3.184548068352037,NNW,55.94314888622109,-3.1846628733817464,1984.2262692381732,2031.9563500267177
55.94314888622109,-3.1846628733817464,SSE,55.94287172236133,-3.184548068352037,1984.2262692381732,2030.7063500267177
55.94287172236133,-3.184548068352037,NNW,55.94314888622109,-3.1846628733817464,1984.2262692381732,2029.4563500267177
55.94314888622109,-3.1846628733817464,SSE,55.94287172236133,-3.184548068352037,1984.2262692381732,2028.2063500267177
55.94287172236133,-3.184548068352037,NNW,55.94314888622109,-3.1846628733817464,1984.2262692381732,2026.9563500267177
55.94314888622109,-3.1846628733817464,SSE,55.94287172236133,-3.184548068352037,1984.2262692381732,2025.7063500267177
55.94287172236133,-3.184548068352037,NNW,55.94314888622109,-3.1846628733817464,1984.2262692381732,2024.4563500267177
55.94314888622109,-3.1846628733817464,SSE,55.94287172236133,-3.184548068352037,1984.2262692381732,2023.2063500267177
55.94287172236133,-3.184548068352037,NNW,55.94314888622109,-3.1846628733817464,1984.2262692381732,2021.9563500267177
55.94314888622109,-3.1846628733817464,SSE,55.94287172236133,-3.184548068352037,1984.2262692381732,2020.7063500267177
55.94287172236133,-3.184548068352037,NNW,55.94314888622109,-3.1846628733817464,1984.2262692381732,2019.4563500267177
55.94314888622109,-3.1846628733817464,SSE,55.94287172236133,-3.184548068352037,1984.2262692381732,2018.2063500267177
55.94287172236133,-3.184548068352037,NNW,55.94314888622109,-3.1846628733817464,1984.2262692381732,2016.9563500267177
55.94314888622109,-3.1846628733817464,SSE,55.94287172236133,-3.184548068352037,1984.2262692381732,2015.7063500267177
55.94287172236133,-3.184548068352037,NNW,55.94314888622109,-3.1846628733817464,1984.2262692381732,2014.4563500267177
55.94314888622109,-3.1846628733817464,SSE,55.94287172236133,-3.184548068352037,1984.2262692381732,2013.2063500267177
55.94287172236133,-3.184548068352037,NNW,55.94314888622109,-3.1846628733817464,1984.2262692381732,2011.9563500267177
55.94314888622109,-3.1846628733817464,SSE,55.94287172236133,-3.184548068352037,1984.2262692381732,2010.7063500267177
55.94287172236133,-3.184548068352037,NNW,55.94314888622109,-3.1846628733817464,1984.2262692381732,2009.4563500267177
55.94314888622109,-3.1846628733817464,SSE,55.94287172236133,-3.184548068352037,1984.2262692381732,2008.2063500267177
55.94287172236133,-3.184548068352037,NNW,55.94314888622109,-3.1846628733817464,1984.2262692381732,2006.9563500267177
55.94314888622109,-3.1846628733817464,SSE,55.94287172236133,-3.184548068352037,1984.2262692381732,2005.7063500267177
55.94287172236133,-3.184548068352037,NNW,55.94314888622109,-3.1846628733817464,1984.2262692381732,2004.4563500267177
55.94314888622109,-3.1846628733817464,SSE,55.94287172236133,-3.184548068352037,1984.2262692381732,2003.2063500267177
55.94287172236133,-3.184548068352037,NNW,55.94314888622109,-3.1846628733817464,1984.2262692381732,2001.9563500267177
55.94314888622109,-3.1846628733817464,SSE,55.94287172236133,-3.184548068352037,1984.2262692381732,2000.7063500267177
55.94287172236133,-3.184548068352037,NNW,55.94314888622109,-3.1846628733817464,1984.2262692381732,1999.4563500267177
55.94314888622109,-3.1846628733817464,SSE,55.94287172236133,-3.184548068352037,1984.2262692381732,1998.2063500267177
55.94287172236133,-3.184548068352037,NNW,55.94314888622109,-3.1846628733817464,1984.2262692381732,1996.9563500267177
55.94314888622109,-3.1846628733817464,SSE,55.94287172236133,-3.184548068352037,1984.2262692381732,1995.7063500267177
55.94287172236133,-3.184548068352037,NNW,55.94314888622109,-3.1846628733817464,1984.2262692381732,1994.4563500267177
55.94314888622109,-3.1846628733817464,SSE,55.94287172236133,-3.184548068352037,1984.2262692381732,1993.2063500267177
55.94287172236133,-3.184548068352037,NNW,55.94314888622109,-3.1846628733817464,1984.2262692381732,1991.9563500267177
55.94314888622109,-3.1846628733817464,SSE,55.94287172236133,-3.184548068352037,1984.2262692381732,1990.7063500267177
55.94287172236133,-3.184548068352037,NNW,55.94314888622109,-3.1846628733817464,1984.2262692381732,1989.4563500267177
55.94314888622109,-3.1846628733817464,SSE,55.94287172236133,-3.184548068352037,1984.2262692381732,1988.2063500267177
55.94287172236133,-3.184548068352037,NNW,55.94314888622109,-3.1846628733817464,1984.2262692381732,1986.9563500267177
55.94314888622109,-3.1846628733817464,SSE,55.94287172236133,-3.184548068352037,1984.2262692381732,1985.7063500267177
55.94287172236133,-3.184548068352037,NNW,55.94314888622109,-3.1846628733817464,1984.2262692381732,1984.4563500267177
55.94314888622109,-3.1846628733817464,SSE,55.94287172236133,-3.184548068352037,1984.2262692381732,1983.2063500267177
55.94287172236133,-3.184548068352037,NNW,55.94314888622109,-3.1846628733817464,1984.2262692381732,1981.9563500267177
55.94314888622109,-3.1846628733817464,SSE,55.94287172236133,-3.184548068352037,1984.2262692381732,1980.7063500267177
55.94287172236133,-3.184548068352037,NNW,55.94314888622109,-3.1846628733817464,1984.2262692381732,1979.4563500267177
55.94314888622109,-3.1846628733817464,SSE,55.94287172236133,-3.184548068352037,1984.2262692381732,1978.2063500267177
55.94287172236133,-3.184548068352037,NNW,55.94314888622109,-3.1846628733817464,1984.2262692381732,1976.9563500267177
55.94314888622109,-3.1846628733817464,SSE,55.94287172236133,-3.184548068352037,1984.2262692381732,1975.7063500267177
55.94287172236133,-3.184548068352037,NNW,55.94314888622109,-3.1846628733817464,1984.2262692381732,1974.4563500267177
55.94314888622109,-3.1846628733817464,SSE,55.94287172236133,-3.184548068352037,1984.2262692381732,1973.2063500267177
55.94287172236133,-3.184548068352037,NNW,55.94314888622109,-3.1846628733817464,1984.2262692381732,1971.9563500267177
55.94314888622109,-3.1846628733817464,SSE,55.94287172236133,-3.184548068352037,1984.2262692381732,1970.7063500267177
55.94287172236133,-3.184548068352037,NNW,55.94314888622109,-3.1846628733817464,1984.2262692381732,1969.4563500267177
55.94314888622109,-3.1846628733817464,SSE,55.94287172236133,-3.184548068352037,1984.2262692381732,1968.2063500267177
55.94287172236133,-3.184548068352037,NNW,55.94314888622109,-3.1846628733817464,1984.2262692381732,1966.9563500267177
55.94314888622109,-3.1846628733817464,SSE,55.94287172236133,-3.184548068352037,1984.2262692381732,1965.7063500267177
55.94287172236133,-3.184548068352037,NNW,55.94314888622109,-3.1846628733817464,1984.2262692381732,1964.4563500267177
55.94314888622109,-3.1846628733817464,SSE,55.94287172236133,-3.184548068352037,1984.2262692381732,1963.2063500267177
55.94287172236133,-3.184548068352037,NNW,55.94314888622109,-3.1846628733817464,1984.2262692381732,1961.9563500267177
55.94314888622109,-3.1846628733817464,SSE,55.94287172236133,-3.184548068352037,1984.2262692381732,1960.7063500267177
55.94287172236133,-3.184548068352037,NNW,55.94314888622109,-3.1846628733817464,1984.2262692381732,1959.4563500267177
55.94314888622109,-3.1846628733817464,SSE,55.94287172236133,-3.184548068352037,1984.2262692381732,1958.2063500267177
55.94287172236133,-3.184548068352037,NNW,55.94314888622109,-3.1846628733817464,1984.2262692381732,1956.9563500267177
55.94314888622109,-3.1846628733817464,SSE,55.94287172236133,-3.184548068352037,1984.2262692381732,1955.7063500267177
55.94287172236133,-3.184548068352037,NNW,55.94314888622109,-3.1846628733817464,1984.2262692381732,1954.4563500267177
55.94314888622109,-3.1846628733817464,SSE,55.94287172236133,-3.184548068352037,1984.2262692381732,1953.2063500267177
55.94287172236133,-3.184548068352037,NNW,55.94314888622109,-3.1846628733817464,1984.2262692381732,1951.9563500267177
55.94314888622109,-3.1846628733817464,SSE,55.94287172236133,-3.184548068352037,1984.2262692381732,1950.7063500267177
55.94287172236133,-3.184548068352037,NNW,55.94314888622109,-3.1846628733817464,1984.2262692381732,1949.4563500267177
55.94314888622109,-3.1846628733817464,SSE,55.94287172236133,-3.184548068352037,1984.2262692381732,1948.2063500267177
55.94287172236133,-3.184548068352037,NNW,55.94314888622109,-3.1846628733817464,1984.2262692381732,1946.9563500267177
55.94314888622109,-3.1846628733817464,SSE,55.94287172236133,-3.184548068352037,1984.2262692381732,1945.7063500267177
55.94287172236133,-3.184548068352037,NNW,55.94314888622109,-3.1846628733817464,1984.2262692381732,1944.4563500267177
55.94314888622109,-3.1846628733817464,SSE,55.94287172236133,-3.184548068352037,1984.2262692381732,1943.2063500267177
55.94287172236133,-3.184548068352037,NNW,55.94314888622109,-3.1846628733817464,1984.2262692381732,1941.9563500267177
55.94314888622109,-3.1846628733817464,SSE,55.94287172236133,-3.184548068352037,1984.2262692381732,1940.7063500267177
55.94287172236133,-3.184548068352037,NNW,55.94314888622109,-3.1846628733817464,1984.2262692381732,1939.4563500267177
55.94314888622109,-3.1846628733817464,SSE,55.94287172236133,-3.184548068352037,1984.2262692381732,1938.2063500267177
