55.944425,-3.188396,SE,55.944212867965646,-3.1881838679656442,119.58872473982123,268.5000185227496
55.944212867965646,-3.1881838679656442,ENE,55.94432767299536,-3.187906704105891,151.10667471485954,281.77374689192453
55.94432767299536,-3.187906704105891,NE,55.94453980502971,-3.187694572071535,151.10667471485954,280.52374689192453
55.94453980502971,-3.187694572071535,NE,55.94475193706407,-3.1874824400371793,211.0490867556949,279.6964472998128
55.94475193706407,-3.1874824400371793,NE,55.944964069098425,-3.1872703080028235,294.8949511016033,385.62720732653264
55.944964069098425,-3.1872703080028235,NNW,55.94524123295818,-3.187385113032533,294.8949511016033,384.37720732653264
55.94524123295818,-3.187385113032533,NNW,55.94551839681794,-3.1874999180622425,294.8949511016033,383.12720732653264
55.94551839681794,-3.1874999180622425,N,55.94581839681794,-3.1874999180622425,378.77454040717396,504.1870630675346
55.94581839681794,-3.1874999180622425,NE,55.9460305288523,-3.1872877860278868,378.77454040717396,502.9370630675346
55.9460305288523,-3.1872877860278868,E,55.9460305288523,-3.1869877860278866,378.77454040717396,501.6870630675346
55.9460305288523,-3.1869877860278866,E,55.9460305288523,-3.1866877860278864,378.77454040717396,500.4370630675346
55.9460305288523,-3.1866877860278864,ENE,55.94614533388201,-3.186410622168133,415.26585265800003,587.3314809612581
55.94614533388201,-3.186410622168133,SSE,55.94586817002225,-3.1862958171384235,415.26585265800003,586.0814809612581
55.94586817002225,-3.1862958171384235,ESE,55.94575336499254,-3.18601865327867,532.6836933711053,627.6203248386653
55.94575336499254,-3.18601865327867,ENE,55.94586817002225,-3.1857414894189167,651.2241773291399,656.1600789761967
55.94586817002225,-3.1857414894189167,ENE,55.94598297505196,-3.1854643255591633,651.2241773291399,654.9100789761967
55.94598297505196,-3.1854643255591633,E,55.94598297505196,-3.185164325559163,690.6086297772632,705.6194731960998
55.94598297505196,-3.185164325559163,ENE,55.94609778008167,-3.1848871616994097,743.7973576654921,807.0421587207919
55.94609778008167,-3.1848871616994097,SSW,55.945820616221916,-3.185001966729119,743.7973576654921,805.7921587207919
55.945820616221916,-3.185001966729119,SSW,55.94554345236216,-3.1851167717588287,743.7973576654921,804.5421587207919
55.94554345236216,-3.1851167717588287,SSW,55.9452662885024,-3.185231576788538,743.7973576654921,803.2921587207919
55.9452662885024,-3.185231576788538,SSW,55.944989124642646,-3.1853463818182477,759.4857641873004,887.6955557387398
55.944989124642646,-3.1853463818182477,SSW,55.94471196078289,-3.185461186847957,759.4857641873004,886.4455557387398
55.94471196078289,-3.185461186847957,SSW,55.94443479692313,-3.1855759918776667,854.2584443204695,891.6177795110744
55.94443479692313,-3.1855759918776667,S,55.94413479692313,-3.1855759918776667,854.2584443204695,890.3677795110744
55.94413479692313,-3.1855759918776667,S,55.94383479692313,-3.1855759918776667,854.2584443204695,889.1177795110744
55.94383479692313,-3.1855759918776667,S,55.943534796923124,-3.1855759918776667,854.2584443204695,887.8677795110744
55.943534796923124,-3.1855759918776667,SSE,55.94325763306337,-3.185461186847957,893.9105761739203,952.9831171024191
55.94325763306337,-3.185461186847957,SSE,55.94298046920361,-3.1853463818182477,997.2097708878958,994.285955060527
55.94298046920361,-3.1853463818182477,NE,55.94319260123797,-3.185134249783892,997.2097708878958,993.035955060527
55.94319260123797,-3.185134249783892,ENE,55.94330740626768,-3.1848570859241385,1055.6611798190772,1073.8272187546593
55.94330740626768,-3.1848570859241385,NE,55.943519538302034,-3.1846449538897827,1152.695325730121,1119.7034112044187
55.943519538302034,-3.1846449538897827,SSW,55.94324237444228,-3.1847597589194923,1152.695325730121,1118.4534112044187
55.94324237444228,-3.1847597589194923,S,55.942942374442275,-3.1847597589194923,1152.695325730121,1117.2034112044187
55.942942374442275,-3.1847597589194923,SSE,55.94266521058252,-3.1846449538897827,1237.2208041544998,1134.429494947931
55.94266521058252,-3.1846449538897827,WNW,55.94278001561223,-3.184922117749536,1237.2208041544998,1133.179494947931
55.94278001561223,-3.184922117749536,WNW,55.94289482064194,-3.1851992816092896,1237.2208041544998,1131.929494947931
55.94289482064194,-3.1851992816092896,WNW,55.94300962567165,-3.185476445469043,1237.2208041544998,1130.679494947931
55.94300962567165,-3.185476445469043,WNW,55.94312443070136,-3.1857536093287964,1237.2208041544998,1129.429494947931
55.94312443070136,-3.1857536093287964,WNW,55.94323923573107,-3.1860307731885498,1237.2208041544998,1128.179494947931
55.94323923573107,-3.1860307731885498,WNW,55.94335404076078,-3.186307937048303,1237.2208041544998,1126.929494947931
55.94335404076078,-3.186307937048303,WNW,55.94346884579049,-3.1865851009080566,1262.048704761517,1245.072646923689
55.94346884579049,-3.1865851009080566,NNW,55.94374600965025,-3.186699905937766,1262.048704761517,1243.822646923689
55.94374600965025,-3.186699905937766,WSW,55.94363120462054,-3.1869770697975195,1295.7831403568555,1299.701971182858
55.94363120462054,-3.1869770697975195,SW,55.94341907258618,-3.1871892018318753,1387.250013701116,1336.1920935544229
55.94341907258618,-3.1871892018318753,WSW,55.94330426755647,-3.1874663656916287,1387.250013701116,1334.9420935544229
55.94330426755647,-3.1874663656916287,WSW,55.94318946252676,-3.187743529551382,1387.250013701116,1333.6920935544229
55.94318946252676,-3.187743529551382,SW,55.942977330492404,-3.187955661585738,1387.250013701116,1332.4420935544229
55.942977330492404,-3.187955661585738,WSW,55.942862525462694,-3.1882328254454912,1480.19755797777,1335.7650949659876
55.942862525462694,-3.1882328254454912,WNW,55.942977330492404,-3.1885099893052447,1578.8454070380365,1348.671413633301
55.942977330492404,-3.1885099893052447,NNW,55.94325449435216,-3.188624794334954,1584.1815633784192,1361.689979630156
55.94325449435216,-3.188624794334954,WNW,55.94336929938187,-3.1889019581947076,1584.1815633784192,1360.439979630156
55.94336929938187,-3.1889019581947076,WNW,55.94348410441158,-3.189179122054461,1584.1815633784192,1359.189979630156
55.94348410441158,-3.189179122054461,WNW,55.94359890944129,-3.1894562859142144,1584.1815633784192,1357.939979630156
55.94359890944129,-3.1894562859142144,WNW,55.943713714471,-3.1897334497739678,1584.1815633784192,1356.689979630156
55.943713714471,-3.1897334497739678,WNW,55.94382851950071,-3.190010613633721,1584.1815633784192,1355.439979630156
55.94382851950071,-3.190010613633721,NW,55.94404065153507,-3.190222745668077,1634.7093151029794,1427.2234631285949
55.94404065153507,-3.190222745668077,N,55.94434065153507,-3.190222745668077,1634.7093151029794,1425.9734631285949
55.94434065153507,-3.190222745668077,NNE,55.94461781539483,-3.1901079406383674,1634.7093151029794,1424.7234631285949
55.94461781539483,-3.1901079406383674,N,55.94491781539483,-3.1901079406383674,1634.7093151029794,1423.4734631285949
55.94491781539483,-3.1901079406383674,NNE,55.94519497925459,-3.189993135608658,1707.88038639809,1449.0713517967315
55.94519497925459,-3.189993135608658,NW,55.945407111288944,-3.1902052676430137,1761.2920120872225,1523.0972765657211
55.945407111288944,-3.1902052676430137,WNW,55.945521916318654,-3.190482431502767,1761.2920120872225,1521.8472765657211
55.945521916318654,-3.190482431502767,W,55.945521916318654,-3.1907824315027673,1761.2920120872225,1520.5972765657211
55.945521916318654,-3.1907824315027673,WNW,55.945636721348365,-3.1910595953625207,1761.2920120872225,1519.3472765657211
55.945636721348365,-3.1910595953625207,W,55.945636721348365,-3.191359595362521,1802.4174926301528,1561.497230210009
55.945636721348365,-3.191359595362521,WNW,55.945751526378075,-3.1916367592222743,1881.408159966589,1564.0052175748835
55.945751526378075,-3.1916367592222743,SE,55.94553939434372,-3.1914246271879185,1881.408159966589,1562.7552175748835
55.94553939434372,-3.1914246271879185,SW,55.94532726230936,-3.1916367592222743,1881.408159966589,1561.5052175748835
55.94532726230936,-3.1916367592222743,WSW,55.94521245727965,-3.1919139230820277,1881.408159966589,1560.2552175748835
55.94521245727965,-3.1919139230820277,SW,55.945000325245296,-3.1921260551163835,1937.9918823027642,1585.2306240785374
55.945000325245296,-3.1921260551163835,SE,55.94478819321094,-3.1919139230820277,1937.9918823027642,1583.9806240785374
55.94478819321094,-3.1919139230820277,SSE,55.94451102935118,-3.191799118052318,1937.9918823027642,1582.7306240785374
55.94451102935118,-3.191799118052318,SE,55.94429889731683,-3.1915869860179624,2032.2874395174276,1690.2468544818005
55.94429889731683,-3.1915869860179624,S,55.943998897316824,-3.1915869860179624,2032.2874395174276,1688.9968544818005
55.943998897316824,-3.1915869860179624,S,55.94369889731682,-3.1915869860179624,2040.8787025570948,1715.6718449615912
55.94369889731682,-3.1915869860179624,SSW,55.943421733457065,-3.191701791047672,2139.425682432477,1774.5048451244163
55.943421733457065,-3.191701791047672,WNW,55.943536538486775,-3.1919789549074253,2139.425682432477,1773.2548451244163
55.943536538486775,-3.1919789549074253,WNW,55.943651343516485,-3.1922561187671787,2199.741667094658,1829.8515658145277
55.943651343516485,-3.1922561187671787,ESE,55.943536538486775,-3.1919789549074253,2199.741667094658,1828.6015658145277
55.943536538486775,-3.1919789549074253,WNW,55.943651343516485,-3.1922561187671787,2199.741667094658,1827.3515658145277
55.943651343516485,-3.1922561187671787,ESE,55.943536538486775,-3.1919789549074253,2199.741667094658,1826.1015658145277
55.943536538486775,-3.1919789549074253,WNW,55.943651343516485,-3.1922561187671787,2199.741667094658,1824.8515658145277
55.943651343516485,-3.1922561187671787,ESE,55.943536538486775,-3.1919789549074253,2199.741667094658,1823.6015658145277
55.943536538486775,-3.1919789549074253,WNW,55.943651343516485,-3.1922561187671787,2199.741667094658,1822.3515658145277
55.943651343516485,-3.1922561187671787,ESE,55.943536538486775,-3.1919789549074253,2199.741667094658,1821.1015658145277
55.943536538486775,-3.1919789549074253,WNW,55.943651343516485,-3.1922561187671787,2199.741667094658,1819.8515658145277
55.943651343516485,-3.1922561187671787,ESE,55.943536538486775,-3.1919789549074253,2199.741667094658,1818.6015658145277
55.943536538486775,-3.1919789549074253,WNW,55.943651343516485,-3.1922561187671787,2199.741667094658,1817.3515658145277
55.943651343516485,-3.1922561187671787,ESE,55.943536538486775,-3.1919789549074253,2199.741667094658,1816.1015658145277
55.943536538486775,-3.1919789549074253,WNW,55.943651343516485,-3.1922561187671787,2199.741667094658,1814.8515658145277
55.943651343516485,-3.1922561187671787,ESE,55.943536538486775,-3.1919789549074253,2199.741667094658,1813.6015658145277
55.943536538486775,-3.1919789549074253,WNW,55.943651343516485,-3.1922561187671787,2199.741667094658,1812.3515658145277
55.943651343516485,-3.1922561187671787,ESE,55.943536538486775,-3.1919789549074253,2199.741667094658,1811.1015658145277
55.943536538486775,-3.1919789549074253,WNW,55.943651343516485,-3.1922561187671787,2199.741667094658,1809.8515658145277
55.943651343516485,-3.1922561187671787,ESE,55.943536538486775,-3.1919789549074253,2199.741667094658,1808.6015658145277
55.943536538486775,-3.1919789549074253,WNW,55.943651343516485,-3.1922561187671787,2199.741667094658,1807.3515658145277
55.943651343516485,-3.1922561187671787,ESE,55.943536538486775,-3.1919789549074253,2199.741667094658,1806.1015658145277
55.943536538486775,-3.1919789549074253,WNW,55.943651343516485,-3.1922561187671787,2199.741667094658,1804.8515658145277
55.943651343516485,-3.1922561187671787,ESE,55.943536538486775,-3.1919789549074253,2199.741667094658,1803.6015658145277
55.943536538486775,-3.1919789549074253,WNW,55.943651343516485,-3.1922561187671787,2199.741667094658,1802.3515658145277
55.943651343516485,-3.1922561187671787,ESE,55.943536538486775,-3.1919789549074253,2199.741667094658,1801.1015658145277
55.943536538486775,-3.1919789549074253,WNW,55.943651343516485,-3.1922561187671787,2199.741667094658,1799.8515658145277
55.943651343516485,-3.1922561187671787,ESE,55.943536538486775,-3.1919789549074253,2199.741667094658,1798.6015658145277
55.943536538486775,-3.1919789549074253,WNW,55.943651343516485,-3.1922561187671787,2199.741667094658,1797.3515658145277
55.943651343516485,-3.1922561187671787,ESE,55.943536538486775,-3.1919789549074253,2199.741667094658,1796.1015658145277
55.943536538486775,-3.1919789549074253,WNW,55.943651343516485,-3.1922561187671787,2199.741667094658,1794.8515658145277
55.943651343516485,-3.1922561187671787,ESE,55.943536538486775,-3.1919789549074253,2199.741667094658,1793.6015658145277
55.943536538486775,-3.1919789549074253,WNW,55.943651343516485,-3.1922561187671787,2199.741667094658,1792.3515658145277
55.943651343516485,-3.1922561187671787,ESE,55.943536538486775,-3.1919789549074253,2199.741667094658,1791.1015658145277
55.943536538486775,-3.1919789549074253,WNW,55.943651343516485,-3.1922561187671787,2199.741667094658,1789.8515658145277
55.943651343516485,-3.1922561187671787,ESE,55.943536538486775,-3.1919789549074253,2199.741667094658,1788.6015658145277
55.943536538486775,-3.1919789549074253,WNW,55.943651343516485,-3.1922561187671787,2199.741667094658,1787.3515658145277
55.943651343516485,-3.1922561187671787,ESE,55.943536538486775,-3.1919789549074253,2199.741667094658,1786.1015658145277
55.943536538486775,-3.1919789549074253,WNW,55.943651343516485,-3.1922561187671787,2199.741667094658,1784.8515658145277
55.943651343516485,-3.1922561187671787,ESE,55.943536538486775,-3.1919789549074253,2199.741667094658,1783.6015658145277
55.943536538486775,-3.1919789549074253,WNW,55.943651343516485,-3.1922561187671787,2199.741667094658,1782.3515658145277
55.943651343516485,-3.1922561187671787,ESE,55.943536538486775,-3.1919789549074253,2199.741667094658,1781.1015658145277
55.943536538486775,-3.1919789549074253,WNW,55.943651343516485,-3.1922561187671787,2199.741667094658,1779.8515658145277
55.943651343516485,-3.1922561187671787,ESE,55.943536538486775,-3.1919789549074253,2199.741667094658,1778.6015658145277
55.943536538486775,-3.1919789549074253,WNW,55.943651343516485,-3.1922561187671787,2199.741667094658,1777.3515658145277
55.943651343516485,-3.1922561187671787,ESE,55.943536538486775,-3.1919789549074253,2199.741667094658,1776.1015658145277
55.943536538486775,-3.1919789549074253,WNW,55.943651343516485,-3.1922561187671787,2199.741667094658,1774.8515658145277
55.943651343516485,-3.1922561187671787,ESE,55.943536538486775,-3.1919789549074253,2199.741667094658,1773.6015658145277
55.943536538486775,-3.1919789549074253,WNW,55.943651343516485,-3.1922561187671787,2199.741667094658,1772.3515658145277
55.943651343516485,-3.1922561187671787,ESE,55.943536538486775,-3.1919789549074253,2199.741667094658,1771.1015658145277
55.943536538486775,-3.1919789549074253,WNW,55.943651343516485,-3.1922561187671787,2199.741667094658,1769.8515658145277
55.943651343516485,-3.1922561187671787,ESE,55.943536538486775,-3.1919789549074253,2199.741667094658,1768.6015658145277
55.943536538486775,-3.1919789549074253,WNW,55.943651343516485,-3.1922561187671787,2199.741667094658,1767.3515658145277
55.943651343516485,-3.1922561187671787,ESE,55.943536538486775,-3.1919789549074253,2199.741667094658,1766.1015658145277
55.943536538486775,-3.1919789549074253,WNW,55.943651343516485,-3.1922561187671787,2199.741667094658,1764.8515658145277
55.943651343516485,-3.1922561187671787,ESE,55.943536538486775,-3.1919789549074253,2199.741667094658,1763.6015658145277
55.943536538486775,-3.1919789549074253,WNW,55.943651343516485,-3.1922561187671787,2199.741667094658,1762.3515658145277
55.943651343516485,-3.1922561187671787,ESE,55.943536538486775,-3.1919789549074253,2199.741667094658,1761.1015658145277
55.943536538486775,-3.1919789549074253,WNW,55.943651343516485,-3.1922561187671787,2199.741667094658,1759.8515658145277
55.943651343516485,-3.1922561187671787,ESE,55.943536538486775,-3.1919789549074253,2199.741667094658,1758.6015658145277
55.943536538486775,-3.1919789549074253,WNW,55.943651343516485,-3.1922561187671787,2199.741667094658,1757.3515658145277
55.943651343516485,-3.1922561187671787,ESE,55.943536538486775,-3.1919789549074253,2199.741667094658,1756.1015658145277
55.943536538486775,-3.1919789549074253,WNW,55.943651343516485,-3.1922561187671787,2199.741667094658,1754.8515658145277
55.943651343516485,-3.1922561187671787,ESE,55.943536538486775,-3.1919789549074253,2199.741667094658,1753.6015658145277
55.943536538486775,-3.1919789549074253,WNW,55.943651343516485,-3.1922561187671787,2199.741667094658,1752.3515658145277
55.943651343516485,-3.1922561187671787,ESE,55.943536538486775,-3.1919789549074253,2199.741667094658,1751.1015658145277
55.943536538486775,-3.1919789549074253,WNW,55.943651343516485,-3.1922561187671787,2199.741667094658,1749.8515658145277
55.943651343516485,-3.1922561187671787,ESE,55.943536538486775,-3.1919789549074253,2199.741667094658,1748.6015658145277
55.943536538486775,-3.1919789549074253,WNW,55.943651343516485,-3.1922561187671787,2199.741667094658,1747.3515658145277
55.943651343516485,-3.1922561187671787,ESE,55.943536538486775,-3.1919789549074253,2199.741667094658,1746.1015658145277
55.943536538486775,-3.1919789549074253,WNW,55.943651343516485,-3.1922561187671787,2199.741667094658,1744.8515658145277
55.943651343516485,-3.1922561187671787,ESE,55.943536538486775,-3.1919789549074253,2199.741667094658,1743.6015658145277
55.943536538486775,-3.1919789549074253,WNW,55.943651343516485,-3.1922561187671787,2199.741667094658,1742.3515658145277
55.943651343516485,-3.1922561187671787,ESE,55.943536538486775,-3.1919789549074253,2199.741667094658,1741.1015658145277
55.943536538486775,-3.1919789549074253,WNW,55.943651343516485,-3.1922561187671787,2199.741667094658,1739.8515658145277
55.943651343516485,-3.1922561187671787,ESE,55.943536538486775,-3.1919789549074253,2199.741667094658,1738.6015658145277
55.943536538486775,-3.1919789549074253,WNW,55.943651343516485,-3.1922561187671787,2199.741667094658,1737.3515658145277
55.943651343516485,-3.1922561187671787,ESE,55.943536538486775,-3.1919789549074253,2199.741667094658,1736.1015658145277
55.943536538486775,-3.1919789549074253,WNW,55.943651343516485,-3.1922561187671787,2199.741667094658,1734.8515658145277
55.943651343516485,-3.1922561187671787,ESE,55.943536538486775,-3.1919789549074253,2199.741667094658,1733.6015658145277
55.943536538486775,-3.1919789549074253,WNW,55.943651343516485,-3.1922561187671787,2199.741667094658,1732.3515658145277
55.943651343516485,-3.1922561187671787,ESE,55.943536538486775,-3.1919789549074253,2199.741667094658,1731.1015658145277
55.943536538486775,-3.1919789549074253,WNW,55.943651343516485,-3.1922561187671787,2199.741667094658,1729.8515658145277
55.943651343516485,-3.1922561187671787,ESE,55.943536538486775,-3.1919789549074253,2199.741667094658,1728.6015658145277
55.943536538486775,-3.1919789549074253,WNW,55.943651343516485,-3.1922561187671787,2199.741667094658,1727.3515658145277
55.943651343516485,-3.1922561187671787,ESE,55.943536538486775,-3.1919789549074253,2199.741667094658,1726.1015658145277
55.943536538486775,-3.1919789549074253,WNW,55.943651343516485,-3.1922561187671787,2199.741667094658,1724.8515658145277
55.943651343516485,-3.1922561187671787,ESE,55.943536538486775,-3.1919789549074253,2199.741667094658,1723.6015658145277
55.943536538486775,-3.1919789549074253,WNW,55.943651343516485,-3.1922561187671787,2199.741667094658,1722.3515658145277
55.943651343516485,-3.1922561187671787,ESE,55.943536538486775,-3.1919789549074253,2199.741667094658,1721.1015658145277
55.943536538486775,-3.1919789549074253,WNW,55.943651343516485,-3.1922561187671787,2199.741667094658,1719.8515658145277
55.943651343516485,-3.1922561187671787,ESE,55.943536538486775,-3.1919789549074253,2199.741667094658,1718.6015658145277
55.943536538486775,-3.1919789549074253,WNW,55.943651343516485,-3.1922561187671787,2199.741667094658,1717.3515658145277
55.943651343516485,-3.1922561187671787,ESE,55.943536538486775,-3.1919789549074253,2199.741667094658,1716.1015658145277
55.943536538486775,-3.1919789549074253,WNW,55.943651343516485,-3.1922561187671787,2199.741667094658,1714.8515658145277
55.943651343516485,-3.1922561187671787,ESE,55.943536538486775,-3.1919789549074253,2199.741667094658,1713.6015658145277
55.943536538486775,-3.1919789549074253,WNW,55.943651343516485,-3.1922561187671787,2199.741667094658,1712.3515658145277
55.943651343516485,-3.1922561187671787,ESE,55.943536538486775,-3.1919789549074253,2199.741667094658,1711.1015658145277
55.943536538486775,-3.1919789549074253,WNW,55.943651343516485,-3.1922561187671787,2199.741667094658,1709.8515658145277
55.943651343516485,-3.1922561187671787,ESE,55.943536538486775,-3.1919789549074253,2199.741667094658,1708.6015658145277
55.943536538486775,-3.1919789549074253,WNW,55.943651343516485,-3.1922561187671787,2199.741667094658,1707.3515658145277
55.943651343516485,-3.1922561187671787,ESE,55.943536538486775,-3.1919789549074253,2199.741667094658,1706.1015658145277
55.943536538486775,-3.1919789549074253,WNW,55.943651343516485,-3.1922561187671787,2199.741667094658,1704.8515658145277
55.943651343516485,-3.1922561187671787,ESE,55.943536538486775,-3.1919789549074253,2199.741667094658,1703.6015658145277
55.943536538486775,-3.1919789549074253,WNW,55.943651343516485,-3.1922561187671787,2199.741667094658,1702.3515658145277
55.943651343516485,-3.1922561187671787,ESE,55.943536538486775,-3.1919789549074253,2199.741667094658,1701.1015658145277
55.943536538486775,-3.1919789549074253,WNW,55.943651343516485,-3.1922561187671787,2199.741667094658,1699.8515658145277
55.943651343516485,-3.1922561187671787,ESE,55.943536538486775,-3.1919789549074253,2199.741667094658,1698.6015658145277
55.943536538486775,-3.1919789549074253,WNW,55.943651343516485,-3.1922561187671787,2199.741667094658,1697.3515658145277
55.943651343516485,-3.1922561187671787,ESE,55.943536538486775,-3.1919789549074253,2199.741667094658,1696.1015658145277
55.943536538486775,-3.1919789549074253,WNW,55.943651343516485,-3.1922561187671787,2199.741667094658,1694.8515658145277
55.943651343516485,-3.1922561187671787,ESE,55.943536538486775,-3.1919789549074253,2199.741667094658,1693.6015658145277
55.943536538486775,-3.1919789549074253,WNW,55.943651343516485,-3.1922561187671787,2199.741667094658,1692.3515658145277
55.943651343516485,-3.1922561187671787,ESE,55.943536538486775,-3.1919789549074253,2199.741667094658,1691.1015658145277
55.943536538486775,-3.1919789549074253,WNW,55.943651343516485,-3.1922561187671787,2199.741667094658,1689.8515658145277
55.943651343516485,-3.1922561187671787,ESE,55.943536538486775,-3.1919789549074253,2199.741667094658,1688.6015658145277
55.943536538486775,-3.1919789549074253,WNW,55.943651343516485,-3.1922561187671787,2199.741667094658,1687.3515658145277
55.943651343516485,-3.1922561187671787,ESE,55.943536538486775,-3.1919789549074253,2199.741667094658,1686.1015658145277
55.943536538486775,-3.1919789549074253,WNW,55.943651343516485,-3.1922561187671787,2199.741667094658,1684.8515658145277
55.943651343516485,-3.1922561187671787,ESE,55.943536538486775,-3.1919789549074253,2199.741667094658,1683.6015658145277
55.943536538486775,-3.1919789549074253,WNW,55.943651343516485,-3.1922561187671787,2199.741667094658,1682.3515658145277
55.943651343516485,-3.1922561187671787,ESE,55.943536538486775,-3.1919789549074253,2199.741667094658,1681.1015658145277
55.943536538486775,-3.1919789549074253,WNW,55.943651343516485,-3.1922561187671787,2199.741667094658,1679.8515658145277
55.943651343516485,-3.1922561187671787,ESE,55.943536538486775,-3.1919789549074253,2199.741667094658,1678.6015658145277
55.943536538486775,-3.1919789549074253,WNW,55.943651343516485,-3.1922561187671787,2199.741667094658,1677.3515658145277
55.943651343516485,-3.1922561187671787,ESE,55.943536538486775,-3.1919789549074253,2199.741667094658,1676.1015658145277
55.943536538486775,-3.1919789549074253,WNW,55.943651343516485,-3.1922561187671787,2199.741667094658,1674.8515658145277
55.943651343516485,-3.1922561187671787,ESE,55.943536538486775,-3.1919789549074253,2199.741667094658,1673.6015658145277
55.943536538486775,-3.1919789549074253,WNW,55.943651343516485,-3.1922561187671787,2199.741667094658,1672.3515658145277
55.943651343516485,-3.1922561187671787,ESE,55.943536538486775,-3.1919789549074253,2199.741667094658,1671.1015658145277
55.943536538486775,-3.1919789549074253,WNW,55.943651343516485,-3.1922561187671787,2199.741667094658,1669.8515658145277
55.943651343516485,-3.1922561187671787,ESE,55.943536538486775,-3.1919789549074253,2199.741667094658,1668.6015658145277
55.943536538486775,-3.1919789549074253,WNW,55.943651343516485,-3.1922561187671787,2199.741667094658,1667.3515658145277
55.943651343516485,-3.1922561187671787,ESE,55.943536538486775,-3.1919789549074253,2199.741667094658,1666.1015658145277
55.943536538486775,-3.1919789549074253,WNW,55.943651343516485,-3.1922561187671787,2199.741667094658,1664.8515658145277
55.943651343516485,-3.1922561187671787,ESE,55.943536538486775,-3.1919789549074253,2199.741667094658,1663.6015658145277
55.943536538486775,-3.1919789549074253,WNW,55.943651343516485,-3.1922561187671787,2199.741667094658,1662.3515658145277
55.943651343516485,-3.1922561187671787,ESE,55.943536538486775,-3.1919789549074253,2199.741667094658,1661.1015658145277
55.943536538486775,-3.1919789549074253,WNW,55.943651343516485,-3.1922561187671787,2199.741667094658,1659.8515658145277
55.943651343516485,-3.1922561187671787,ESE,55.943536538486775,-3.1919789549074253,2199.741667094658,1658.6015658145277
55.943536538486775,-3.1919789549074253,WNW,55.943651343516485,-3.1922561187671787,2199.741667094658,1657.3515658145277
55.943651343516485,-3.1922561187671787,ESE,55.943536538486775,-3.1919789549074253,2199.741667094658,1656.1015658145277
55.943536538486775,-3.1919789549074253,WNW,55.943651343516485,-3.1922561187671787,2199.741667094658,1654.8515658145277
55.943651343516485,-3.1922561187671787,ESE,55.943536538486775,-3.1919789549074253,2199.741667094658,1653.6015658145277
55.943536538486775,-3.1919789549074253,WNW,55.943651343516485,-3.1922561187671787,2199.741667094658,1652.3515658145277
55.943651343516485,-3.1922561187671787,ESE,55.943536538486775,-3.1919789549074253,2199.741667094658,1651.1015658145277
55.943536538486775,-3.1919789549074253,WNW,55.943651343516485,-3.1922561187671787,2199.741667094658,1649.8515658145277
55.943651343516485,-3.1922561187671787,ESE,55.943536538486775,-3.1919789549074253,2199.741667094658,1648.6015658145277
55.943536538486775,-3.1919789549074253,WNW,55.943651343516485,-3.1922561187671787,2199.741667094658,1647.3515658145277
55.943651343516485,-3.1922561187671787,ESE,55.943536538486775,-3.1919789549074253,2199.741667094658,1646.1015658145277
55.943536538486775,-3.1919789549074253,WNW,55.943651343516485,-3.1922561187671787,2199.741667094658,1644.8515658145277
55.943651343516485,-3.1922561187671787,ESE,55.943536538486775,-3.1919789549074253,2199.741667094658,1643.6015658145277
55.943536538486775,-3.1919789549074253,WNW,55.943651343516485,-3.1922561187671787,2199.741667094658,1642.3515658145277
55.943651343516485,-3.1922561187671787,ESE,55.943536538486775,-3.1919789549074253,2199.741667094658,1641.1015658145277
55.943536538486775,-3.1919789549074253,WNW,55.943651343516485,-3.1922561187671787,2199.741667094658,1639.8515658145277
55.943651343516485,-3.1922561187671787,ESE,55.943536538486775,-3.1919789549074253,2199.741667094658,1638.6015658145277
55.943536538486775,-3.1919789549074253,WNW,55.943651343516485,-3.1922561187671787,2199.741667094658,1637.3515658145277
55.943651343516485,-3.1922561187671787,ESE,55.943536538486775,-3.1919789549074253,2199.741667094658,1636.1015658145277
55.943536538486775,-3.1919789549074253,WNW,55.943651343516485,-3.1922561187671787,2199.741667094658,1634.8515658145277
55.943651343516485,-3.1922561187671787,ESE,55.943536538486775,-3.1919789549074253,2199.741667094658,1633.6015658145277
55.943536538486775,-3.1919789549074253,WNW,55.943651343516485,-3.1922561187671787,2199.741667094658,1632.3515658145277
55.943651343516485,-3.1922561187671787,ESE,55.943536538486775,-3.1919789549074253,2199.741667094658,1631.1015658145277
55.943536538486775,-3.1919789549074253,WNW,55.943651343516485,-3.1922561187671787,2199.741667094658,1629.8515658145277
55.943651343516485,-3.1922561187671787,ESE,55.943536538486775,-3.1919789549074253,2199.741667094658,1628.6015658145277
55.943536538486775,-3.1919789549074253,WNW,55.943651343516485,-3.1922561187671787,2199.741667094658,1627.3515658145277
55.943651343516485,-3.1922561187671787,ESE,55.943536538486775,-3.1919789549074253,2199.741667094658,1626.1015658145277
55.943536538486775,-3.1919789549074253,WNW,55.943651343516485,-3.1922561187671787,2199.741667094658,1624.8515658145277
55.943651343516485,-3.1922561187671787,ESE,55.943536538486775,-3.1919789549074253,2199.741667094658,1623.6015658145277
55.943536538486775,-3.1919789549074253,WNW,55.943651343516485,-3.1922561187671787,2199.741667094658,1622.3515658145277
55.943651343516485,-3.1922561187671787,ESE,55.943536538486775,-3.1919789549074253,2199.741667094658,1621.1015658145277
55.943536538486775,-3.1919789549074253,WNW,55.943651343516485,-3.1922561187671787,2199.741667094658,1619.8515658145277
55.943651343516485,-3.1922561187671787,ESE,55.943536538486775,-3.1919789549074253,2199.741667094658,1618.6015658145277
55.943536538486775,-3.1919789549074253,WNW,55.943651343516485,-3.1922561187671787,2199.741667094658,1617.3515658145277
55.943651343516485,-3.1922561187671787,ESE,55.943536538486775,-3.1919789549074253,2199.741667094658,1616.1015658145277
