55.944425,-3.188396,SSW,55.944147836140246,-3.1885108050297095,77.85862799097596,336.80856212627054
55.944147836140246,-3.1885108050297095,SE,55.94393570410589,-3.1882986729953537,79.24989883474827,416.7350109237301
55.94393570410589,-3.1882986729953537,SSE,55.94365854024613,-3.1881838679656442,138.44086647536543,495.79280822192504
55.94365854024613,-3.1881838679656442,ESE,55.94354373521642,-3.187906704105891,138.44086647536543,494.54280822192504
55.94354373521642,-3.187906704105891,SE,55.94333160318207,-3.187694572071535,167.30180216605015,563.5255923784975
55.94333160318207,-3.187694572071535,S,55.943031603182064,-3.187694572071535,202.39332891823994,594.8360841560583
55.943031603182064,-3.187694572071535,SW,55.94281947114771,-3.187906704105891,300.5521363095799,618.7196217579532
55.94281947114771,-3.187906704105891,WNW,55.94293427617742,-3.1881838679656442,300.5521363095799,617.4696217579532
55.94293427617742,-3.1881838679656442,NW,55.943146408211774,-3.188396,352.3500308662849,714.925035908686
55.943146408211774,-3.188396,WNW,55.943261213241485,-3.1886731638597534,352.3500308662849,713.675035908686
55.943261213241485,-3.1886731638597534,WNW,55.943376018271195,-3.188950327719507,352.3500308662849,712.425035908686
55.943376018271195,-3.188950327719507,W,55.943376018271195,-3.189250327719507,415.6972512585363,826.0439143832796
55.943376018271195,-3.189250327719507,NNW,55.94365318213095,-3.1893651327492165,415.6972512585363,824.7939143832796
55.94365318213095,-3.1893651327492165,NNW,55.94393034599071,-3.189479937778926,415.6972512585363,823.5439143832796
55.94393034599071,-3.189479937778926,NNW,55.944207509850465,-3.1895947428086355,461.09529303896636,865.1111333729864
55.944207509850465,-3.1895947428086355,NW,55.94441964188482,-3.1898068748429913,461.09529303896636,863.8611333729864
55.94441964188482,-3.1898068748429913,NNE,55.94469680574458,-3.189692069813282,461.09529303896636,862.6111333729864
55.94469680574458,-3.189692069813282,NW,55.94490893777893,-3.1899042018476376,461.09529303896636,861.3611333729864
55.94490893777893,-3.1899042018476376,NW,55.94512106981329,-3.1901163338819933,513.0695971329733,898.7506597490135
55.94512106981329,-3.1901163338819933,NNW,55.945398233673046,-3.190231138911703,574.52172935928,912.3738837991336
55.945398233673046,-3.190231138911703,W,55.945398233673046,-3.190531138911703,574.52172935928,911.1238837991336
55.945398233673046,-3.190531138911703,WNW,55.94551303870276,-3.1908083027714564,574.52172935928,909.8738837991336
55.94551303870276,-3.1908083027714564,W,55.94551303870276,-3.1911083027714566,601.2948041591828,937.2557523803187
55.94551303870276,-3.1911083027714566,SW,55.9453009066684,-3.1913204348058124,601.2948041591828,936.0057523803187
55.9453009066684,-3.1913204348058124,WSW,55.94518610163869,-3.191597598665566,601.2948041591828,934.7557523803187
55.94518610163869,-3.191597598665566,SW,55.944973969604334,-3.1918097306999216,711.1737382732305,1036.9343748452548
55.944973969604334,-3.1918097306999216,NNW,55.94525113346409,-3.191924535729631,711.1737382732305,1035.6843748452548
55.94525113346409,-3.191924535729631,N,55.94555113346409,-3.191924535729631,831.318050821026,1085.359372513632
55.94555113346409,-3.191924535729631,NW,55.94576326549845,-3.192136667763987,914.2036420621055,1145.6737924232043
55.94576326549845,-3.192136667763987,SSE,55.94548610163869,-3.1920218627342773,914.2036420621055,1144.4237924232043
55.94548610163869,-3.1920218627342773,SE,55.94527396960434,-3.1918097306999216,914.2036420621055,1143.1737924232043
55.94527396960434,-3.1918097306999216,SSE,55.94499680574458,-3.191694925670212,914.2036420621055,1141.9237924232043
55.94499680574458,-3.191694925670212,SE,55.944784673710224,-3.1914827936358563,914.2036420621055,1140.6737924232043
55.944784673710224,-3.1914827936358563,SSE,55.94450750985047,-3.191367988606147,956.8943784528078,1262.0153436204484
55.94450750985047,-3.191367988606147,SE,55.94429537781611,-3.191155856571791,956.8943784528078,1260.7653436204484
55.94429537781611,-3.191155856571791,SE,55.944083245781755,-3.1909437245374352,956.8943784528078,1259.5153436204484
55.944083245781755,-3.1909437245374352,SSE,55.943806081922,-3.1908289195077257,977.3383743283671,1354.6002311307493
55.943806081922,-3.1908289195077257,SE,55.94359394988764,-3.19061678747337,977.3383743283671,1353.3502311307493
55.94359394988764,-3.19061678747337,SE,55.943381817853286,-3.190404655439014,977.3383743283671,1352.1002311307493
55.943381817853286,-3.190404655439014,SE,55.94316968581893,-3.1901925234046584,977.3383743283671,1350.8502311307493
55.94316968581893,-3.1901925234046584,ESE,55.94305488078922,-3.189915359544905,977.3383743283671,1349.6002311307493
55.94305488078922,-3.189915359544905,S,55.94275488078922,-3.189915359544905,1025.9377670058375,1467.0757732475738
55.94275488078922,-3.189915359544905,NNW,55.94303204464897,-3.1900301645746145,1025.9377670058375,1465.8257732475738
55.94303204464897,-3.1900301645746145,W,55.94303204464897,-3.1903301645746147,1025.9377670058375,1464.5757732475738
55.94303204464897,-3.1903301645746147,W,55.94303204464897,-3.190630164574615,1025.9377670058375,1463.3257732475738
55.94303204464897,-3.190630164574615,W,55.94303204464897,-3.190930164574615,1025.9377670058375,1462.0757732475738
55.94303204464897,-3.190930164574615,W,55.94303204464897,-3.1912301645746153,1025.9377670058375,1460.8257732475738
55.94303204464897,-3.1912301645746153,W,55.94303204464897,-3.1915301645746155,1025.9377670058375,1459.5757732475738
55.94303204464897,-3.1915301645746155,W,55.94303204464897,-3.1918301645746157,1025.9377670058375,1458.3257732475738
55.94303204464897,-3.1918301645746157,W,55.94303204464897,-3.192130164574616,1096.7290235959551,1500.7767135734703
55.94303204464897,-3.192130164574616,WNW,55.94314684967868,-3.1924073284343693,1213.5782032350598,1532.2596196355016
55.94314684967868,-3.1924073284343693,NNE,55.94342401353844,-3.1922925234046597,1287.0923712895649,1533.3328621206947
55.94342401353844,-3.1922925234046597,NE,55.943636145572796,-3.192080391370304,1287.0923712895649,1532.0828621206947
55.943636145572796,-3.192080391370304,NE,55.94384827760715,-3.191868259335948,1287.0923712895649,1530.8328621206947
55.94384827760715,-3.191868259335948,ENE,55.94396308263686,-3.191591095476195,1287.0923712895649,1529.5828621206947
55.94396308263686,-3.191591095476195,NE,55.94417521467122,-3.191378963441839,1287.0923712895649,1528.3328621206947
55.94417521467122,-3.191378963441839,ENE,55.94429001970093,-3.1911017995820856,1287.0923712895649,1527.0828621206947
55.94429001970093,-3.1911017995820856,NE,55.944502151735286,-3.19088966754773,1287.0923712895649,1525.8328621206947
55.944502151735286,-3.19088966754773,ENE,55.944616956764996,-3.1906125036879764,1287.0923712895649,1524.5828621206947
55.944616956764996,-3.1906125036879764,NE,55.94482908879935,-3.1904003716536207,1287.0923712895649,1523.3328621206947
55.94482908879935,-3.1904003716536207,SSW,55.944551924939596,-3.19051517668333,1287.0923712895649,1522.0828621206947
55.944551924939596,-3.19051517668333,NE,55.94476405697395,-3.1903030446489744,1287.0923712895649,1520.8328621206947
55.94476405697395,-3.1903030446489744,NE,55.94497618900831,-3.1900909126146186,1287.0923712895649,1519.5828621206947
55.94497618900831,-3.1900909126146186,ENE,55.94509099403802,-3.1898137487548652,1287.0923712895649,1518.3328621206947
55.94509099403802,-3.1898137487548652,NE,55.945303126072375,-3.1896016167205095,1287.0923712895649,1517.0828621206947
55.945303126072375,-3.1896016167205095,ENE,55.945417931102085,-3.189324452860756,1287.0923712895649,1515.8328621206947
55.945417931102085,-3.189324452860756,NE,55.94563006313644,-3.1891123208264003,1287.0923712895649,1514.5828621206947
55.94563006313644,-3.1891123208264003,SE,55.945417931102085,-3.1889001887920445,1287.0923712895649,1513.3328621206947
55.945417931102085,-3.1889001887920445,SE,55.94520579906773,-3.1886880567576887,1287.0923712895649,1512.0828621206947
55.94520579906773,-3.1886880567576887,NNE,55.945482962927485,-3.1885732517279792,1287.0923712895649,1510.8328621206947
55.945482962927485,-3.1885732517279792,NNE,55.94576012678724,-3.1884584466982697,1287.0923712895649,1509.5828621206947
55.94576012678724,-3.1884584466982697,NNE,55.946037290647,-3.18834364166856,1370.6429701991824,1575.9212957868845
55.946037290647,-3.18834364166856,E,55.946037290647,-3.18804364166856,1370.6429701991824,1574.6712957868845
55.946037290647,-3.18804364166856,ESE,55.94592248561729,-3.1877664778088066,1370.6429701991824,1573.4212957868845
55.94592248561729,-3.1877664778088066,E,55.94592248561729,-3.1874664778088064,1370.6429701991824,1572.1712957868845
55.94592248561729,-3.1874664778088064,ESE,55.94580768058758,-3.187189313949053,1370.6429701991824,1570.9212957868845
55.94580768058758,-3.187189313949053,SSE,55.94553051672782,-3.1870745089193435,1370.6429701991824,1569.6712957868845
55.94553051672782,-3.1870745089193435,ESE,55.94541571169811,-3.18679734505959,1370.6429701991824,1568.4212957868845
55.94541571169811,-3.18679734505959,E,55.94541571169811,-3.18649734505959,1370.6429701991824,1567.1712957868845
55.94541571169811,-3.18649734505959,WSW,55.9453009066684,-3.1867745089193433,1370.6429701991824,1565.9212957868845
55.9453009066684,-3.1867745089193433,E,55.9453009066684,-3.186474508919343,1370.6429701991824,1564.6712957868845
55.9453009066684,-3.186474508919343,WNW,55.94541571169811,-3.1867516727790965,1370.6429701991824,1563.4212957868845
55.94541571169811,-3.1867516727790965,WNW,55.94553051672782,-3.18702883663885,1370.6429701991824,1562.1712957868845
55.94553051672782,-3.18702883663885,NNW,55.94580768058758,-3.1871436416685595,1370.6429701991824,1560.9212957868845
55.94580768058758,-3.1871436416685595,S,55.945507680587575,-3.1871436416685595,1370.6429701991824,1559.6712957868845
55.945507680587575,-3.1871436416685595,E,55.945507680587575,-3.1868436416685593,1370.6429701991824,1558.4212957868845
55.945507680587575,-3.1868436416685593,ESE,55.945392875557864,-3.186566477808806,1370.6429701991824,1557.1712957868845
55.945392875557864,-3.186566477808806,N,55.94569287555787,-3.186566477808806,1423.456911637031,1660.5456133908751
55.94569287555787,-3.186566477808806,SSE,55.94541571169811,-3.1864516727790964,1423.456911637031,1659.2956133908751
55.94541571169811,-3.1864516727790964,SSE,55.945138547838354,-3.186336867749387,1514.6822162210465,1677.663392551081
55.945138547838354,-3.186336867749387,SE,55.944926415804,-3.186124735715031,1514.6822162210465,1676.413392551081
55.944926415804,-3.186124735715031,SSE,55.94464925194424,-3.1860099306853216,1523.5080488344267,1788.6266498324542
55.94464925194424,-3.1860099306853216,S,55.94434925194424,-3.1860099306853216,1632.9848720407902,1906.4052367688546
55.94434925194424,-3.1860099306853216,ENE,55.94446405697395,-3.185732766825568,1714.2552837692374,1940.2723141592742
55.94446405697395,-3.185732766825568,SSE,55.94418689311419,-3.1856179617958587,1714.2552837692374,1939.0223141592742
55.94418689311419,-3.1856179617958587,SE,55.943974761079836,-3.185405829761503,1812.1521328794033,2043.3248450218352
55.943974761079836,-3.185405829761503,SSW,55.94369759722008,-3.1855206347912124,1812.1521328794033,2042.0748450218352
55.94369759722008,-3.1855206347912124,SSW,55.94342043336032,-3.185635439820922,1846.5308533214159,2102.5460529767724
55.94342043336032,-3.185635439820922,E,55.94342043336032,-3.1853354398209217,1934.92136824717,2192.1216985854467
55.94342043336032,-3.1853354398209217,NNE,55.94369759722008,-3.185220634791212,1934.92136824717,2190.8716985854467
55.94369759722008,-3.185220634791212,NE,55.943909729254436,-3.1850085027568564,1934.92136824717,2189.6216985854467
55.943909729254436,-3.1850085027568564,NNE,55.94418689311419,-3.184893697727147,2014.9122795667222,2203.214535797064
55.94418689311419,-3.184893697727147,N,55.944486893114195,-3.184893697727147,2091.1038999518278,2220.3208700073296
55.944486893114195,-3.184893697727147,N,55.9447868931142,-3.184893697727147,2091.1038999518278,2219.0708700073296
55.9447868931142,-3.184893697727147,NNE,55.945064056973955,-3.1847788926974374,2091.1038999518278,2217.8208700073296
55.945064056973955,-3.1847788926974374,N,55.94536405697396,-3.1847788926974374,2166.6041901623676,2290.2080962506275
55.94536405697396,-3.1847788926974374,NE,55.945576189008314,-3.1845667606630816,2223.185797024633,2339.386148127002
55.945576189008314,-3.1845667606630816,WNW,55.945690994038024,-3.184843924522835,2232.845256947735,2417.69422154202
55.945690994038024,-3.184843924522835,WSW,55.945576189008314,-3.1851210883825885,2232.845256947735,2416.44422154202
55.945576189008314,-3.1851210883825885,SW,55.94536405697396,-3.1853332204169442,2232.845256947735,2415.19422154202
55.94536405697396,-3.1853332204169442,W,55.94536405697396,-3.1856332204169444,2329.451420929463,2455.4647202656824
55.94536405697396,-3.1856332204169444,SW,55.9451519249396,-3.1858453524513,2329.451420929463,2454.2147202656824
55.9451519249396,-3.1858453524513,SW,55.944939792905245,-3.186057484485656,2329.451420929463,2452.9647202656824
55.944939792905245,-3.186057484485656,SW,55.94472766087089,-3.1862696165200117,2329.451420929463,2451.7147202656824
55.94472766087089,-3.1862696165200117,SSW,55.94445049701113,-3.1863844215497212,2329.451420929463,2450.4647202656824
55.94445049701113,-3.1863844215497212,W,55.94445049701113,-3.1866844215497214,2329.451420929463,2449.2147202656824
55.94445049701113,-3.1866844215497214,WSW,55.94433569198142,-3.186961585409475,2329.451420929463,2447.9647202656824
55.94433569198142,-3.186961585409475,SSW,55.944058528121666,-3.1870763904391843,2329.451420929463,2446.7147202656824
55.944058528121666,-3.1870763904391843,S,55.94375852812166,-3.1870763904391843,2329.451420929463,2445.4647202656824
55.94375852812166,-3.1870763904391843,ENE,55.94387333315137,-3.186799226579431,2329.451420929463,2444.2147202656824
55.94387333315137,-3.186799226579431,SSW,55.94359616929162,-3.1869140316091404,2329.451420929463,2442.9647202656824
55.94359616929162,-3.1869140316091404,SW,55.94338403725726,-3.187126163643496,2414.1193413833694,2498.905229329885
55.94338403725726,-3.187126163643496,SE,55.943171905222904,-3.1869140316091404,2414.1193413833694,2497.655229329885
55.943171905222904,-3.1869140316091404,SE,55.94295977318855,-3.1867018995747847,2416.300694822222,2573.0096815134452
55.94295977318855,-3.1867018995747847,SE,55.94274764115419,-3.186489767540429,2474.073909637841,2574.608183550917
55.94274764115419,-3.186489767540429,NW,55.94295977318855,-3.1867018995747847,2474.073909637841,2573.358183550917
55.94295977318855,-3.1867018995747847,SE,55.94274764115419,-3.186489767540429,2474.073909637841,2572.108183550917
55.94274764115419,-3.186489767540429,NW,55.94295977318855,-3.1867018995747847,2474.073909637841,2570.858183550917
55.94295977318855,-3.1867018995747847,SE,55.94274764115419,-3.186489767540429,2474.073909637841,2569.608183550917
55.94274764115419,-3.186489767540429,NW,55.94295977318855,-3.1867018995747847,2474.073909637841,2568.358183550917
55.94295977318855,-3.1867018995747847,SE,55.94274764115419,-3.186489767540429,2474.073909637841,2567.108183550917
55.94274764115419,-3.186489767540429,NW,55.94295977318855,-3.1867018995747847,2474.073909637841,2565.858183550917
55.94295977318855,-3.1867018995747847,SE,55.94274764115419,-3.186489767540429,2474.073909637841,2564.608183550917
55.94274764115419,-3.186489767540429,NW,55.94295977318855,-3.1867018995747847,2474.073909637841,2563.358183550917
55.94295977318855,-3.1867018995747847,SE,55.94274764115419,-3.186489767540429,2474.073909637841,2562.108183550917
55.94274764115419,-3.186489767540429,NW,55.94295977318855,-3.1867018995747847,2474.073909637841,2560.858183550917
55.94295977318855,-3.1867018995747847,SE,55.94274764115419,-3.186489767540429,2474.073909637841,2559.608183550917
55.94274764115419,-3.186489767540429,NW,55.94295977318855,-3.1867018995747847,2474.073909637841,2558.358183550917
55.94295977318855,-3.1867018995747847,SE,55.94274764115419,-3.186489767540429,2474.073909637841,2557.108183550917
55.94274764115419,-3.186489767540429,NW,55.94295977318855,-3.1867018995747847,2474.073909637841,2555.858183550917
55.94295977318855,-3.1867018995747847,SE,55.94274764115419,-3.186489767540429,2474.073909637841,2554.608183550917
55.94274764115419,-3.186489767540429,NW,55.94295977318855,-3.1867018995747847,2474.073909637841,2553.358183550917
55.94295977318855,-3.1867018995747847,SE,55.94274764115419,-3.186489767540429,2474.073909637841,2552.108183550917
55.94274764115419,-3.186489767540429,NW,55.94295977318855,-3.1867018995747847,2474.073909637841,2550.858183550917
55.94295977318855,-3.1867018995747847,SE,55.94274764115419,-3.186489767540429,2474.073909637841,2549.608183550917
55.94274764115419,-3.186489767540429,NW,55.94295977318855,-3.1867018995747847,2474.073909637841,2548.358183550917
55.94295977318855,-3.1867018995747847,SE,55.94274764115419,-3.186489767540429,2474.073909637841,2547.108183550917
55.94274764115419,-3.186489767540429,NW,55.94295977318855,-3.1867018995747847,2474.073909637841,2545.858183550917
55.94295977318855,-3.1867018995747847,SE,55.94274764115419,-3.186489767540429,2474.073909637841,2544.608183550917
55.94274764115419,-3.186489767540429,NW,55.94295977318855,-3.1867018995747847,2474.073909637841,2543.358183550917
55.94295977318855,-3.1867018995747847,SE,55.94274764115419,-3.186489767540429,2474.073909637841,2542.108183550917
55.94274764115419,-3.186489767540429,NW,55.94295977318855,-3.1867018995747847,2474.073909637841,2540.858183550917
55.94295977318855,-3.1867018995747847,SE,55.94274764115419,-3.186489767540429,2474.073909637841,2539.608183550917
55.94274764115419,-3.186489767540429,NW,55.94295977318855,-3.1867018995747847,2474.073909637841,2538.358183550917
55.94295977318855,-3.1867018995747847,SE,55.94274764115419,-3.186489767540429,2474.073909637841,2537.108183550917
55.94274764115419,-3.186489767540429,NW,55.94295977318855,-3.1867018995747847,2474.073909637841,2535.858183550917
55.94295977318855,-3.1867018995747847,SE,55.94274764115419,-3.186489767540429,2474.073909637841,2534.608183550917
55.94274764115419,-3.186489767540429,NW,55.94295977318855,-3.1867018995747847,2474.073909637841,2533.358183550917
55.94295977318855,-3.1867018995747847,SE,55.94274764115419,-3.186489767540429,2474.073909637841,2532.108183550917
55.94274764115419,-3.186489767540429,NW,55.94295977318855,-3.1867018995747847,2474.073909637841,2530.858183550917
55.94295977318855,-3.1867018995747847,SE,55.94274764115419,-3.186489767540429,2474.073909637841,2529.608183550917
55.94274764115419,-3.186489767540429,NW,55.94295977318855,-3.1867018995747847,2474.073909637841,2528.358183550917
55.94295977318855,-3.1867018995747847,SE,55.94274764115419,-3.186489767540429,2474.073909637841,2527.108183550917
55.94274764115419,-3.186489767540429,NW,55.94295977318855,-3.1867018995747847,2474.073909637841,2525.858183550917
55.94295977318855,-3.1867018995747847,SE,55.94274764115419,-3.186489767540429,2474.073909637841,2524.608183550917
55.94274764115419,-3.186489767540429,NW,55.94295977318855,-3.1867018995747847,2474.073909637841,2523.358183550917
55.94295977318855,-3.1867018995747847,SE,55.94274764115419,-3.186489767540429,2474.073909637841,2522.108183550917
55.94274764115419,-3.186489767540429,NW,55.94295977318855,-3.1867018995747847,2474.073909637841,2520.858183550917
55.94295977318855,-3.1867018995747847,SE,55.94274764115419,-3.186489767540429,2474.073909637841,2519.608183550917
55.94274764115419,-3.186489767540429,NW,55.94295977318855,-3.1867018995747847,2474.073909637841,2518.358183550917
55.94295977318855,-3.1867018995747847,SE,55.94274764115419,-3.186489767540429,2474.073909637841,2517.108183550917
55.94274764115419,-3.186489767540429,NW,55.94295977318855,-3.1867018995747847,2474.073909637841,2515.858183550917
55.94295977318855,-3.1867018995747847,SE,55.94274764115419,-3.186489767540429,2474.073909637841,2514.608183550917
55.94274764115419,-3.186489767540429,NW,55.94295977318855,-3.1867018995747847,2474.073909637841,2513.358183550917
55.94295977318855,-3.1867018995747847,SE,55.94274764115419,-3.186489767540429,2474.073909637841,2512.108183550917
55.94274764115419,-3.186489767540429,NW,55.94295977318855,-3.1867018995747847,2474.073909637841,2510.858183550917
55.94295977318855,-3.1867018995747847,SE,55.94274764115419,-3.186489767540429,2474.073909637841,2509.608183550917
55.94274764115419,-3.186489767540429,NW,55.94295977318855,-3.1867018995747847,2474.073909637841,2508.358183550917
55.94295977318855,-3.1867018995747847,SE,55.94274764115419,-3.186489767540429,2474.073909637841,2507.108183550917
55.94274764115419,-3.186489767540429,NW,55.94295977318855,-3.1867018995747847,2474.073909637841,2505.858183550917
55.94295977318855,-3.1867018995747847,SE,55.94274764115419,-3.186489767540429,2474.073909637841,2504.608183550917
55.94274764115419,-3.186489767540429,NW,55.94295977318855,-3.1867018995747847,2474.073909637841,2503.358183550917
55.94295977318855,-3.1867018995747847,SE,55.94274764115419,-3.186489767540429,2474.073909637841,2502.108183550917
55.94274764115419,-3.186489767540429,NW,55.94295977318855,-3.1867018995747847,2474.073909637841,2500.858183550917
55.94295977318855,-3.1867018995747847,SE,55.94274764115419,-3.186489767540429,2474.073909637841,2499.608183550917
55.94274764115419,-3.186489767540429,NW,55.94295977318855,-3.1867018995747847,2474.073909637841,2498.358183550917
55.94295977318855,-3.1867018995747847,SE,55.94274764115419,-3.186489767540429,2474.073909637841,2497.108183550917
55.94274764115419,-3.186489767540429,NW,55.94295977318855,-3.1867018995747847,2474.073909637841,2495.858183550917
55.94295977318855,-3.1867018995747847,SE,55.94274764115419,-3.186489767540429,2474.073909637841,2494.608183550917
55.94274764115419,-3.186489767540429,NW,55.94295977318855,-3.1867018995747847,2474.073909637841,2493.358183550917
55.94295977318855,-3.1867018995747847,SE,55.94274764115419,-3.186489767540429,2474.073909637841,2492.108183550917
55.94274764115419,-3.186489767540429,NW,55.94295977318855,-3.1867018995747847,2474.073909637841,2490.858183550917
55.94295977318855,-3.1867018995747847,SE,55.94274764115419,-3.186489767540429,2474.073909637841,2489.608183550917
55.94274764115419,-3.186489767540429,NW,55.94295977318855,-3.1867018995747847,2474.073909637841,2488.358183550917
55.94295977318855,-3.1867018995747847,SE,55.94274764115419,-3.186489767540429,2474.073909637841,2487.108183550917
55.94274764115419,-3.186489767540429,NW,55.94295977318855,-3.1867018995747847,2474.073909637841,2485.858183550917
55.94295977318855,-3.1867018995747847,SE,55.94274764115419,-3.186489767540429,2474.073909637841,2484.608183550917
55.94274764115419,-3.186489767540429,NW,55.94295977318855,-3.1867018995747847,2474.073909637841,2483.358183550917
55.94295977318855,-3.1867018995747847,SE,55.94274764115419,-3.186489767540429,2474.073909637841,2482.108183550917
55.94274764115419,-3.186489767540429,NW,55.94295977318855,-3.1867018995747847,2474.073909637841,2480.858183550917
55.94295977318855,-3.1867018995747847,SE,55.94274764115419,-3.186489767540429,2474.073909637841,2479.608183550917
55.94274764115419,-3.186489767540429,NW,55.94295977318855,-3.1867018995747847,2474.073909637841,2478.358183550917
55.94295977318855,-3.1867018995747847,SE,55.94274764115419,-3.186489767540429,2474.073909637841,2477.108183550917
55.94274764115419,-3.186489767540429,NW,55.94295977318855,-3.1867018995747847,2474.073909637841,2475.858183550917
55.94295977318855,-3.1867018995747847,SE,55.94274764115419,-3.186489767540429,2474.073909637841,2474.608183550917
55.94274764115419,-3.186489767540429,NW,55.94295977318855,-3.1867018995747847,2474.073909637841,2473.358183550917
55.94295977318855,-3.1867018995747847,SE,55.94274764115419,-3.186489767540429,2474.073909637841,2472.108183550917
55.94274764115419,-3.186489767540429,NW,55.94295977318855,-3.1867018995747847,2474.073909637841,2470.858183550917
55.94295977318855,-3.1867018995747847,SE,55.94274764115419,-3.186489767540429,2474.073909637841,2469.608183550917
55.94274764115419,-3.186489767540429,NW,55.94295977318855,-3.1867018995747847,2474.073909637841,2468.358183550917
55.94295977318855,-3.1867018995747847,SE,55.94274764115419,-3.186489767540429,2474.073909637841,2467.108183550917
55.94274764115419,-3.186489767540429,NW,55.94295977318855,-3.1867018995747847,2474.073909637841,2465.858183550917
55.94295977318855,-3.1867018995747847,SE,55.94274764115419,-3.186489767540429,2474.073909637841,2464.608183550917
55.94274764115419,-3.186489767540429,NW,55.94295977318855,-3.1867018995747847,2474.073909637841,2463.358183550917
55.94295977318855,-3.1867018995747847,SE,55.94274764115419,-3.186489767540429,2474.073909637841,2462.108183550917
55.94274764115419,-3.186489767540429,NW,55.94295977318855,-3.1867018995747847,2474.073909637841,2460.858183550917
55.94295977318855,-3.1867018995747847,SE,55.94274764115419,-3.186489767540429,2474.073909637841,2459.608183550917
55.94274764115419,-3.186489767540429,NW,55.94295977318855,-3.1867018995747847,2474.073909637841,2458.358183550917
55.94295977318855,-3.1867018995747847,SE,55.94274764115419,-3.186489767540429,2474.073909637841,2457.108183550917
55.94274764115419,-3.186489767540429,NW,55.94295977318855,-3.1867018995747847,2474.073909637841,2455.858183550917
55.94295977318855,-3.1867018995747847,SE,55.94274764115419,-3.186489767540429,2474.073909637841,2454.608183550917
55.94274764115419,-3.186489767540429,NW,55.94295977318855,-3.1867018995747847,2474.073909637841,2453.358183550917
55.94295977318855,-3.1867018995747847,SE,55.94274764115419,-3.186489767540429,2474.073909637841,2452.108183550917
55.94274764115419,-3.186489767540429,NW,55.94295977318855,-3.1867018995747847,2474.073909637841,2450.858183550917
55.94295977318855,-3.1867018995747847,SE,55.94274764115419,-3.186489767540429,2474.073909637841,2449.608183550917
55.94274764115419,-3.186489767540429,NW,55.94295977318855,-3.1867018995747847,2474.073909637841,2448.358183550917
55.94295977318855,-3.1867018995747847,SE,55.94274764115419,-3.186489767540429,2474.073909637841,2447.108183550917
55.94274764115419,-3.186489767540429,NW,55.94295977318855,-3.1867018995747847,2474.073909637841,2445.858183550917
55.94295977318855,-3.1867018995747847,SE,55.94274764115419,-3.186489767540429,2474.073909637841,2444.608183550917
55.94274764115419,-3.186489767540429,NW,55.94295977318855,-3.1867018995747847,2474.073909637841,2443.358183550917
55.94295977318855,-3.1867018995747847,SE,55.94274764115419,-3.186489767540429,2474.073909637841,2442.108183550917
55.94274764115419,-3.186489767540429,NW,55.94295977318855,-3.1867018995747847,2474.073909637841,2440.858183550917
55.94295977318855,-3.1867018995747847,SE,55.94274764115419,-3.186489767540429,2474.073909637841,2439.608183550917
55.94274764115419,-3.186489767540429,NW,55.94295977318855,-3.1867018995747847,2474.073909637841,2438.358183550917
55.94295977318855,-3.1867018995747847,SE,55.94274764115419,-3.186489767540429,2474.073909637841,2437.108183550917
55.94274764115419,-3.186489767540429,NW,55.94295977318855,-3.1867018995747847,2474.073909637841,2435.858183550917
55.94295977318855,-3.1867018995747847,SE,55.94274764115419,-3.186489767540429,2474.073909637841,2434.608183550917
55.94274764115419,-3.186489767540429,NW,55.94295977318855,-3.1867018995747847,2474.073909637841,2433.358183550917
55.94295977318855,-3.1867018995747847,SE,55.94274764115419,-3.186489767540429,2474.073909637841,2432.108183550917
55.94274764115419,-3.186489767540429,NW,55.94295977318855,-3.1867018995747847,2474.073909637841,2430.858183550917
55.94295977318855,-3.1867018995747847,SE,55.94274764115419,-3.186489767540429,2474.073909637841,2429.608183550917
55.94274764115419,-3.186489767540429,NW,55.94295977318855,-3.1867018995747847,2474.073909637841,2428.358183550917
55.94295977318855,-3.1867018995747847,SE,55.94274764115419,-3.186489767540429,2474.073909637841,2427.108183550917
55.94274764115419,-3.186489767540429,NW,55.94295977318855,-3.1867018995747847,2474.073909637841,2425.858183550917
55.94295977318855,-3.1867018995747847,SE,55.94274764115419,-3.186489767540429,2474.073909637841,2424.608183550917
55.94274764115419,-3.186489767540429,NW,55.94295977318855,-3.1867018995747847,2474.073909637841,2423.358183550917
55.94295977318855,-3.1867018995747847,SE,55.94274764115419,-3.186489767540429,2474.073909637841,2422.108183550917
55.94274764115419,-3.186489767540429,NW,55.94295977318855,-3.1867018995747847,2474.073909637841,2420.858183550917
55.94295977318855,-3.1867018995747847,SE,55.94274764115419,-3.186489767540429,2474.073909637841,2419.608183550917
55.94274764115419,-3.186489767540429,NW,55.94295977318855,-3.1867018995747847,2474.073909637841,2418.358183550917
