55.944425,-3.188396,E,55.944425,-3.188096,0.18129511109127305,355.54190839511404
55.944425,-3.188096,E,55.944425,-3.1877959999999996,86.16063792572182,471.85188690700033
55.944425,-3.1877959999999996,E,55.944425,-3.1874959999999994,158.43182102293272,588.561395496337
55.944425,-3.1874959999999994,WNW,55.94453980502971,-3.187773163859753,158.43182102293272,587.311395496337
55.94453980502971,-3.187773163859753,NW,55.94475193706407,-3.1879852958941086,158.43182102293272,586.061395496337
55.94475193706407,-3.1879852958941086,WNW,55.94486674209378,-3.188262459753862,262.2228612839525,606.0950774406439
55.94486674209378,-3.188262459753862,WNW,55.94498154712349,-3.1885396236136154,262.2228612839525,604.8450774406439
55.94498154712349,-3.1885396236136154,NNW,55.945258710983246,-3.188654428643325,262.2228612839525,603.5950774406439
55.945258710983246,-3.188654428643325,W,55.945258710983246,-3.188954428643325,342.3095981619603,676.7545091456882
55.945258710983246,-3.188954428643325,W,55.945258710983246,-3.1892544286433253,364.9898310627145,725.3199804418769
55.945258710983246,-3.1892544286433253,NE,55.9454708430176,-3.1890422966089695,364.9898310627145,724.0699804418769
55.9454708430176,-3.1890422966089695,NE,55.94568297505196,-3.1888301645746138,364.9898310627145,722.8199804418769
55.94568297505196,-3.1888301645746138,NE,55.945895107086315,-3.188618032540258,416.8955852122321,766.0649994161477
55.945895107086315,-3.188618032540258,ENE,55.946009912116025,-3.1883408686805046,416.8955852122321,764.8149994161477
55.946009912116025,-3.1883408686805046,ENE,55.946124717145736,-3.188063704820751,444.5206106709168,823.3223467444138
55.946124717145736,-3.188063704820751,E,55.946124717145736,-3.187763704820751,444.5206106709168,822.0723467444138
55.946124717145736,-3.187763704820751,ESE,55.946009912116025,-3.1874865409609976,444.5206106709168,820.8223467444138
55.946009912116025,-3.1874865409609976,E,55.946009912116025,-3.1871865409609974,472.8147561019634,921.6357120300902
55.946009912116025,-3.1871865409609974,SSE,55.94573274825627,-3.187071735931288,472.8147561019634,920.3857120300902
55.94573274825627,-3.187071735931288,SE,55.94552061622191,-3.186859603896932,481.32081230344403,1040.473469301992
55.94552061622191,-3.186859603896932,E,55.94552061622191,-3.186559603896932,534.1863030577945,1145.3550087829444
55.94552061622191,-3.186559603896932,N,55.945820616221916,-3.186559603896932,534.1863030577945,1144.1050087829444
55.945820616221916,-3.186559603896932,NNE,55.94609778008167,-3.1864447988672224,636.0167959167406,1264.0658905358107
55.94609778008167,-3.1864447988672224,SE,55.945885648047316,-3.1862326668328667,636.0167959167406,1262.8158905358107
55.945885648047316,-3.1862326668328667,S,55.94558564804731,-3.1862326668328667,636.0167959167406,1261.5658905358107
55.94558564804731,-3.1862326668328667,NE,55.94579778008167,-3.186020534798511,636.0167959167406,1260.3158905358107
55.94579778008167,-3.186020534798511,SSW,55.94552061622191,-3.1861353398282204,636.0167959167406,1259.0658905358107
55.94552061622191,-3.1861353398282204,SE,55.94530848418756,-3.1859232077938646,655.8373886323418,1340.1803690971656
55.94530848418756,-3.1859232077938646,SE,55.9450963521532,-3.185711075759509,655.8373886323418,1338.9303690971656
55.9450963521532,-3.185711075759509,ESE,55.94498154712349,-3.1854339118997554,655.8373886323418,1337.6803690971656
55.94498154712349,-3.1854339118997554,SE,55.944769415089134,-3.1852217798653997,655.8373886323418,1336.4303690971656
55.944769415089134,-3.1852217798653997,ESE,55.94465461005942,-3.1849446160056463,655.8373886323418,1335.1803690971656
55.94465461005942,-3.1849446160056463,SE,55.94444247802507,-3.1847324839712905,730.9947610171778,1359.8958101764454
55.94444247802507,-3.1847324839712905,SSW,55.94416531416531,-3.184847289001,730.9947610171778,1358.6458101764454
55.94416531416531,-3.184847289001,SSW,55.943888150305554,-3.1849620940307095,730.9947610171778,1357.3958101764454
55.943888150305554,-3.1849620940307095,SW,55.9436760182712,-3.1851742260650653,730.9947610171778,1356.1458101764454
55.9436760182712,-3.1851742260650653,SSW,55.94339885441144,-3.185289031094775,730.9947610171778,1354.8958101764454
55.94339885441144,-3.185289031094775,SW,55.943186722377085,-3.1855011631291306,822.2590060288429,1439.1845808646249
55.943186722377085,-3.1855011631291306,NNE,55.94346388623684,-3.185386358099421,822.2590060288429,1437.9345808646249
55.94346388623684,-3.185386358099421,S,55.94316388623684,-3.185386358099421,834.849962528853,1533.27665549265
55.94316388623684,-3.185386358099421,SSE,55.94288672237708,-3.1852715530697115,850.7403401737529,1590.4846297553865
55.94288672237708,-3.1852715530697115,E,55.94288672237708,-3.1849715530697114,850.7403401737529,1589.2346297553865
55.94288672237708,-3.1849715530697114,E,55.94288672237708,-3.184671553069711,913.6724721559292,1706.3913509530475
55.94288672237708,-3.184671553069711,NNW,55.94316388623684,-3.1847863580994207,913.6724721559292,1705.1413509530475
55.94316388623684,-3.1847863580994207,NW,55.943376018271195,-3.1849984901337764,913.6724721559292,1703.8913509530475
55.943376018271195,-3.1849984901337764,WSW,55.943261213241485,-3.18527565399353,913.6724721559292,1702.6413509530475
55.943261213241485,-3.18527565399353,WSW,55.943146408211774,-3.1855528178532833,913.6724721559292,1701.3913509530475
55.943146408211774,-3.1855528178532833,WSW,55.943031603182064,-3.1858299817130367,913.6724721559292,1700.1413509530475
55.943031603182064,-3.1858299817130367,SW,55.94281947114771,-3.1860421137473924,913.6724721559292,1698.8913509530475
55.94281947114771,-3.1860421137473924,WSW,55.942704666118,-3.186319277607146,983.651819657329,1817.8034736795175
55.942704666118,-3.186319277607146,W,55.942704666118,-3.186619277607146,983.651819657329,1816.5534736795175
55.942704666118,-3.186619277607146,W,55.942704666118,-3.186919277607146,983.651819657329,1815.3034736795175
55.942704666118,-3.186919277607146,W,55.942704666118,-3.1872192776071464,1012.9577400993313,1915.142753141823
55.942704666118,-3.1872192776071464,NNW,55.942981829977754,-3.187334082636856,1012.9577400993313,1913.892753141823
55.942981829977754,-3.187334082636856,N,55.94328182997776,-3.187334082636856,1087.1349212319035,2021.3381506530916
55.94328182997776,-3.187334082636856,WNW,55.94339663500747,-3.1876112464966093,1087.1349212319035,2020.0881506530916
55.94339663500747,-3.1876112464966093,WNW,55.94351144003718,-3.1878884103563627,1087.1349212319035,2018.8381506530916
55.94351144003718,-3.1878884103563627,WNW,55.94362624506689,-3.188165574216116,1087.1349212319035,2017.5881506530916
55.94362624506689,-3.188165574216116,WNW,55.9437410500966,-3.1884427380758695,1087.1349212319035,2016.3381506530916
55.9437410500966,-3.1884427380758695,WNW,55.94385585512631,-3.188719901935623,1087.1349212319035,2015.0881506530916
55.94385585512631,-3.188719901935623,WNW,55.94397066015602,-3.1889970657953763,1087.1349212319035,2013.8381506530916
55.94397066015602,-3.1889970657953763,WNW,55.94408546518573,-3.1892742296551297,1087.1349212319035,2012.5881506530916
55.94408546518573,-3.1892742296551297,WNW,55.94420027021544,-3.189551393514883,1198.7720096471471,2043.1489278384727
55.94420027021544,-3.189551393514883,WNW,55.94431507524515,-3.1898285573746366,1246.441133953359,2112.9793628157277
55.94431507524515,-3.1898285573746366,SSW,55.944037911385394,-3.189943362404346,1246.441133953359,2111.7293628157277
55.944037911385394,-3.189943362404346,SSW,55.94376074752564,-3.1900581674340556,1246.441133953359,2110.4793628157277
55.94376074752564,-3.1900581674340556,SSW,55.94348358366588,-3.190172972463765,1367.2657074355393,2149.0870697302425
55.94348358366588,-3.190172972463765,S,55.94318358366588,-3.190172972463765,1408.6709351352263,2160.494965405551
55.94318358366588,-3.190172972463765,SW,55.94297145163152,-3.190385104498121,1408.6709351352263,2159.244965405551
55.94297145163152,-3.190385104498121,WSW,55.94285664660181,-3.1906622683578743,1517.5804445090853,2206.6389764313235
55.94285664660181,-3.1906622683578743,NNW,55.94313381046157,-3.1907770733875838,1517.5804445090853,2205.3889764313235
55.94313381046157,-3.1907770733875838,NNW,55.943410974321324,-3.1908918784172933,1517.5804445090853,2204.1389764313235
55.943410974321324,-3.1908918784172933,NNW,55.94368813818108,-3.191006683447003,1555.463744961704,2268.6119558481314
55.94368813818108,-3.191006683447003,NNW,55.94396530204084,-3.1911214884767123,1555.463744961704,2267.3619558481314
55.94396530204084,-3.1911214884767123,N,55.94426530204084,-3.1911214884767123,1663.5856554104296,2289.6007584046974
55.94426530204084,-3.1911214884767123,W,55.94426530204084,-3.1914214884767125,1663.5856554104296,2288.3507584046974
55.94426530204084,-3.1914214884767125,WSW,55.94415049701113,-3.191698652336466,1663.5856554104296,2287.1007584046974
55.94415049701113,-3.191698652336466,W,55.94415049701113,-3.191998652336466,1728.6356851603628,2368.9034934083193
55.94415049701113,-3.191998652336466,SSW,55.94387333315137,-3.1921134573661756,1728.6356851603628,2367.6534934083193
55.94387333315137,-3.1921134573661756,SSW,55.94359616929162,-3.192228262395885,1728.6356851603628,2366.4034934083193
55.94359616929162,-3.192228262395885,SSW,55.94331900543186,-3.1923430674255946,1728.6356851603628,2365.1534934083193
55.94331900543186,-3.1923430674255946,S,55.94301900543186,-3.1923430674255946,1759.8751680434218,2414.881073431242
55.94301900543186,-3.1923430674255946,NNE,55.943296169291614,-3.192228262395885,1759.8751680434218,2413.631073431242
55.943296169291614,-3.192228262395885,NNE,55.94357333315137,-3.1921134573661756,1759.8751680434218,2412.381073431242
55.94357333315137,-3.1921134573661756,NNE,55.94385049701113,-3.191998652336466,1759.8751680434218,2411.131073431242
55.94385049701113,-3.191998652336466,NNE,55.94412766087088,-3.1918838473067566,1759.8751680434218,2409.881073431242
55.94412766087088,-3.1918838473067566,NNE,55.94440482473064,-3.191769042277047,1759.8751680434218,2408.631073431242
55.94440482473064,-3.191769042277047,N,55.94470482473064,-3.191769042277047,1759.8751680434218,2407.381073431242
55.94470482473064,-3.191769042277047,NNE,55.9449819885904,-3.1916542372473375,1759.8751680434218,2406.131073431242
55.9449819885904,-3.1916542372473375,N,55.9452819885904,-3.1916542372473375,1759.8751680434218,2404.881073431242
55.9452819885904,-3.1916542372473375,SW,55.945069856556046,-3.1918663692816933,1759.8751680434218,2403.631073431242
55.945069856556046,-3.1918663692816933,NNE,55.9453470204158,-3.191751564251984,1759.8751680434218,2402.381073431242
55.9453470204158,-3.191751564251984,NNE,55.94562418427556,-3.1916367592222743,1759.8751680434218,2401.131073431242
55.94562418427556,-3.1916367592222743,NNE,55.945901348135315,-3.191521954192565,1868.5299996280473,2506.2043694763533
55.945901348135315,-3.191521954192565,N,55.94620134813532,-3.191521954192565,1868.5299996280473,2504.9543694763533
55.94620134813532,-3.191521954192565,W,55.94620134813532,-3.191821954192565,1991.0729203301657,2614.612684964285
55.94620134813532,-3.191821954192565,E,55.94620134813532,-3.191521954192565,1991.0729203301657,2613.362684964285
55.94620134813532,-3.191521954192565,W,55.94620134813532,-3.191821954192565,1991.0729203301657,2612.112684964285
55.94620134813532,-3.191821954192565,E,55.94620134813532,-3.191521954192565,1991.0729203301657,2610.862684964285
55.94620134813532,-3.191521954192565,W,55.94620134813532,-3.191821954192565,1991.0729203301657,2609.612684964285
55.94620134813532,-3.191821954192565,E,55.94620134813532,-3.191521954192565,1991.0729203301657,2608.362684964285
55.94620134813532,-3.191521954192565,W,55.94620134813532,-3.191821954192565,1991.0729203301657,2607.112684964285
55.94620134813532,-3.191821954192565,E,55.94620134813532,-3.191521954192565,1991.0729203301657,2605.862684964285
55.94620134813532,-3.191521954192565,W,55.94620134813532,-3.191821954192565,1991.0729203301657,2604.612684964285
55.94620134813532,-3.191821954192565,E,55.94620134813532,-3.191521954192565,1991.0729203301657,2603.362684964285
55.94620134813532,-3.191521954192565,W,55.94620134813532,-3.191821954192565,1991.0729203301657,2602.112684964285
55.94620134813532,-3.191821954192565,E,55.94620134813532,-3.191521954192565,1991.0729203301657,2600.862684964285
55.94620134813532,-3.191521954192565,W,55.94620134813532,-3.191821954192565,1991.0729203301657,2599.612684964285
55.94620134813532,-3.191821954192565,E,55.94620134813532,-3.191521954192565,1991.0729203301657,2598.362684964285
55.94620134813532,-3.191521954192565,W,55.94620134813532,-3.191821954192565,1991.0729203301657,2597.112684964285
55.94620134813532,-3.191821954192565,E,55.94620134813532,-3.191521954192565,1991.0729203301657,2595.862684964285
55.94620134813532,-3.191521954192565,W,55.94620134813532,-3.191821954192565,1991.0729203301657,2594.612684964285
55.94620134813532,-3.191821954192565,E,55.94620134813532,-3.191521954192565,1991.0729203301657,2593.362684964285
55.94620134813532,-3.191521954192565,W,55.94620134813532,-3.191821954192565,1991.0729203301657,2592.112684964285
55.94620134813532,-3.191821954192565,E,55.94620134813532,-3.191521954192565,1991.0729203301657,2590.862684964285
55.94620134813532,-3.191521954192565,W,55.94620134813532,-3.191821954192565,1991.0729203301657,2589.612684964285
55.94620134813532,-3.191821954192565,E,55.94620134813532,-3.191521954192565,1991.0729203301657,2588.362684964285
55.94620134813532,-3.191521954192565,W,55.94620134813532,-3.191821954192565,1991.0729203301657,2587.112684964285
55.94620134813532,-3.191821954192565,E,55.94620134813532,-3.191521954192565,1991.0729203301657,2585.862684964285
55.94620134813532,-3.191521954192565,W,55.94620134813532,-3.191821954192565,1991.0729203301657,2584.612684964285
55.94620134813532,-3.191821954192565,E,55.94620134813532,-3.191521954192565,1991.0729203301657,2583.362684964285
55.94620134813532,-3.191521954192565,W,55.94620134813532,-3.191821954192565,1991.0729203301657,2582.112684964285
55.94620134813532,-3.191821954192565,E,55.94620134813532,-3.191521954192565,1991.0729203301657,2580.862684964285
55.94620134813532,-3.191521954192565,W,55.94620134813532,-3.191821954192565,1991.0729203301657,2579.612684964285
55.94620134813532,-3.191821954192565,E,55.94620134813532,-3.191521954192565,1991.0729203301657,2578.362684964285
55.94620134813532,-3.191521954192565,W,55.94620134813532,-3.191821954192565,1991.0729203301657,2577.112684964285
55.94620134813532,-3.191821954192565,E,55.94620134813532,-3.191521954192565,1991.0729203301657,2575.862684964285
55.94620134813532,-3.191521954192565,W,55.94620134813532,-3.191821954192565,1991.0729203301657,2574.612684964285
55.94620134813532,-3.191821954192565,E,55.94620134813532,-3.191521954192565,1991.0729203301657,2573.362684964285
55.94620134813532,-3.191521954192565,W,55.94620134813532,-3.191821954192565,1991.0729203301657,2572.112684964285
55.94620134813532,-3.191821954192565,E,55.94620134813532,-3.191521954192565,1991.0729203301657,2570.862684964285
55.94620134813532,-3.191521954192565,W,55.94620134813532,-3.191821954192565,1991.0729203301657,2569.612684964285
55.94620134813532,-3.191821954192565,E,55.94620134813532,-3.191521954192565,1991.0729203301657,2568.362684964285
55.94620134813532,-3.191521954192565,W,55.94620134813532,-3.191821954192565,1991.0729203301657,2567.112684964285
55.94620134813532,-3.191821954192565,E,55.94620134813532,-3.191521954192565,1991.0729203301657,2565.862684964285
55.94620134813532,-3.191521954192565,W,55.94620134813532,-3.191821954192565,1991.0729203301657,2564.612684964285
55.94620134813532,-3.191821954192565,E,55.94620134813532,-3.191521954192565,1991.0729203301657,2563.362684964285
55.94620134813532,-3.191521954192565,W,55.94620134813532,-3.191821954192565,1991.0729203301657,2562.112684964285
55.94620134813532,-3.191821954192565,E,55.94620134813532,-3.191521954192565,1991.0729203301657,2560.862684964285
55.94620134813532,-3.191521954192565,W,55.94620134813532,-3.191821954192565,1991.0729203301657,2559.612684964285
55.94620134813532,-3.191821954192565,E,55.94620134813532,-3.191521954192565,1991.0729203301657,2558.362684964285
55.94620134813532,-3.191521954192565,W,55.94620134813532,-3.191821954192565,1991.0729203301657,2557.112684964285
55.94620134813532,-3.191821954192565,E,55.94620134813532,-3.191521954192565,1991.0729203301657,2555.862684964285
55.94620134813532,-3.191521954192565,W,55.94620134813532,-3.191821954192565,1991.0729203301657,2554.612684964285
55.94620134813532,-3.191821954192565,E,55.94620134813532,-3.191521954192565,1991.0729203301657,2553.362684964285
55.94620134813532,-3.191521954192565,W,55.94620134813532,-3.191821954192565,1991.0729203301657,2552.112684964285
55.94620134813532,-3.191821954192565,E,55.94620134813532,-3.191521954192565,1991.0729203301657,2550.862684964285
55.94620134813532,-3.191521954192565,W,55.94620134813532,-3.191821954192565,1991.0729203301657,2549.612684964285
55.94620134813532,-3.191821954192565,E,55.94620134813532,-3.191521954192565,1991.0729203301657,2548.362684964285
55.94620134813532,-3.191521954192565,W,55.94620134813532,-3.191821954192565,1991.0729203301657,2547.112684964285
55.94620134813532,-3.191821954192565,E,55.94620134813532,-3.191521954192565,1991.0729203301657,2545.862684964285
55.94620134813532,-3.191521954192565,W,55.94620134813532,-3.191821954192565,1991.0729203301657,2544.612684964285
55.94620134813532,-3.191821954192565,E,55.94620134813532,-3.191521954192565,1991.0729203301657,2543.362684964285
55.94620134813532,-3.191521954192565,W,55.94620134813532,-3.191821954192565,1991.0729203301657,2542.112684964285
55.94620134813532,-3.191821954192565,E,55.94620134813532,-3.191521954192565,1991.0729203301657,2540.862684964285
55.94620134813532,-3.191521954192565,W,55.94620134813532,-3.191821954192565,1991.0729203301657,2539.612684964285
55.94620134813532,-3.191821954192565,E,55.94620134813532,-3.191521954192565,1991.0729203301657,2538.362684964285
55.94620134813532,-3.191521954192565,W,55.94620134813532,-3.191821954192565,1991.0729203301657,2537.112684964285
55.94620134813532,-3.191821954192565,E,55.94620134813532,-3.191521954192565,1991.0729203301657,2535.862684964285
55.94620134813532,-3.191521954192565,W,55.94620134813532,-3.191821954192565,1991.0729203301657,2534.612684964285
55.94620134813532,-3.191821954192565,E,55.94620134813532,-3.191521954192565,1991.0729203301657,2533.362684964285
55.94620134813532,-3.191521954192565,W,55.94620134813532,-3.191821954192565,1991.0729203301657,2532.112684964285
55.94620134813532,-3.191821954192565,E,55.94620134813532,-3.191521954192565,1991.0729203301657,2530.862684964285
55.94620134813532,-3.191521954192565,W,55.94620134813532,-3.191821954192565,1991.0729203301657,2529.612684964285
55.94620134813532,-3.191821954192565,E,55.94620134813532,-3.191521954192565,1991.0729203301657,2528.362684964285
55.94620134813532,-3.191521954192565,W,55.94620134813532,-3.191821954192565,1991.0729203301657,2527.112684964285
55.94620134813532,-3.191821954192565,E,55.94620134813532,-3.191521954192565,1991.0729203301657,2525.862684964285
55.94620134813532,-3.191521954192565,W,55.94620134813532,-3.191821954192565,1991.0729203301657,2524.612684964285
55.94620134813532,-3.191821954192565,E,55.94620134813532,-3.191521954192565,1991.0729203301657,2523.362684964285
55.94620134813532,-3.191521954192565,W,55.94620134813532,-3.191821954192565,1991.0729203301657,2522.112684964285
55.94620134813532,-3.191821954192565,E,55.94620134813532,-3.191521954192565,1991.0729203301657,2520.862684964285
55.94620134813532,-3.191521954192565,W,55.94620134813532,-3.191821954192565,1991.0729203301657,2519.612684964285
55.94620134813532,-3.191821954192565,E,55.94620134813532,-3.191521954192565,1991.0729203301657,2518.362684964285
55.94620134813532,-3.191521954192565,W,55.94620134813532,-3.191821954192565,1991.0729203301657,2517.112684964285
55.94620134813532,-3.191821954192565,E,55.94620134813532,-3.191521954192565,1991.0729203301657,2515.862684964285
55.94620134813532,-3.191521954192565,W,55.94620134813532,-3.191821954192565,1991.0729203301657,2514.612684964285
55.94620134813532,-3.191821954192565,E,55.94620134813532,-3.191521954192565,1991.0729203301657,2513.362684964285
55.94620134813532,-3.191521954192565,W,55.94620134813532,-3.191821954192565,1991.0729203301657,2512.112684964285
55.94620134813532,-3.191821954192565,E,55.94620134813532,-3.191521954192565,1991.0729203301657,2510.862684964285
55.94620134813532,-3.191521954192565,W,55.94620134813532,-3.191821954192565,1991.0729203301657,2509.612684964285
55.94620134813532,-3.191821954192565,E,55.94620134813532,-3.191521954192565,1991.0729203301657,2508.362684964285
55.94620134813532,-3.191521954192565,W,55.94620134813532,-3.191821954192565,1991.0729203301657,2507.112684964285
55.94620134813532,-3.191821954192565,E,55.94620134813532,-3.191521954192565,1991.0729203301657,2505.862684964285
55.94620134813532,-3.191521954192565,W,55.94620134813532,-3.191821954192565,1991.0729203301657,2504.612684964285
55.94620134813532,-3.191821954192565,E,55.94620134813532,-3.191521954192565,1991.0729203301657,2503.362684964285
55.94620134813532,-3.191521954192565,W,55.94620134813532,-3.191821954192565,1991.0729203301657,2502.112684964285
55.94620134813532,-3.191821954192565,E,55.94620134813532,-3.191521954192565,1991.0729203301657,2500.862684964285
55.94620134813532,-3.191521954192565,W,55.94620134813532,-3.191821954192565,1991.0729203301657,2499.612684964285
55.94620134813532,-3.191821954192565,E,55.94620134813532,-3.191521954192565,1991.0729203301657,2498.362684964285
55.94620134813532,-3.191521954192565,W,55.94620134813532,-3.191821954192565,1991.0729203301657,2497.112684964285
55.94620134813532,-3.191821954192565,E,55.94620134813532,-3.191521954192565,1991.0729203301657,2495.862684964285
55.94620134813532,-3.191521954192565,W,55.94620134813532,-3.191821954192565,1991.0729203301657,2494.612684964285
55.94620134813532,-3.191821954192565,E,55.94620134813532,-3.191521954192565,1991.0729203301657,2493.362684964285
55.94620134813532,-3.191521954192565,W,55.94620134813532,-3.191821954192565,1991.0729203301657,2492.112684964285
55.94620134813532,-3.191821954192565,E,55.94620134813532,-3.191521954192565,1991.0729203301657,2490.862684964285
55.94620134813532,-3.191521954192565,W,55.94620134813532,-3.191821954192565,1991.0729203301657,2489.612684964285
55.94620134813532,-3.191821954192565,E,55.94620134813532,-3.191521954192565,1991.0729203301657,2488.362684964285
55.94620134813532,-3.191521954192565,W,55.94620134813532,-3.191821954192565,1991.0729203301657,2487.112684964285
55.94620134813532,-3.191821954192565,E,55.94620134813532,-3.191521954192565,1991.0729203301657,2485.862684964285
55.94620134813532,-3.191521954192565,W,55.94620134813532,-3.191821954192565,1991.0729203301657,2484.612684964285
55.94620134813532,-3.191821954192565,E,55.94620134813532,-3.191521954192565,1991.0729203301657,2483.362684964285
55.94620134813532,-3.191521954192565,W,55.94620134813532,-3.191821954192565,1991.0729203301657,2482.112684964285
55.94620134813532,-3.191821954192565,E,55.94620134813532,-3.191521954192565,1991.0729203301657,2480.862684964285
55.94620134813532,-3.191521954192565,W,55.94620134813532,-3.191821954192565,1991.0729203301657,2479.612684964285
55.94620134813532,-3.191821954192565,E,55.94620134813532,-3.191521954192565,1991.0729203301657,2478.362684964285
55.94620134813532,-3.191521954192565,W,55.94620134813532,-3.191821954192565,1991.0729203301657,2477.112684964285
55.94620134813532,-3.191821954192565,E,55.94620134813532,-3.191521954192565,1991.0729203301657,2475.862684964285
55.94620134813532,-3.191521954192565,W,55.94620134813532,-3.191821954192565,1991.0729203301657,2474.612684964285
55.94620134813532,-3.191821954192565,E,55.94620134813532,-3.191521954192565,1991.0729203301657,2473.362684964285
55.94620134813532,-3.191521954192565,W,55.94620134813532,-3.191821954192565,1991.0729203301657,2472.112684964285
55.94620134813532,-3.191821954192565,E,55.94620134813532,-3.191521954192565,1991.0729203301657,2470.862684964285
55.94620134813532,-3.191521954192565,W,55.94620134813532,-3.191821954192565,1991.0729203301657,2469.612684964285
55.94620134813532,-3.191821954192565,E,55.94620134813532,-3.191521954192565,1991.0729203301657,2468.362684964285
55.94620134813532,-3.191521954192565,W,55.94620134813532,-3.191821954192565,1991.0729203301657,2467.112684964285
55.94620134813532,-3.191821954192565,E,55.94620134813532,-3.191521954192565,1991.0729203301657,2465.862684964285
55.94620134813532,-3.191521954192565,W,55.94620134813532,-3.191821954192565,1991.0729203301657,2464.612684964285
55.94620134813532,-3.191821954192565,E,55.94620134813532,-3.191521954192565,1991.0729203301657,2463.362684964285
55.94620134813532,-3.191521954192565,W,55.94620134813532,-3.191821954192565,1991.0729203301657,2462.112684964285
55.94620134813532,-3.191821954192565,E,55.94620134813532,-3.191521954192565,1991.0729203301657,2460.862684964285
55.94620134813532,-3.191521954192565,W,55.94620134813532,-3.191821954192565,1991.0729203301657,2459.612684964285
55.94620134813532,-3.191821954192565,E,55.94620134813532,-3.191521954192565,1991.0729203301657,2458.362684964285
55.94620134813532,-3.191521954192565,W,55.94620134813532,-3.191821954192565,1991.0729203301657,2457.112684964285
55.94620134813532,-3.191821954192565,E,55.94620134813532,-3.191521954192565,1991.0729203301657,2455.862684964285
55.94620134813532,-3.191521954192565,W,55.94620134813532,-3.191821954192565,1991.0729203301657,2454.612684964285
55.94620134813532,-3.191821954192565,E,55.94620134813532,-3.191521954192565,1991.0729203301657,2453.362684964285
55.94620134813532,-3.191521954192565,W,55.94620134813532,-3.191821954192565,1991.0729203301657,2452.112684964285
55.94620134813532,-3.191821954192565,E,55.94620134813532,-3.191521954192565,1991.0729203301657,2450.862684964285
55.94620134813532,-3.191521954192565,W,55.94620134813532,-3.191821954192565,1991.0729203301657,2449.612684964285
55.94620134813532,-3.191821954192565,E,55.94620134813532,-3.191521954192565,1991.0729203301657,2448.362684964285
55.94620134813532,-3.191521954192565,W,55.94620134813532,-3.191821954192565,1991.0729203301657,2447.112684964285
55.94620134813532,-3.191821954192565,E,55.94620134813532,-3.191521954192565,1991.0729203301657,2445.862684964285
55.94620134813532,-3.191521954192565,W,55.94620134813532,-3.191821954192565,1991.0729203301657,2444.612684964285
55.94620134813532,-3.191821954192565,E,55.94620134813532,-3.191521954192565,1991.0729203301657,2443.362684964285
55.94620134813532,-3.191521954192565,W,55.94620134813532,-3.191821954192565,1991.0729203301657,2442.112684964285
55.94620134813532,-3.191821954192565,E,55.94620134813532,-3.191521954192565,1991.0729203301657,2440.862684964285
55.94620134813532,-3.191521954192565,W,55.94620134813532,-3.191821954192565,1991.0729203301657,2439.612684964285
55.94620134813532,-3.191821954192565,E,55.94620134813532,-3.191521954192565,1991.0729203301657,2438.362684964285
55.94620134813532,-3.191521954192565,W,55.94620134813532,-3.191821954192565,1991.0729203301657,2437.112684964285
55.94620134813532,-3.191821954192565,E,55.94620134813532,-3.191521954192565,1991.0729203301657,2435.862684964285
55.94620134813532,-3.191521954192565,W,55.94620134813532,-3.191821954192565,1991.0729203301657,2434.612684964285
55.94620134813532,-3.191821954192565,E,55.94620134813532,-3.191521954192565,1991.0729203301657,2433.362684964285
55.94620134813532,-3.191521954192565,W,55.94620134813532,-3.191821954192565,1991.0729203301657,2432.112684964285
55.94620134813532,-3.191821954192565,E,55.94620134813532,-3.191521954192565,1991.0729203301657,2430.862684964285
55.94620134813532,-3.191521954192565,W,55.94620134813532,-3.191821954192565,1991.0729203301657,2429.612684964285
55.94620134813532,-3.191821954192565,E,55.94620134813532,-3.191521954192565,1991.0729203301657,2428.362684964285
55.94620134813532,-3.191521954192565,W,55.94620134813532,-3.191821954192565,1991.0729203301657,2427.112684964285
55.94620134813532,-3.191821954192565,E,55.94620134813532,-3.191521954192565,1991.0729203301657,2425.862684964285
55.94620134813532,-3.191521954192565,W,55.94620134813532,-3.191821954192565,1991.0729203301657,2424.612684964285
55.94620134813532,-3.191821954192565,E,55.94620134813532,-3.191521954192565,1991.0729203301657,2423.362684964285
55.94620134813532,-3.191521954192565,W,55.94620134813532,-3.191821954192565,1991.0729203301657,2422.112684964285
