55.944425,-3.188396,SSW,55.944147836140246,-3.1885108050297095,0.0,248.75
55.944147836140246,-3.1885108050297095,SW,55.94393570410589,-3.1887229370640653,96.7260752348259,273.14046453096444
55.94393570410589,-3.1887229370640653,SW,55.943723572071534,-3.188935069098421,139.19590593677708,325.9748117637365
55.943723572071534,-3.188935069098421,W,55.943723572071534,-3.1892350690984212,221.42543944049783,333.110842347847
55.943723572071534,-3.1892350690984212,S,55.94342357207153,-3.1892350690984212,221.42543944049783,331.860842347847
55.94342357207153,-3.1892350690984212,SSW,55.943146408211774,-3.1893498741281308,221.42543944049783,330.610842347847
55.943146408211774,-3.1893498741281308,S,55.94284640821177,-3.1893498741281308,339.07236417143486,357.2139133895148
55.94284640821177,-3.1893498741281308,E,55.94284640821177,-3.1890498741281306,339.07236417143486,355.9639133895148
55.94284640821177,-3.1890498741281306,E,55.94284640821177,-3.1887498741281304,339.07236417143486,354.7139133895148
55.94284640821177,-3.1887498741281304,E,55.94284640821177,-3.18844987412813,364.3934161785279,455.4825661803431
55.94284640821177,-3.18844987412813,E,55.94284640821177,-3.18814987412813,368.4849667401739,466.21599283976855
55.94284640821177,-3.18814987412813,N,55.943146408211774,-3.18814987412813,368.4849667401739,464.96599283976855
55.943146408211774,-3.18814987412813,N,55.94344640821178,-3.18814987412813,386.62489993658284,478.29156234686405
55.94344640821178,-3.18814987412813,SE,55.94323427617742,-3.1879377420937742,386.62489993658284,477.04156234686405
55.94323427617742,-3.1879377420937742,SE,55.943022144143065,-3.1877256100594185,386.62489993658284,475.79156234686405
55.943022144143065,-3.1877256100594185,SE,55.94281001210871,-3.1875134780250627,478.93303144531296,568.6146467858721
55.94281001210871,-3.1875134780250627,NE,55.943022144143065,-3.187301345990707,478.93303144531296,567.3646467858721
55.943022144143065,-3.187301345990707,NE,55.94323427617742,-3.187089213956351,577.955728242438,673.3574904786773
55.94323427617742,-3.187089213956351,ESE,55.94311947114771,-3.1868120500965977,577.955728242438,672.1074904786773
55.94311947114771,-3.1868120500965977,E,55.94311947114771,-3.1865120500965975,601.2564682669706,738.6644048466316
55.94311947114771,-3.1865120500965975,E,55.94311947114771,-3.1862120500965974,601.2564682669706,737.4144048466316
55.94311947114771,-3.1862120500965974,ESE,55.943004666118,-3.185934886236844,720.6787617712558,831.5597765041556
55.943004666118,-3.185934886236844,N,55.943304666118,-3.185934886236844,720.6787617712558,830.3097765041556
55.943304666118,-3.185934886236844,WNW,55.94341947114771,-3.1862120500965974,720.6787617712558,829.0597765041556
55.94341947114771,-3.1862120500965974,NNW,55.94369663500747,-3.186326855126307,720.6787617712558,827.8097765041556
55.94369663500747,-3.186326855126307,NE,55.943908767041826,-3.186114723091951,720.6787617712558,826.5597765041556
55.943908767041826,-3.186114723091951,ENE,55.944023572071536,-3.1858375592321977,722.8559650733016,879.6245299066071
55.944023572071536,-3.1858375592321977,NW,55.94423570410589,-3.1860496912665535,830.9928699795234,958.2800125252678
55.94423570410589,-3.1860496912665535,NE,55.94444783614025,-3.1858375592321977,866.103026806582,960.3407612405969
55.94444783614025,-3.1858375592321977,ENE,55.94456264116996,-3.1855603953724443,967.8298588074103,1068.383598145316
55.94456264116996,-3.1855603953724443,E,55.94456264116996,-3.185260395372444,967.8298588074103,1067.133598145316
55.94456264116996,-3.185260395372444,ENE,55.94467744619967,-3.1849832315126907,967.8298588074103,1065.883598145316
55.94467744619967,-3.1849832315126907,E,55.94467744619967,-3.1846832315126905,1083.5117386509107,1113.9155843740118
55.94467744619967,-3.1846832315126905,NNE,55.944954610059426,-3.184568426482981,1115.2988824722318,1142.761422000547
55.944954610059426,-3.184568426482981,NW,55.94516674209378,-3.1847805585173368,1115.2988824722318,1141.511422000547
55.94516674209378,-3.1847805585173368,NW,55.94537887412814,-3.1849926905516925,1118.4378379665316,1181.2253268155805
55.94537887412814,-3.1849926905516925,NE,55.945591006162495,-3.1847805585173368,1138.4389145889922,1227.5402107169173
55.945591006162495,-3.1847805585173368,NE,55.94580313819685,-3.184568426482981,1220.2138999826905,1345.6724552191208
55.94580313819685,-3.184568426482981,NE,55.94601527023121,-3.1843562944486252,1247.248200698354,1377.0585257182124
55.94601527023121,-3.1843562944486252,W,55.94601527023121,-3.1846562944486254,1247.248200698354,1375.8085257182124
55.94601527023121,-3.1846562944486254,W,55.94601527023121,-3.1849562944486256,1247.248200698354,1374.5585257182124
55.94601527023121,-3.1849562944486256,WSW,55.9459004652015,-3.185233458308379,1247.248200698354,1373.3085257182124
55.9459004652015,-3.185233458308379,W,55.9459004652015,-3.185533458308379,1247.248200698354,1372.0585257182124
55.9459004652015,-3.185533458308379,W,55.9459004652015,-3.1858334583083794,1247.248200698354,1370.8085257182124
55.9459004652015,-3.1858334583083794,W,55.9459004652015,-3.1861334583083796,1366.5295907876568,1487.7514062120786
55.9459004652015,-3.1861334583083796,W,55.9459004652015,-3.1864334583083798,1366.5295907876568,1486.5014062120786
55.9459004652015,-3.1864334583083798,WNW,55.94601527023121,-3.186710622168133,1366.5295907876568,1485.2514062120786
55.94601527023121,-3.186710622168133,W,55.94601527023121,-3.1870106221681334,1366.5295907876568,1484.0014062120786
55.94601527023121,-3.1870106221681334,WNW,55.94613007526092,-3.1872877860278868,1391.378133244296,1540.5372622309621
55.94613007526092,-3.1872877860278868,SSW,55.94585291140116,-3.1874025910575963,1391.378133244296,1539.2872622309621
55.94585291140116,-3.1874025910575963,SSW,55.945575747541405,-3.1875173960873058,1391.378133244296,1538.0372622309621
55.945575747541405,-3.1875173960873058,SSW,55.94529858368165,-3.1876322011170153,1391.378133244296,1536.7872622309621
55.94529858368165,-3.1876322011170153,SSW,55.94502141982189,-3.187747006146725,1468.6781055044435,1647.2373241477137
55.94502141982189,-3.187747006146725,S,55.94472141982189,-3.187747006146725,1472.9660250355535,1650.5269607358885
55.94472141982189,-3.187747006146725,NW,55.944933551856245,-3.1879591381810806,1538.8880180392914,1769.523340309449
55.944933551856245,-3.1879591381810806,W,55.944933551856245,-3.1882591381810808,1538.8880180392914,1768.273340309449
55.944933551856245,-3.1882591381810808,WNW,55.945048356885955,-3.188536302040834,1633.525447333835,1801.3227404318757
55.945048356885955,-3.188536302040834,WSW,55.944933551856245,-3.1888134659005876,1633.525447333835,1800.0727404318757
55.944933551856245,-3.1888134659005876,W,55.944933551856245,-3.1891134659005878,1633.525447333835,1798.8227404318757
55.944933551856245,-3.1891134659005878,WSW,55.944818746826535,-3.189390629760341,1633.525447333835,1797.5727404318757
55.944818746826535,-3.189390629760341,W,55.944818746826535,-3.1896906297603413,1717.065251168486,1846.4126137083008
55.944818746826535,-3.1896906297603413,NW,55.94503087886089,-3.189902761794697,1717.065251168486,1845.1626137083008
55.94503087886089,-3.189902761794697,NW,55.94524301089525,-3.190114893829053,1717.065251168486,1843.9126137083008
55.94524301089525,-3.190114893829053,NW,55.9454551429296,-3.1903270258634087,1717.065251168486,1842.6626137083008
55.9454551429296,-3.1903270258634087,NW,55.94566727496396,-3.1905391578977644,1811.3022419635029,1879.5786961286485
55.94566727496396,-3.1905391578977644,N,55.94596727496396,-3.1905391578977644,1933.9819108189527,1916.8116164492776
55.94596727496396,-3.1905391578977644,WSW,55.94585246993425,-3.190816321757518,1933.9819108189527,1915.5616164492776
55.94585246993425,-3.190816321757518,SW,55.945640337899896,-3.1910284537918736,2008.1400279707148,1964.362133508359
55.945640337899896,-3.1910284537918736,S,55.94534033789989,-3.1910284537918736,2008.1400279707148,1963.112133508359
55.94534033789989,-3.1910284537918736,SSW,55.945063174040136,-3.191143258821583,2061.0122991780504,2050.7162407769274
55.945063174040136,-3.191143258821583,NW,55.94527530607449,-3.191355390855939,2061.0122991780504,2049.4662407769274
55.94527530607449,-3.191355390855939,WNW,55.9453901111042,-3.1916325547156923,2061.0122991780504,2048.2162407769274
55.9453901111042,-3.1916325547156923,NW,55.94560224313856,-3.191844686750048,2168.4657225668334,2086.1606289823685
55.94560224313856,-3.191844686750048,WSW,55.94548743810885,-3.1921218506098015,2168.4657225668334,2084.9106289823685
55.94548743810885,-3.1921218506098015,W,55.94548743810885,-3.1924218506098017,2289.03556550779,2143.9334339834013
55.94548743810885,-3.1924218506098017,SSE,55.94521027424909,-3.192307045580092,2289.03556550779,2142.6834339834013
55.94521027424909,-3.192307045580092,SSE,55.944933110389336,-3.1921922405503826,2289.03556550779,2141.4334339834013
55.944933110389336,-3.1921922405503826,SSE,55.94465594652958,-3.192077435520673,2289.03556550779,2140.1834339834013
55.94465594652958,-3.192077435520673,SE,55.94444381449522,-3.1918653034863174,2385.840025864474,2258.458893277177
55.94444381449522,-3.1918653034863174,SSW,55.94416665063547,-3.191980108516027,2385.840025864474,2257.208893277177
55.94416665063547,-3.191980108516027,SSW,55.94388948677571,-3.1920949135457364,2385.840025864474,2255.958893277177
55.94388948677571,-3.1920949135457364,SSW,55.94361232291595,-3.192209718575446,2385.840025864474,2254.708893277177
55.94361232291595,-3.192209718575446,SSW,55.9433351590562,-3.1923245236051554,2456.343884394522,2341.3803727982313
55.9433351590562,-3.1923245236051554,E,55.9433351590562,-3.192024523605155,2456.343884394522,2340.1303727982313
55.9433351590562,-3.192024523605155,ENE,55.94344996408591,-3.191747359745402,2456.343884394522,2338.8803727982313
55.94344996408591,-3.191747359745402,E,55.94344996408591,-3.1914473597454016,2456.343884394522,2337.6303727982313
55.94344996408591,-3.1914473597454016,ENE,55.94356476911562,-3.191170195885648,2456.343884394522,2336.3803727982313
55.94356476911562,-3.191170195885648,E,55.94356476911562,-3.190870195885648,2456.343884394522,2335.1303727982313
55.94356476911562,-3.190870195885648,ESE,55.94344996408591,-3.1905930320258946,2456.343884394522,2333.8803727982313
55.94344996408591,-3.1905930320258946,ENE,55.94356476911562,-3.190315868166141,2456.343884394522,2332.6303727982313
55.94356476911562,-3.190315868166141,ENE,55.94367957414533,-3.190038704306388,2456.343884394522,2331.3803727982313
55.94367957414533,-3.190038704306388,SW,55.94346744211097,-3.1902508363407436,2456.343884394522,2330.1303727982313
55.94346744211097,-3.1902508363407436,ENE,55.94358224714068,-3.18997367248099,2456.343884394522,2328.8803727982313
55.94358224714068,-3.18997367248099,ENE,55.94369705217039,-3.1896965086212368,2456.343884394522,2327.6303727982313
55.94369705217039,-3.1896965086212368,ENE,55.9438118572001,-3.1894193447614834,2456.343884394522,2326.3803727982313
55.9438118572001,-3.1894193447614834,ENE,55.94392666222981,-3.18914218090173,2456.343884394522,2325.1303727982313
55.94392666222981,-3.18914218090173,ENE,55.944041467259524,-3.1888650170419766,2456.343884394522,2323.8803727982313
55.944041467259524,-3.1888650170419766,E,55.944041467259524,-3.1885650170419764,2456.343884394522,2322.6303727982313
55.944041467259524,-3.1885650170419764,ENE,55.944156272289234,-3.188287853182223,2456.343884394522,2321.3803727982313
55.944156272289234,-3.188287853182223,SE,55.94394414025488,-3.188075721147867,2456.343884394522,2320.1303727982313
55.94394414025488,-3.188075721147867,ENE,55.94405894528459,-3.187798557288114,2456.343884394522,2318.8803727982313
55.94405894528459,-3.187798557288114,ENE,55.9441737503143,-3.1875213934283604,2456.343884394522,2317.6303727982313
55.9441737503143,-3.1875213934283604,ENE,55.94428855534401,-3.187244229568607,2456.343884394522,2316.3803727982313
55.94428855534401,-3.187244229568607,ENE,55.94440336037372,-3.1869670657088536,2492.0883281152446,2324.100304549922
55.94440336037372,-3.1869670657088536,WSW,55.94428855534401,-3.187244229568607,2492.0883281152446,2322.850304549922
55.94428855534401,-3.187244229568607,ENE,55.94440336037372,-3.1869670657088536,2492.0883281152446,2321.600304549922
55.94440336037372,-3.1869670657088536,WSW,55.94428855534401,-3.187244229568607,2492.0883281152446,2320.350304549922
55.94428855534401,-3.187244229568607,ENE,55.94440336037372,-3.1869670657088536,2492.0883281152446,2319.100304549922
55.94440336037372,-3.1869670657088536,WSW,55.94428855534401,-3.187244229568607,2492.0883281152446,2317.850304549922
55.94428855534401,-3.187244229568607,ENE,55.94440336037372,-3.1869670657088536,2492.0883281152446,2316.600304549922
55.94440336037372,-3.1869670657088536,WSW,55.94428855534401,-3.187244229568607,2492.0883281152446,2315.350304549922
55.94428855534401,-3.187244229568607,ENE,55.94440336037372,-3.1869670657088536,2492.0883281152446,2314.100304549922
55.94440336037372,-3.1869670657088536,WSW,55.94428855534401,-3.187244229568607,2492.0883281152446,2312.850304549922
55.94428855534401,-3.187244229568607,ENE,55.94440336037372,-3.1869670657088536,2492.0883281152446,2311.600304549922
55.94440336037372,-3.1869670657088536,WSW,55.94428855534401,-3.187244229568607,2492.0883281152446,2310.350304549922
55.94428855534401,-3.187244229568607,ENE,55.94440336037372,-3.1869670657088536,2492.0883281152446,2309.100304549922
55.94440336037372,-3.1869670657088536,WSW,55.94428855534401,-3.187244229568607,2492.0883281152446,2307.850304549922
55.94428855534401,-3.187244229568607,ENE,55.94440336037372,-3.1869670657088536,2492.0883281152446,2306.600304549922
55.94440336037372,-3.1869670657088536,WSW,55.94428855534401,-3.187244229568607,2492.0883281152446,2305.350304549922
55.94428855534401,-3.187244229568607,ENE,55.94440336037372,-3.1869670657088536,2492.0883281152446,2304.100304549922
55.94440336037372,-3.1869670657088536,WSW,55.94428855534401,-3.187244229568607,2492.0883281152446,2302.850304549922
55.94428855534401,-3.187244229568607,ENE,55.94440336037372,-3.1869670657088536,2492.0883281152446,2301.600304549922
55.94440336037372,-3.1869670657088536,WSW,55.94428855534401,-3.187244229568607,2492.0883281152446,2300.350304549922
55.94428855534401,-3.187244229568607,ENE,55.94440336037372,-3.1869670657088536,2492.0883281152446,2299.100304549922
55.94440336037372,-3.1869670657088536,WSW,55.94428855534401,-3.187244229568607,2492.0883281152446,2297.850304549922
55.94428855534401,-3.187244229568607,ENE,55.94440336037372,-3.1869670657088536,2492.0883281152446,2296.600304549922
55.94440336037372,-3.1869670657088536,WSW,55.94428855534401,-3.187244229568607,2492.0883281152446,2295.350304549922
55.94428855534401,-3.187244229568607,ENE,55.94440336037372,-3.1869670657088536,2492.0883281152446,2294.100304549922
55.94440336037372,-3.1869670657088536,WSW,55.94428855534401,-3.187244229568607,2492.0883281152446,2292.850304549922
55.94428855534401,-3.187244229568607,ENE,55.94440336037372,-3.1869670657088536,2492.0883281152446,2291.600304549922
55.94440336037372,-3.1869670657088536,WSW,55.94428855534401,-3.187244229568607,2492.0883281152446,2290.350304549922
55.94428855534401,-3.187244229568607,ENE,55.94440336037372,-3.1869670657088536,2492.0883281152446,2289.100304549922
55.94440336037372,-3.1869670657088536,WSW,55.94428855534401,-3.187244229568607,2492.0883281152446,2287.850304549922
55.94428855534401,-3.187244229568607,ENE,55.94440336037372,-3.1869670657088536,2492.0883281152446,2286.600304549922
55.94440336037372,-3.1869670657088536,WSW,55.94428855534401,-3.187244229568607,2492.0883281152446,2285.350304549922
55.94428855534401,-3.187244229568607,ENE,55.94440336037372,-3.1869670657088536,2492.0883281152446,2284.100304549922
55.94440336037372,-3.1869670657088536,WSW,55.94428855534401,-3.187244229568607,2492.0883281152446,2282.850304549922
55.94428855534401,-3.187244229568607,ENE,55.94440336037372,-3.1869670657088536,2492.0883281152446,2281.600304549922
55.94440336037372,-3.1869670657088536,WSW,55.94428855534401,-3.187244229568607,2492.0883281152446,2280.350304549922
55.94428855534401,-3.187244229568607,ENE,55.94440336037372,-3.1869670657088536,2492.0883281152446,2279.100304549922
55.94440336037372,-3.1869670657088536,WSW,55.94428855534401,-3.187244229568607,2492.0883281152446,2277.850304549922
55.94428855534401,-3.187244229568607,ENE,55.94440336037372,-3.1869670657088536,2492.0883281152446,2276.600304549922
55.94440336037372,-3.1869670657088536,WSW,55.94428855534401,-3.187244229568607,2492.0883281152446,2275.350304549922
55.94428855534401,-3.187244229568607,ENE,55.94440336037372,-3.1869670657088536,2492.0883281152446,2274.100304549922
55.94440336037372,-3.1869670657088536,WSW,55.94428855534401,-3.187244229568607,2492.0883281152446,2272.850304549922
55.94428855534401,-3.187244229568607,ENE,55.94440336037372,-3.1869670657088536,2492.0883281152446,2271.600304549922
55.94440336037372,-3.1869670657088536,WSW,55.94428855534401,-3.187244229568607,2492.0883281152446,2270.350304549922
55.94428855534401,-3.187244229568607,ENE,55.94440336037372,-3.1869670657088536,2492.0883281152446,2269.100304549922
55.94440336037372,-3.1869670657088536,WSW,55.94428855534401,-3.187244229568607,2492.0883281152446,2267.850304549922
55.94428855534401,-3.187244229568607,ENE,55.94440336037372,-3.1869670657088536,2492.0883281152446,2266.600304549922
55.94440336037372,-3.1869670657088536,WSW,55.94428855534401,-3.187244229568607,2492.0883281152446,2265.350304549922
55.94428855534401,-3.187244229568607,ENE,55.94440336037372,-3.1869670657088536,2492.0883281152446,2264.100304549922
55.94440336037372,-3.1869670657088536,WSW,55.94428855534401,-3.187244229568607,2492.0883281152446,2262.850304549922
55.94428855534401,-3.187244229568607,ENE,55.94440336037372,-3.1869670657088536,2492.0883281152446,2261.600304549922
55.94440336037372,-3.1869670657088536,WSW,55.94428855534401,-3.187244229568607,2492.0883281152446,2260.350304549922
55.94428855534401,-3.187244229568607,ENE,55.94440336037372,-3.1869670657088536,2492.0883281152446,2259.100304549922
55.94440336037372,-3.1869670657088536,WSW,55.94428855534401,-3.187244229568607,2492.0883281152446,2257.850304549922
55.94428855534401,-3.187244229568607,ENE,55.94440336037372,-3.1869670657088536,2492.0883281152446,2256.600304549922
55.94440336037372,-3.1869670657088536,WSW,55.94428855534401,-3.187244229568607,2492.0883281152446,2255.350304549922
55.94428855534401,-3.187244229568607,ENE,55.94440336037372,-3.1869670657088536,2492.0883281152446,2254.100304549922
55.94440336037372,-3.1869670657088536,WSW,55.94428855534401,-3.187244229568607,2492.0883281152446,2252.850304549922
55.94428855534401,-3.187244229568607,ENE,55.94440336037372,-3.1869670657088536,2492.0883281152446,2251.600304549922
55.94440336037372,-3.1869670657088536,WSW,55.94428855534401,-3.187244229568607,2492.0883281152446,2250.350304549922
55.94428855534401,-3.187244229568607,ENE,55.94440336037372,-3.1869670657088536,2492.0883281152446,2249.100304549922
55.94440336037372,-3.1869670657088536,WSW,55.94428855534401,-3.187244229568607,2492.0883281152446,2247.850304549922
55.94428855534401,-3.187244229568607,ENE,55.94440336037372,-3.1869670657088536,2492.0883281152446,2246.600304549922
55.94440336037372,-3.1869670657088536,WSW,55.94428855534401,-3.187244229568607,2492.0883281152446,2245.350304549922
55.94428855534401,-3.187244229568607,ENE,55.94440336037372,-3.1869670657088536,2492.0883281152446,2244.100304549922
55.94440336037372,-3.1869670657088536,WSW,55.94428855534401,-3.187244229568607,2492.0883281152446,2242.850304549922
55.94428855534401,-3.187244229568607,ENE,55.94440336037372,-3.1869670657088536,2492.0883281152446,2241.600304549922
55.94440336037372,-3.1869670657088536,WSW,55.94428855534401,-3.187244229568607,2492.0883281152446,2240.350304549922
55.94428855534401,-3.187244229568607,ENE,55.94440336037372,-3.1869670657088536,2492.0883281152446,2239.100304549922
55.94440336037372,-3.1869670657088536,WSW,55.94428855534401,-3.187244229568607,2492.0883281152446,2237.850304549922
55.94428855534401,-3.187244229568607,ENE,55.94440336037372,-3.1869670657088536,2492.0883281152446,2236.600304549922
55.94440336037372,-3.1869670657088536,WSW,55.94428855534401,-3.187244229568607,2492.0883281152446,2235.350304549922
55.94428855534401,-3.187244229568607,ENE,55.94440336037372,-3.1869670657088536,2492.0883281152446,2234.100304549922
55.94440336037372,-3.1869670657088536,WSW,55.94428855534401,-3.187244229568607,2492.0883281152446,2232.850304549922
55.94428855534401,-3.187244229568607,ENE,55.94440336037372,-3.1869670657088536,2492.0883281152446,2231.600304549922
55.94440336037372,-3.1869670657088536,WSW,55.94428855534401,-3.187244229568607,2492.0883281152446,2230.350304549922
55.94428855534401,-3.187244229568607,ENE,55.94440336037372,-3.1869670657088536,2492.0883281152446,2229.100304549922
55.94440336037372,-3.1869670657088536,WSW,55.94428855534401,-3.187244229568607,2492.0883281152446,2227.850304549922
55.94428855534401,-3.187244229568607,ENE,55.94440336037372,-3.1869670657088536,2492.0883281152446,2226.600304549922
55.94440336037372,-3.1869670657088536,WSW,55.94428855534401,-3.187244229568607,2492.0883281152446,2225.350304549922
55.94428855534401,-3.187244229568607,ENE,55.94440336037372,-3.1869670657088536,2492.0883281152446,2224.100304549922
55.94440336037372,-3.1869670657088536,WSW,55.94428855534401,-3.187244229568607,2492.0883281152446,2222.850304549922
55.94428855534401,-3.187244229568607,ENE,55.94440336037372,-3.1869670657088536,2492.0883281152446,2221.600304549922
55.94440336037372,-3.1869670657088536,WSW,55.94428855534401,-3.187244229568607,2492.0883281152446,2220.350304549922
55.94428855534401,-3.187244229568607,ENE,55.94440336037372,-3.1869670657088536,2492.0883281152446,2219.100304549922
55.94440336037372,-3.1869670657088536,WSW,55.94428855534401,-3.187244229568607,2492.0883281152446,2217.850304549922
55.94428855534401,-3.187244229568607,ENE,55.94440336037372,-3.1869670657088536,2492.0883281152446,2216.600304549922
55.94440336037372,-3.1869670657088536,WSW,55.94428855534401,-3.187244229568607,2492.0883281152446,2215.350304549922
55.94428855534401,-3.187244229568607,ENE,55.94440336037372,-3.1869670657088536,2492.0883281152446,2214.100304549922
55.94440336037372,-3.1869670657088536,WSW,55.94428855534401,-3.187244229568607,2492.0883281152446,2212.850304549922
55.94428855534401,-3.187244229568607,ENE,55.94440336037372,-3.1869670657088536,2492.0883281152446,2211.600304549922
55.94440336037372,-3.1869670657088536,WSW,55.94428855534401,-3.187244229568607,2492.0883281152446,2210.350304549922
55.94428855534401,-3.187244229568607,ENE,55.94440336037372,-3.1869670657088536,2492.0883281152446,2209.100304549922
55.94440336037372,-3.1869670657088536,WSW,55.94428855534401,-3.187244229568607,2492.0883281152446,2207.850304549922
55.94428855534401,-3.187244229568607,ENE,55.94440336037372,-3.1869670657088536,2492.0883281152446,2206.600304549922
55.94440336037372,-3.1869670657088536,WSW,55.94428855534401,-3.187244229568607,2492.0883281152446,2205.350304549922
55.94428855534401,-3.187244229568607,ENE,55.94440336037372,-3.1869670657088536,2492.0883281152446,2204.100304549922
55.94440336037372,-3.1869670657088536,WSW,55.94428855534401,-3.187244229568607,2492.0883281152446,2202.850304549922
55.94428855534401,-3.187244229568607,ENE,55.94440336037372,-3.1869670657088536,2492.0883281152446,2201.600304549922
55.94440336037372,-3.1869670657088536,WSW,55.94428855534401,-3.187244229568607,2492.0883281152446,2200.350304549922
55.94428855534401,-3.187244229568607,ENE,55.94440336037372,-3.1869670657088536,2492.0883281152446,2199.100304549922
55.94440336037372,-3.1869670657088536,WSW,55.94428855534401,-3.187244229568607,2492.0883281152446,2197.850304549922
55.94428855534401,-3.187244229568607,ENE,55.94440336037372,-3.1869670657088536,2492.0883281152446,2196.600304549922
55.94440336037372,-3.1869670657088536,WSW,55.94428855534401,-3.187244229568607,2492.0883281152446,2195.350304549922
55.94428855534401,-3.187244229568607,ENE,55.94440336037372,-3.1869670657088536,2492.0883281152446,2194.100304549922
55.94440336037372,-3.1869670657088536,WSW,55.94428855534401,-3.187244229568607,2492.0883281152446,2192.850304549922
55.94428855534401,-3.187244229568607,ENE,55.94440336037372,-3.1869670657088536,2492.0883281152446,2191.600304549922
55.94440336037372,-3.1869670657088536,WSW,55.94428855534401,-3.187244229568607,2492.0883281152446,2190.350304549922
55.94428855534401,-3.187244229568607,ENE,55.94440336037372,-3.1869670657088536,2492.0883281152446,2189.100304549922
55.94440336037372,-3.1869670657088536,WSW,55.94428855534401,-3.187244229568607,2492.0883281152446,2187.850304549922
55.94428855534401,-3.187244229568607,ENE,55.94440336037372,-3.1869670657088536,2492.0883281152446,2186.600304549922
55.94440336037372,-3.1869670657088536,WSW,55.94428855534401,-3.187244229568607,2492.0883281152446,2185.350304549922
55.94428855534401,-3.187244229568607,ENE,55.94440336037372,-3.1869670657088536,2492.0883281152446,2184.100304549922
55.94440336037372,-3.1869670657088536,WSW,55.94428855534401,-3.187244229568607,2492.0883281152446,2182.850304549922
55.94428855534401,-3.187244229568607,ENE,55.94440336037372,-3.1869670657088536,2492.0883281152446,2181.600304549922
55.94440336037372,-3.1869670657088536,WSW,55.94428855534401,-3.187244229568607,2492.0883281152446,2180.350304549922
55.94428855534401,-3.187244229568607,ENE,55.94440336037372,-3.1869670657088536,2492.0883281152446,2179.100304549922
55.94440336037372,-3.1869670657088536,WSW,55.94428855534401,-3.187244229568607,2492.0883281152446,2177.850304549922
55.94428855534401,-3.187244229568607,ENE,55.94440336037372,-3.1869670657088536,2492.0883281152446,2176.600304549922
55.94440336037372,-3.1869670657088536,WSW,55.94428855534401,-3.187244229568607,2492.0883281152446,2175.350304549922
55.94428855534401,-3.187244229568607,ENE,55.94440336037372,-3.1869670657088536,2492.0883281152446,2174.100304549922
55.94440336037372,-3.1869670657088536,WSW,55.94428855534401,-3.187244229568607,2492.0883281152446,2172.850304549922
55.94428855534401,-3.187244229568607,ENE,55.94440336037372,-3.1869670657088536,2492.0883281152446,2171.600304549922
55.94440336037372,-3.1869670657088536,WSW,55.94428855534401,-3.187244229568607,2492.0883281152446,2170.350304549922
55.94428855534401,-3.187244229568607,ENE,55.94440336037372,-3.1869670657088536,2492.0883281152446,2169.100304549922
55.94440336037372,-3.1869670657088536,WSW,55.94428855534401,-3.187244229568607,2492.0883281152446,2167.850304549922
55.94428855534401,-3.187244229568607,ENE,55.94440336037372,-3.1869670657088536,2492.0883281152446,2166.600304549922
55.94440336037372,-3.1869670657088536,WSW,55.94428855534401,-3.187244229568607,2492.0883281152446,2165.350304549922
55.94428855534401,-3.187244229568607,ENE,55.94440336037372,-3.1869670657088536,2492.0883281152446,2164.100304549922
55.94440336037372,-3.1869670657088536,WSW,55.94428855534401,-3.187244229568607,2492.0883281152446,2162.850304549922
55.94428855534401,-3.187244229568607,ENE,55.94440336037372,-3.1869670657088536,2492.0883281152446,2161.600304549922
55.94440336037372,-3.1869670657088536,WSW,55.94428855534401,-3.187244229568607,2492.0883281152446,2160.350304549922
55.94428855534401,-3.187244229568607,ENE,55.94440336037372,-3.1869670657088536,2492.0883281152446,2159.100304549922
55.94440336037372,-3.1869670657088536,WSW,55.94428855534401,-3.187244229568607,2492.0883281152446,2157.850304549922
55.94428855534401,-3.187244229568607,ENE,55.94440336037372,-3.1869670657088536,2492.0883281152446,2156.600304549922
55.94440336037372,-3.1869670657088536,WSW,55.94428855534401,-3.187244229568607,2492.0883281152446,2155.350304549922
55.94428855534401,-3.187244229568607,ENE,55.94440336037372,-3.1869670657088536,2492.0883281152446,2154.100304549922
55.94440336037372,-3.1869670657088536,WSW,55.94428855534401,-3.187244229568607,2492.0883281152446,2152.850304549922
55.94428855534401,-3.187244229568607,ENE,55.94440336037372,-3.1869670657088536,2492.0883281152446,2151.600304549922
55.94440336037372,-3.1869670657088536,WSW,55.94428855534401,-3.187244229568607,2492.0883281152446,2150.350304549922
55.94428855534401,-3.187244229568607,ENE,55.94440336037372,-3.1869670657088536,2492.0883281152446,2149.100304549922
55.94440336037372,-3.1869670657088536,WSW,55.94428855534401,-3.187244229568607,2492.0883281152446,2147.850304549922
55.94428855534401,-3.187244229568607,ENE,55.94440336037372,-3.1869670657088536,2492.0883281152446,2146.600304549922
55.94440336037372,-3.1869670657088536,WSW,55.94428855534401,-3.187244229568607,2492.0883281152446,2145.350304549922
55.94428855534401,-3.187244229568607,ENE,55.94440336037372,-3.1869670657088536,2492.0883281152446,2144.100304549922
55.94440336037372,-3.1869670657088536,WSW,55.94428855534401,-3.187244229568607,2492.0883281152446,2142.850304549922
55.94428855534401,-3.187244229568607,ENE,55.94440336037372,-3.1869670657088536,2492.0883281152446,2141.600304549922
