55.944425,-3.188396,WNW,55.94453980502971,-3.1886731638597534,0.0,248.75
55.94453980502971,-3.1886731638597534,WNW,55.94465461005942,-3.188950327719507,31.010292766792208,262.33712531213524
55.94465461005942,-3.188950327719507,S,55.94435461005942,-3.188950327719507,31.010292766792208,261.08712531213524
55.94435461005942,-3.188950327719507,ESE,55.94423980502971,-3.1886731638597534,31.010292766792208,259.83712531213524
55.94423980502971,-3.1886731638597534,W,55.94423980502971,-3.1889731638597536,31.010292766792208,258.58712531213524
55.94423980502971,-3.1889731638597536,ENE,55.94435461005942,-3.188696,31.010292766792208,257.33712531213524
55.94435461005942,-3.188696,SSE,55.944077446199664,-3.1885811949702907,31.010292766792208,256.08712531213524
55.944077446199664,-3.1885811949702907,S,55.94377744619966,-3.1885811949702907,31.010292766792208,254.83712531213524
55.94377744619966,-3.1885811949702907,SW,55.943565314165305,-3.1887933270046465,95.94867463011995,320.64375945840254
55.943565314165305,-3.1887933270046465,SSW,55.94328815030555,-3.188908132034356,218.04199550291924,350.5950905717224
55.94328815030555,-3.188908132034356,WSW,55.94317334527584,-3.1891852958941094,321.4459476744886,441.899093082174
55.94317334527584,-3.1891852958941094,E,55.94317334527584,-3.188885295894109,321.4459476744886,440.649093082174
55.94317334527584,-3.188885295894109,ENE,55.94328815030555,-3.188608132034356,423.9529960499783,471.57799358652363
55.94328815030555,-3.188608132034356,SSE,55.94301098644579,-3.1884933270046463,481.13923735629237,576.4716732410986
55.94301098644579,-3.1884933270046463,N,55.943310986445795,-3.1884933270046463,481.13923735629237,575.2216732410986
55.943310986445795,-3.1884933270046463,SE,55.94309885441144,-3.1882811949702905,481.13923735629237,573.9716732410986
55.94309885441144,-3.1882811949702905,ENE,55.94321365944115,-3.188004031110537,481.13923735629237,572.7216732410986
55.94321365944115,-3.188004031110537,N,55.94351365944115,-3.188004031110537,592.2721096493833,673.3674254949735
55.94351365944115,-3.188004031110537,NNE,55.94379082330091,-3.1878892260808276,592.2721096493833,672.1174254949735
55.94379082330091,-3.1878892260808276,ENE,55.94390562833062,-3.187612062221074,622.7503229549334,759.1997713299143
55.94390562833062,-3.187612062221074,ESE,55.94379082330091,-3.187334898361321,694.5662744987563,812.2370827918107
55.94379082330091,-3.187334898361321,ENE,55.94390562833062,-3.1870577345015674,694.5662744987563,810.9870827918107
55.94390562833062,-3.1870577345015674,E,55.94390562833062,-3.186757734501567,741.240569442741,930.8059223692103
55.94390562833062,-3.186757734501567,NNW,55.944182792190375,-3.1868725395312767,814.5424433719743,934.2894364325754
55.944182792190375,-3.1868725395312767,ENE,55.944297597220086,-3.1865953756715233,814.5424433719743,933.0394364325754
55.944297597220086,-3.1865953756715233,NE,55.94450972925444,-3.1863832436371675,845.7307967919498,977.4073120240301
55.94450972925444,-3.1863832436371675,SE,55.944297597220086,-3.1861711116028117,896.4246192717636,1006.2038320689281
55.944297597220086,-3.1861711116028117,SE,55.94408546518573,-3.185958979568456,903.588483707727,1091.1057607260418
55.94408546518573,-3.185958979568456,NE,55.944297597220086,-3.1857468475341,903.588483707727,1089.8557607260418
55.944297597220086,-3.1857468475341,NE,55.94450972925444,-3.1855347154997444,1003.007891897747,1198.913481300155
55.94450972925444,-3.1855347154997444,ESE,55.94439492422473,-3.185257551639991,1090.6576247229395,1273.7209785836992
55.94439492422473,-3.185257551639991,NE,55.94460705625909,-3.1850454196056353,1090.6576247229395,1272.4709785836992
55.94460705625909,-3.1850454196056353,ENE,55.9447218612888,-3.184768255745882,1176.9057453761607,1364.7231390268976
55.9447218612888,-3.184768255745882,N,55.9450218612888,-3.184768255745882,1291.9211871072325,1391.825984546788
55.9450218612888,-3.184768255745882,NNW,55.94529902514856,-3.1848830607755914,1291.9211871072325,1390.575984546788
55.94529902514856,-3.1848830607755914,NNE,55.945576189008314,-3.184768255745882,1291.9211871072325,1389.325984546788
55.945576189008314,-3.184768255745882,NW,55.94578832104267,-3.1849803877802376,1291.9211871072325,1388.075984546788
55.94578832104267,-3.1849803877802376,WNW,55.94590312607238,-3.185257551639991,1355.9002071038544,1423.901280972682
55.94590312607238,-3.185257551639991,S,55.94560312607238,-3.185257551639991,1355.9002071038544,1422.651280972682
55.94560312607238,-3.185257551639991,S,55.945303126072375,-3.185257551639991,1355.9002071038544,1421.401280972682
55.945303126072375,-3.185257551639991,SSW,55.94502596221262,-3.1853723566697005,1355.9002071038544,1420.151280972682
55.94502596221262,-3.1853723566697005,SSE,55.94474879835286,-3.185257551639991,1355.9002071038544,1418.901280972682
55.94474879835286,-3.185257551639991,SSE,55.944471634493105,-3.1851427466102815,1355.9002071038544,1417.651280972682
55.944471634493105,-3.1851427466102815,SSE,55.94419447063335,-3.185027941580572,1355.9002071038544,1416.401280972682
55.94419447063335,-3.185027941580572,SSE,55.94391730677359,-3.1849131365508625,1393.8266460612679,1494.1069939550603
55.94391730677359,-3.1849131365508625,W,55.94391730677359,-3.1852131365508627,1393.8266460612679,1492.8569939550603
55.94391730677359,-3.1852131365508627,W,55.94391730677359,-3.185513136550863,1393.8266460612679,1491.6069939550603
55.94391730677359,-3.185513136550863,SW,55.943705174739236,-3.1857252685852187,1393.8266460612679,1490.3569939550603
55.943705174739236,-3.1857252685852187,S,55.94340517473923,-3.1857252685852187,1397.1270177982483,1586.414953864254
55.94340517473923,-3.1857252685852187,WSW,55.94329036970952,-3.186002432444972,1397.1270177982483,1585.164953864254
55.94329036970952,-3.186002432444972,W,55.94329036970952,-3.1863024324449722,1397.1270177982483,1583.914953864254
55.94329036970952,-3.1863024324449722,WSW,55.94317556467981,-3.1865795963047256,1414.0765459238253,1672.2366263350652
55.94317556467981,-3.1865795963047256,SSW,55.942898400820056,-3.186694401334435,1527.3915936348146,1787.957891498813
55.942898400820056,-3.186694401334435,E,55.942898400820056,-3.186394401334435,1527.3915936348146,1786.707891498813
55.942898400820056,-3.186394401334435,E,55.942898400820056,-3.186094401334435,1527.3915936348146,1785.457891498813
55.942898400820056,-3.186094401334435,E,55.942898400820056,-3.1857944013344346,1527.3915936348146,1784.207891498813
55.942898400820056,-3.1857944013344346,E,55.942898400820056,-3.1854944013344344,1527.3915936348146,1782.957891498813
55.942898400820056,-3.1854944013344344,E,55.942898400820056,-3.185194401334434,1527.3915936348146,1781.707891498813
55.942898400820056,-3.185194401334434,E,55.942898400820056,-3.184894401334434,1527.3915936348146,1780.457891498813
55.942898400820056,-3.184894401334434,ESE,55.942783595790345,-3.1846172374746806,1536.020436480005,1855.789545081159
55.942783595790345,-3.1846172374746806,NW,55.9429957278247,-3.1848293695090364,1536.020436480005,1854.539545081159
55.9429957278247,-3.1848293695090364,NW,55.94320785985906,-3.185041501543392,1536.020436480005,1853.289545081159
55.94320785985906,-3.185041501543392,WNW,55.94332266488877,-3.1853186654031456,1536.020436480005,1852.039545081159
55.94332266488877,-3.1853186654031456,WNW,55.94343746991848,-3.185595829262899,1536.020436480005,1850.789545081159
55.94343746991848,-3.185595829262899,NW,55.943649601952835,-3.1858079612972547,1536.020436480005,1849.539545081159
55.943649601952835,-3.1858079612972547,NW,55.94386173398719,-3.1860200933316105,1536.020436480005,1848.289545081159
55.94386173398719,-3.1860200933316105,NW,55.94407386602155,-3.1862322253659663,1536.020436480005,1847.039545081159
55.94407386602155,-3.1862322253659663,NW,55.9442859980559,-3.186444357400322,1536.020436480005,1845.789545081159
55.9442859980559,-3.186444357400322,SW,55.94407386602155,-3.186656489434678,1536.020436480005,1844.539545081159
55.94407386602155,-3.186656489434678,NW,55.9442859980559,-3.1868686214690336,1536.020436480005,1843.289545081159
55.9442859980559,-3.1868686214690336,NW,55.94449813009026,-3.1870807535033894,1536.020436480005,1842.039545081159
55.94449813009026,-3.1870807535033894,NNW,55.944775293950016,-3.187195558533099,1536.020436480005,1840.789545081159
55.944775293950016,-3.187195558533099,NW,55.94498742598437,-3.1874076905674547,1536.020436480005,1839.539545081159
55.94498742598437,-3.1874076905674547,NNW,55.94526458984413,-3.187522495597164,1536.020436480005,1838.289545081159
55.94526458984413,-3.187522495597164,SW,55.94505245780977,-3.18773462763152,1536.020436480005,1837.039545081159
55.94505245780977,-3.18773462763152,WNW,55.94516726283948,-3.1880117914912733,1536.020436480005,1835.789545081159
55.94516726283948,-3.1880117914912733,SE,55.94495513080513,-3.1877996594569176,1536.020436480005,1834.539545081159
55.94495513080513,-3.1877996594569176,WNW,55.94506993583484,-3.188076823316671,1536.020436480005,1833.289545081159
55.94506993583484,-3.188076823316671,E,55.94506993583484,-3.187776823316671,1536.020436480005,1832.039545081159
55.94506993583484,-3.187776823316671,WNW,55.94518474086455,-3.188053987176424,1536.020436480005,1830.789545081159
55.94518474086455,-3.188053987176424,N,55.94548474086455,-3.188053987176424,1536.020436480005,1829.539545081159
55.94548474086455,-3.188053987176424,ENE,55.94559954589426,-3.187776823316671,1612.7010269737311,1922.7125097423313
55.94559954589426,-3.187776823316671,NW,55.94581167792862,-3.1879889553510266,1612.7010269737311,1921.4625097423313
55.94581167792862,-3.1879889553510266,WNW,55.94592648295833,-3.18826611921078,1657.1417050398275,1965.0359573316443
55.94592648295833,-3.18826611921078,WSW,55.94581167792862,-3.1885432830705334,1657.1417050398275,1963.7859573316443
55.94581167792862,-3.1885432830705334,WSW,55.94569687289891,-3.1888204469302868,1657.1417050398275,1962.5359573316443
55.94569687289891,-3.1888204469302868,WSW,55.945582067869196,-3.18909761079004,1657.1417050398275,1961.2859573316443
55.945582067869196,-3.18909761079004,WSW,55.945467262839486,-3.1893747746497936,1657.1417050398275,1960.0359573316443
55.945467262839486,-3.1893747746497936,WSW,55.945352457809776,-3.189651938509547,1657.1417050398275,1958.7859573316443
55.945352457809776,-3.189651938509547,SW,55.94514032577542,-3.1898640705439028,1657.1417050398275,1957.5359573316443
55.94514032577542,-3.1898640705439028,WSW,55.94502552074571,-3.190141234403656,1747.918508170568,2080.1167710929244
55.94502552074571,-3.190141234403656,SW,55.94481338871135,-3.190353366438012,1747.918508170568,2078.8667710929244
55.94481338871135,-3.190353366438012,SSW,55.944536224851596,-3.1904681714677214,1800.9054401722983,2108.248892863925
55.944536224851596,-3.1904681714677214,S,55.94423622485159,-3.1904681714677214,1889.0006121585975,2195.5123682587046
55.94423622485159,-3.1904681714677214,NNW,55.94451338871135,-3.190582976497431,1889.0006121585975,2194.2623682587046
55.94451338871135,-3.190582976497431,NNW,55.944790552571106,-3.1906977815271405,1889.0006121585975,2193.0123682587046
55.944790552571106,-3.1906977815271405,NNE,55.94506771643086,-3.190582976497431,1889.0006121585975,2191.7623682587046
55.94506771643086,-3.190582976497431,N,55.945367716430866,-3.190582976497431,1889.0006121585975,2190.5123682587046
55.945367716430866,-3.190582976497431,NW,55.94557984846522,-3.1907951085317867,1889.0006121585975,2189.2623682587046
55.94557984846522,-3.1907951085317867,SW,55.945367716430866,-3.1910072405661425,1990.601819170477,2235.933245036389
55.945367716430866,-3.1910072405661425,WSW,55.945252911401155,-3.191284404425896,2104.3630573202136,2319.8144174826402
55.945252911401155,-3.191284404425896,NE,55.94546504343551,-3.19107227239154,2104.3630573202136,2318.5644174826402
55.94546504343551,-3.19107227239154,NE,55.94567717546987,-3.1908601403571843,2104.3630573202136,2317.3144174826402
55.94567717546987,-3.1908601403571843,NE,55.945889307504224,-3.1906480083228286,2184.0109401021323,2397.737666023951
55.945889307504224,-3.1906480083228286,WSW,55.945774502474514,-3.190925172182582,2184.0109401021323,2396.487666023951
55.945774502474514,-3.190925172182582,W,55.945774502474514,-3.191225172182582,2184.0109401021323,2395.237666023951
55.945774502474514,-3.191225172182582,WSW,55.9456596974448,-3.1915023360423356,2184.0109401021323,2393.987666023951
55.9456596974448,-3.1915023360423356,W,55.9456596974448,-3.1918023360423358,2184.0109401021323,2392.737666023951
55.9456596974448,-3.1918023360423358,WSW,55.94554489241509,-3.192079499902089,2184.0109401021323,2391.487666023951
55.94554489241509,-3.192079499902089,W,55.94554489241509,-3.1923794999020894,2250.8694558609714,2487.988404291386
55.94554489241509,-3.1923794999020894,S,55.94524489241509,-3.1923794999020894,2250.8694558609714,2486.738404291386
55.94524489241509,-3.1923794999020894,S,55.94494489241509,-3.1923794999020894,2250.8694558609714,2485.488404291386
55.94494489241509,-3.1923794999020894,SSE,55.94466772855533,-3.19226469487238,2250.8694558609714,2484.238404291386
55.94466772855533,-3.19226469487238,S,55.94436772855533,-3.19226469487238,2282.7475743058008,2552.6529807065717
55.94436772855533,-3.19226469487238,ESE,55.94425292352562,-3.1919875310126264,2282.7475743058008,2551.4029807065717
55.94425292352562,-3.1919875310126264,SE,55.94404079149126,-3.1917753989782707,2282.7475743058008,2550.1529807065717
55.94404079149126,-3.1917753989782707,ESE,55.94392598646155,-3.1914982351185173,2282.7475743058008,2548.9029807065717
55.94392598646155,-3.1914982351185173,SE,55.943713854427195,-3.1912861030841615,2282.7475743058008,2547.6529807065717
55.943713854427195,-3.1912861030841615,ESE,55.943599049397484,-3.191008939224408,2282.7475743058008,2546.4029807065717
55.943599049397484,-3.191008939224408,ESE,55.943484244367774,-3.1907317753646547,2282.7475743058008,2545.1529807065717
55.943484244367774,-3.1907317753646547,SE,55.94327211233342,-3.190519643330299,2282.7475743058008,2543.9029807065717
55.94327211233342,-3.190519643330299,SE,55.94305998029906,-3.190307511295943,2282.7475743058008,2542.6529807065717
55.94305998029906,-3.190307511295943,N,55.943359980299064,-3.190307511295943,2282.7475743058008,2541.4029807065717
55.943359980299064,-3.190307511295943,SE,55.94314784826471,-3.1900953792615874,2282.7475743058008,2540.1529807065717
55.94314784826471,-3.1900953792615874,SE,55.94293571623035,-3.1898832472272316,2394.4558767931167,2626.028471398236
55.94293571623035,-3.1898832472272316,NW,55.94314784826471,-3.1900953792615874,2394.4558767931167,2624.778471398236
55.94314784826471,-3.1900953792615874,SE,55.94293571623035,-3.1898832472272316,2394.4558767931167,2623.528471398236
55.94293571623035,-3.1898832472272316,NW,55.94314784826471,-3.1900953792615874,2394.4558767931167,2622.278471398236
55.94314784826471,-3.1900953792615874,SE,55.94293571623035,-3.1898832472272316,2394.4558767931167,2621.028471398236
55.94293571623035,-3.1898832472272316,NW,55.94314784826471,-3.1900953792615874,2394.4558767931167,2619.778471398236
55.94314784826471,-3.1900953792615874,SE,55.94293571623035,-3.1898832472272316,2394.4558767931167,2618.528471398236
55.94293571623035,-3.1898832472272316,NW,55.94314784826471,-3.1900953792615874,2394.4558767931167,2617.278471398236
55.94314784826471,-3.1900953792615874,SE,55.94293571623035,-3.1898832472272316,2394.4558767931167,2616.028471398236
55.94293571623035,-3.1898832472272316,NW,55.94314784826471,-3.1900953792615874,2394.4558767931167,2614.778471398236
55.94314784826471,-3.1900953792615874,SE,55.94293571623035,-3.1898832472272316,2394.4558767931167,2613.528471398236
55.94293571623035,-3.1898832472272316,NW,55.94314784826471,-3.1900953792615874,2394.4558767931167,2612.278471398236
55.94314784826471,-3.1900953792615874,SE,55.94293571623035,-3.1898832472272316,2394.4558767931167,2611.028471398236
55.94293571623035,-3.1898832472272316,NW,55.94314784826471,-3.1900953792615874,2394.4558767931167,2609.778471398236
55.94314784826471,-3.1900953792615874,SE,55.94293571623035,-3.1898832472272316,2394.4558767931167,2608.528471398236
55.94293571623035,-3.1898832472272316,NW,55.94314784826471,-3.1900953792615874,2394.4558767931167,2607.278471398236
55.94314784826471,-3.1900953792615874,SE,55.94293571623035,-3.1898832472272316,2394.4558767931167,2606.028471398236
55.94293571623035,-3.1898832472272316,NW,55.94314784826471,-3.1900953792615874,2394.4558767931167,2604.778471398236
55.94314784826471,-3.1900953792615874,SE,55.94293571623035,-3.1898832472272316,2394.4558767931167,2603.528471398236
55.94293571623035,-3.1898832472272316,NW,55.94314784826471,-3.1900953792615874,2394.4558767931167,2602.278471398236
55.94314784826471,-3.1900953792615874,SE,55.94293571623035,-3.1898832472272316,2394.4558767931167,2601.028471398236
55.94293571623035,-3.1898832472272316,NW,55.94314784826471,-3.1900953792615874,2394.4558767931167,2599.778471398236
55.94314784826471,-3.1900953792615874,SE,55.94293571623035,-3.1898832472272316,2394.4558767931167,2598.528471398236
55.94293571623035,-3.1898832472272316,NW,55.94314784826471,-3.1900953792615874,2394.4558767931167,2597.278471398236
55.94314784826471,-3.1900953792615874,SE,55.94293571623035,-3.1898832472272316,2394.4558767931167,2596.028471398236
55.94293571623035,-3.1898832472272316,NW,55.94314784826471,-3.1900953792615874,2394.4558767931167,2594.778471398236
55.94314784826471,-3.1900953792615874,SE,55.94293571623035,-3.1898832472272316,2394.4558767931167,2593.528471398236
55.94293571623035,-3.1898832472272316,NW,55.94314784826471,-3.1900953792615874,2394.4558767931167,2592.278471398236
55.94314784826471,-3.1900953792615874,SE,55.94293571623035,-3.1898832472272316,2394.4558767931167,2591.028471398236
55.94293571623035,-3.1898832472272316,NW,55.94314784826471,-3.1900953792615874,2394.4558767931167,2589.778471398236
55.94314784826471,-3.1900953792615874,SE,55.94293571623035,-3.1898832472272316,2394.4558767931167,2588.528471398236
55.94293571623035,-3.1898832472272316,NW,55.94314784826471,-3.1900953792615874,2394.4558767931167,2587.278471398236
55.94314784826471,-3.1900953792615874,SE,55.94293571623035,-3.1898832472272316,2394.4558767931167,2586.028471398236
55.94293571623035,-3.1898832472272316,NW,55.94314784826471,-3.1900953792615874,2394.4558767931167,2584.778471398236
55.94314784826471,-3.1900953792615874,SE,55.94293571623035,-3.1898832472272316,2394.4558767931167,2583.528471398236
55.94293571623035,-3.1898832472272316,NW,55.94314784826471,-3.1900953792615874,2394.4558767931167,2582.278471398236
55.94314784826471,-3.1900953792615874,SE,55.94293571623035,-3.1898832472272316,2394.4558767931167,2581.028471398236
55.94293571623035,-3.1898832472272316,NW,55.94314784826471,-3.1900953792615874,2394.4558767931167,2579.778471398236
55.94314784826471,-3.1900953792615874,SE,55.94293571623035,-3.1898832472272316,2394.4558767931167,2578.528471398236
55.94293571623035,-3.1898832472272316,NW,55.94314784826471,-3.1900953792615874,2394.4558767931167,2577.278471398236
55.94314784826471,-3.1900953792615874,SE,55.94293571623035,-3.1898832472272316,2394.4558767931167,2576.028471398236
55.94293571623035,-3.1898832472272316,NW,55.94314784826471,-3.1900953792615874,2394.4558767931167,2574.778471398236
55.94314784826471,-3.1900953792615874,SE,55.94293571623035,-3.1898832472272316,2394.4558767931167,2573.528471398236
55.94293571623035,-3.1898832472272316,NW,55.94314784826471,-3.1900953792615874,2394.4558767931167,2572.278471398236
55.94314784826471,-3.1900953792615874,SE,55.94293571623035,-3.1898832472272316,2394.4558767931167,2571.028471398236
55.94293571623035,-3.1898832472272316,NW,55.94314784826471,-3.1900953792615874,2394.4558767931167,2569.778471398236
55.94314784826471,-3.1900953792615874,SE,55.94293571623035,-3.1898832472272316,2394.4558767931167,2568.528471398236
55.94293571623035,-3.1898832472272316,NW,55.94314784826471,-3.1900953792615874,2394.4558767931167,2567.278471398236
55.94314784826471,-3.1900953792615874,SE,55.94293571623035,-3.1898832472272316,2394.4558767931167,2566.028471398236
55.94293571623035,-3.1898832472272316,NW,55.94314784826471,-3.1900953792615874,2394.4558767931167,2564.778471398236
55.94314784826471,-3.1900953792615874,SE,55.94293571623035,-3.1898832472272316,2394.4558767931167,2563.528471398236
55.94293571623035,-3.1898832472272316,NW,55.94314784826471,-3.1900953792615874,2394.4558767931167,2562.278471398236
55.94314784826471,-3.1900953792615874,SE,55.94293571623035,-3.1898832472272316,2394.4558767931167,2561.028471398236
55.94293571623035,-3.1898832472272316,NW,55.94314784826471,-3.1900953792615874,2394.4558767931167,2559.778471398236
55.94314784826471,-3.1900953792615874,SE,55.94293571623035,-3.1898832472272316,2394.4558767931167,2558.528471398236
55.94293571623035,-3.1898832472272316,NW,55.94314784826471,-3.1900953792615874,2394.4558767931167,2557.278471398236
55.94314784826471,-3.1900953792615874,SE,55.94293571623035,-3.1898832472272316,2394.4558767931167,2556.028471398236
55.94293571623035,-3.1898832472272316,NW,55.94314784826471,-3.1900953792615874,2394.4558767931167,2554.778471398236
55.94314784826471,-3.1900953792615874,SE,55.94293571623035,-3.1898832472272316,2394.4558767931167,2553.528471398236
55.94293571623035,-3.1898832472272316,NW,55.94314784826471,-3.1900953792615874,2394.4558767931167,2552.278471398236
55.94314784826471,-3.1900953792615874,SE,55.94293571623035,-3.1898832472272316,2394.4558767931167,2551.028471398236
55.94293571623035,-3.1898832472272316,NW,55.94314784826471,-3.1900953792615874,2394.4558767931167,2549.778471398236
55.94314784826471,-3.1900953792615874,SE,55.94293571623035,-3.1898832472272316,2394.4558767931167,2548.528471398236
55.94293571623035,-3.1898832472272316,NW,55.94314784826471,-3.1900953792615874,2394.4558767931167,2547.278471398236
55.94314784826471,-3.1900953792615874,SE,55.94293571623035,-3.1898832472272316,2394.4558767931167,2546.028471398236
55.94293571623035,-3.1898832472272316,NW,55.94314784826471,-3.1900953792615874,2394.4558767931167,2544.778471398236
55.94314784826471,-3.1900953792615874,SE,55.94293571623035,-3.1898832472272316,2394.4558767931167,2543.528471398236
55.94293571623035,-3.1898832472272316,NW,55.94314784826471,-3.1900953792615874,2394.4558767931167,2542.278471398236
55.94314784826471,-3.1900953792615874,SE,55.94293571623035,-3.1898832472272316,2394.4558767931167,2541.028471398236
55.94293571623035,-3.1898832472272316,NW,55.94314784826471,-3.1900953792615874,2394.4558767931167,2539.778471398236
55.94314784826471,-3.1900953792615874,SE,55.94293571623035,-3.1898832472272316,2394.4558767931167,2538.528471398236
55.94293571623035,-3.1898832472272316,NW,55.94314784826471,-3.1900953792615874,2394.4558767931167,2537.278471398236
55.94314784826471,-3.1900953792615874,SE,55.94293571623035,-3.1898832472272316,2394.4558767931167,2536.028471398236
55.94293571623035,-3.1898832472272316,NW,55.94314784826471,-3.1900953792615874,2394.4558767931167,2534.778471398236
55.94314784826471,-3.1900953792615874,SE,55.94293571623035,-3.1898832472272316,2394.4558767931167,2533.528471398236
55.94293571623035,-3.1898832472272316,NW,55.94314784826471,-3.1900953792615874,2394.4558767931167,2532.278471398236
55.94314784826471,-3.1900953792615874,SE,55.94293571623035,-3.1898832472272316,2394.4558767931167,2531.028471398236
55.94293571623035,-3.1898832472272316,NW,55.94314784826471,-3.1900953792615874,2394.4558767931167,2529.778471398236
55.94314784826471,-3.1900953792615874,SE,55.94293571623035,-3.1898832472272316,2394.4558767931167,2528.528471398236
55.94293571623035,-3.1898832472272316,NW,55.94314784826471,-3.1900953792615874,2394.4558767931167,2527.278471398236
55.94314784826471,-3.1900953792615874,SE,55.94293571623035,-3.1898832472272316,2394.4558767931167,2526.028471398236
55.94293571623035,-3.1898832472272316,NW,55.94314784826471,-3.1900953792615874,2394.4558767931167,2524.778471398236
55.94314784826471,-3.1900953792615874,SE,55.94293571623035,-3.1898832472272316,2394.4558767931167,2523.528471398236
55.94293571623035,-3.1898832472272316,NW,55.94314784826471,-3.1900953792615874,2394.4558767931167,2522.278471398236
55.94314784826471,-3.1900953792615874,SE,55.94293571623035,-3.1898832472272316,2394.4558767931167,2521.028471398236
55.94293571623035,-3.1898832472272316,NW,55.94314784826471,-3.1900953792615874,2394.4558767931167,2519.778471398236
55.94314784826471,-3.1900953792615874,SE,55.94293571623035,-3.1898832472272316,2394.4558767931167,2518.528471398236
55.94293571623035,-3.1898832472272316,NW,55.94314784826471,-3.1900953792615874,2394.4558767931167,2517.278471398236
55.94314784826471,-3.1900953792615874,SE,55.94293571623035,-3.1898832472272316,2394.4558767931167,2516.028471398236
55.94293571623035,-3.1898832472272316,NW,55.94314784826471,-3.1900953792615874,2394.4558767931167,2514.778471398236
55.94314784826471,-3.1900953792615874,SE,55.94293571623035,-3.1898832472272316,2394.4558767931167,2513.528471398236
55.94293571623035,-3.1898832472272316,NW,55.94314784826471,-3.1900953792615874,2394.4558767931167,2512.278471398236
55.94314784826471,-3.1900953792615874,SE,55.94293571623035,-3.1898832472272316,2394.4558767931167,2511.028471398236
55.94293571623035,-3.1898832472272316,NW,55.94314784826471,-3.1900953792615874,2394.4558767931167,2509.778471398236
55.94314784826471,-3.1900953792615874,SE,55.94293571623035,-3.1898832472272316,2394.4558767931167,2508.528471398236
55.94293571623035,-3.1898832472272316,NW,55.94314784826471,-3.1900953792615874,2394.4558767931167,2507.278471398236
55.94314784826471,-3.1900953792615874,SE,55.94293571623035,-3.1898832472272316,2394.4558767931167,2506.028471398236
55.94293571623035,-3.1898832472272316,NW,55.94314784826471,-3.1900953792615874,2394.4558767931167,2504.778471398236
55.94314784826471,-3.1900953792615874,SE,55.94293571623035,-3.1898832472272316,2394.4558767931167,2503.528471398236
55.94293571623035,-3.1898832472272316,NW,55.94314784826471,-3.1900953792615874,2394.4558767931167,2502.278471398236
55.94314784826471,-3.1900953792615874,SE,55.94293571623035,-3.1898832472272316,2394.4558767931167,2501.028471398236
55.94293571623035,-3.1898832472272316,NW,55.94314784826471,-3.1900953792615874,2394.4558767931167,2499.778471398236
55.94314784826471,-3.1900953792615874,SE,55.94293571623035,-3.1898832472272316,2394.4558767931167,2498.528471398236
55.94293571623035,-3.1898832472272316,NW,55.94314784826471,-3.1900953792615874,2394.4558767931167,2497.278471398236
55.94314784826471,-3.1900953792615874,SE,55.94293571623035,-3.1898832472272316,2394.4558767931167,2496.028471398236
55.94293571623035,-3.1898832472272316,NW,55.94314784826471,-3.1900953792615874,2394.4558767931167,2494.778471398236
55.94314784826471,-3.1900953792615874,SE,55.94293571623035,-3.1898832472272316,2394.4558767931167,2493.528471398236
55.94293571623035,-3.1898832472272316,NW,55.94314784826471,-3.1900953792615874,2394.4558767931167,2492.278471398236
55.94314784826471,-3.1900953792615874,SE,55.94293571623035,-3.1898832472272316,2394.4558767931167,2491.028471398236
55.94293571623035,-3.1898832472272316,NW,55.94314784826471,-3.1900953792615874,2394.4558767931167,2489.778471398236
55.94314784826471,-3.1900953792615874,SE,55.94293571623035,-3.1898832472272316,2394.4558767931167,2488.528471398236
55.94293571623035,-3.1898832472272316,NW,55.94314784826471,-3.1900953792615874,2394.4558767931167,2487.278471398236
55.94314784826471,-3.1900953792615874,SE,55.94293571623035,-3.1898832472272316,2394.4558767931167,2486.028471398236
55.94293571623035,-3.1898832472272316,NW,55.94314784826471,-3.1900953792615874,2394.4558767931167,2484.778471398236
55.94314784826471,-3.1900953792615874,SE,55.94293571623035,-3.1898832472272316,2394.4558767931167,2483.528471398236
55.94293571623035,-3.1898832472272316,NW,55.94314784826471,-3.1900953792615874,2394.4558767931167,2482.278471398236
55.94314784826471,-3.1900953792615874,SE,55.94293571623035,-3.1898832472272316,2394.4558767931167,2481.028471398236
55.94293571623035,-3.1898832472272316,NW,55.94314784826471,-3.1900953792615874,2394.4558767931167,2479.778471398236
55.94314784826471,-3.1900953792615874,SE,55.94293571623035,-3.1898832472272316,2394.4558767931167,2478.528471398236
55.94293571623035,-3.1898832472272316,NW,55.94314784826471,-3.1900953792615874,2394.4558767931167,2477.278471398236
55.94314784826471,-3.1900953792615874,SE,55.94293571623035,-3.1898832472272316,2394.4558767931167,2476.028471398236
55.94293571623035,-3.1898832472272316,NW,55.94314784826471,-3.1900953792615874,2394.4558767931167,2474.778471398236
55.94314784826471,-3.1900953792615874,SE,55.94293571623035,-3.1898832472272316,2394.4558767931167,2473.528471398236
55.94293571623035,-3.1898832472272316,NW,55.94314784826471,-3.1900953792615874,2394.4558767931167,2472.278471398236
55.94314784826471,-3.1900953792615874,SE,55.94293571623035,-3.1898832472272316,2394.4558767931167,2471.028471398236
55.94293571623035,-3.1898832472272316,NW,55.94314784826471,-3.1900953792615874,2394.4558767931167,2469.778471398236
