55.944425,-3.188396,SSE,55.944147836140246,-3.1882811949702905,85.32576614058155,278.14425586012516
55.944147836140246,-3.1882811949702905,WSW,55.944033031110536,-3.188558358830044,187.01927074886493,357.1225654589174
55.944033031110536,-3.188558358830044,SW,55.94382089907618,-3.1887704908643997,302.2922312123293,406.90299068278216
55.94382089907618,-3.1887704908643997,SE,55.94360876704182,-3.188558358830044,302.2922312123293,405.65299068278216
55.94360876704182,-3.188558358830044,SSE,55.94333160318207,-3.1884435538003344,426.38058168949726,438.9883377000957
55.94333160318207,-3.1884435538003344,S,55.943031603182064,-3.1884435538003344,426.38058168949726,437.7383377000957
55.943031603182064,-3.1884435538003344,SSW,55.94275443932231,-3.188558358830044,532.7728317107662,517.2647850642296
55.94275443932231,-3.188558358830044,WSW,55.9426396342926,-3.1888355226897973,541.9532826297311,526.584358649416
55.9426396342926,-3.1888355226897973,WNW,55.94275443932231,-3.1891126865495507,554.9543431365464,640.5159330473657
55.94275443932231,-3.1891126865495507,WNW,55.94286924435202,-3.189389850409304,554.9543431365464,639.2659330473657
55.94286924435202,-3.189389850409304,WNW,55.94298404938173,-3.1896670142690575,572.5990901464902,725.4322397590109
55.94298404938173,-3.1896670142690575,N,55.94328404938173,-3.1896670142690575,572.5990901464902,724.1822397590109
55.94328404938173,-3.1896670142690575,NNW,55.94356121324149,-3.189781819298767,572.5990901464902,722.9322397590109
55.94356121324149,-3.189781819298767,N,55.94386121324149,-3.189781819298767,572.5990901464902,721.6822397590109
55.94386121324149,-3.189781819298767,NNW,55.94413837710125,-3.1898966243284765,576.3451344767332,784.6624671371234
55.94413837710125,-3.1898966243284765,W,55.94413837710125,-3.1901966243284767,618.8437370225074,802.7740176544764
55.94413837710125,-3.1901966243284767,W,55.94413837710125,-3.190496624328477,674.3507294398458,820.8997032387429
55.94413837710125,-3.190496624328477,SW,55.94392624506689,-3.1907087563628327,674.3507294398458,819.6497032387429
55.94392624506689,-3.1907087563628327,WSW,55.94381144003718,-3.190985920222586,678.353708129395,844.967087065354
55.94381144003718,-3.190985920222586,NNW,55.94408860389694,-3.1911007252522956,678.353708129395,843.717087065354
55.94408860389694,-3.1911007252522956,NE,55.94430073593129,-3.19088859321794,678.353708129395,842.467087065354
55.94430073593129,-3.19088859321794,NNW,55.94457789979105,-3.1910033982476493,678.353708129395,841.217087065354
55.94457789979105,-3.1910033982476493,W,55.94457789979105,-3.1913033982476495,776.4158143713801,850.7463313780183
55.94457789979105,-3.1913033982476495,NE,55.944790031825406,-3.1910912662132938,862.2375262704712,884.5580606527604
55.944790031825406,-3.1910912662132938,NNW,55.94506719568516,-3.1912060712430033,862.2375262704712,883.3080606527604
55.94506719568516,-3.1912060712430033,W,55.94506719568516,-3.1915060712430035,862.2375262704712,882.0580606527604
55.94506719568516,-3.1915060712430035,NNW,55.94534435954492,-3.191620876272713,862.2375262704712,880.8080606527604
55.94534435954492,-3.191620876272713,SE,55.94513222751056,-3.191408744238357,862.2375262704712,879.5580606527604
55.94513222751056,-3.191408744238357,NNW,55.94540939137032,-3.1915235492680667,862.2375262704712,878.3080606527604
55.94540939137032,-3.1915235492680667,S,55.945109391370316,-3.1915235492680667,862.2375262704712,877.0580606527604
55.945109391370316,-3.1915235492680667,SW,55.94489725933596,-3.1917356813024225,862.2375262704712,875.8080606527604
55.94489725933596,-3.1917356813024225,W,55.94489725933596,-3.1920356813024227,935.2953318427795,932.1592235146252
55.94489725933596,-3.1920356813024227,ESE,55.94478245430625,-3.1917585174426693,935.2953318427795,930.9092235146252
55.94478245430625,-3.1917585174426693,ESE,55.94466764927654,-3.191481353582916,935.2953318427795,929.6592235146252
55.94466764927654,-3.191481353582916,E,55.94466764927654,-3.1911813535829157,935.2953318427795,928.4092235146252
55.94466764927654,-3.1911813535829157,ENE,55.94478245430625,-3.1909041897231623,935.2953318427795,927.1592235146252
55.94478245430625,-3.1909041897231623,ENE,55.94489725933596,-3.190627025863409,935.2953318427795,925.9092235146252
55.94489725933596,-3.190627025863409,ENE,55.94501206436567,-3.1903498620036554,935.2953318427795,924.6592235146252
55.94501206436567,-3.1903498620036554,ENE,55.94512686939538,-3.190072698143902,935.2953318427795,923.4092235146252
55.94512686939538,-3.190072698143902,SSE,55.944849705535624,-3.1899578931141925,935.2953318427795,922.1592235146252
55.944849705535624,-3.1899578931141925,SW,55.94463757350127,-3.1901700251485483,935.2953318427795,920.9092235146252
55.94463757350127,-3.1901700251485483,ENE,55.94475237853098,-3.189892861288795,935.2953318427795,919.6592235146252
55.94475237853098,-3.189892861288795,ENE,55.94486718356069,-3.1896156974290415,935.2953318427795,918.4092235146252
55.94486718356069,-3.1896156974290415,NE,55.945079315595045,-3.1894035653946857,935.2953318427795,917.1592235146252
55.945079315595045,-3.1894035653946857,NNE,55.9453564794548,-3.189288760364976,1051.3761182385012,970.9034285466107
55.9453564794548,-3.189288760364976,ENE,55.94547128448451,-3.189011596505223,1102.1919320997647,1040.7100164312803
55.94547128448451,-3.189011596505223,S,55.94517128448451,-3.189011596505223,1187.489466743958,1092.1702238610335
55.94517128448451,-3.189011596505223,E,55.94517128448451,-3.1887115965052226,1215.1710830078923,1196.413657374287
55.94517128448451,-3.1887115965052226,ENE,55.94528608951422,-3.188434432645469,1292.0879515470967,1239.6187060787274
55.94528608951422,-3.188434432645469,N,55.94558608951422,-3.188434432645469,1362.4629943838381,1344.2780482165192
55.94558608951422,-3.188434432645469,NW,55.94579822154858,-3.188646564679825,1362.4629943838381,1343.0280482165192
55.94579822154858,-3.188646564679825,NNW,55.946075385408335,-3.1887613697095345,1377.3656719482474,1371.9401281907346
55.946075385408335,-3.1887613697095345,WNW,55.946190190438045,-3.189038533569288,1377.3656719482474,1370.6901281907346
55.946190190438045,-3.189038533569288,W,55.946190190438045,-3.189338533569288,1433.1759287958378,1452.2002441040233
55.946190190438045,-3.189338533569288,ESE,55.946075385408335,-3.1890613697095347,1433.1759287958378,1450.9502441040233
55.946075385408335,-3.1890613697095347,E,55.946075385408335,-3.1887613697095345,1433.1759287958378,1449.7002441040233
55.946075385408335,-3.1887613697095345,E,55.946075385408335,-3.1884613697095343,1433.1759287958378,1448.4502441040233
55.946075385408335,-3.1884613697095343,E,55.946075385408335,-3.188161369709534,1433.1759287958378,1447.2002441040233
55.946075385408335,-3.188161369709534,E,55.946075385408335,-3.187861369709534,1433.1759287958378,1445.9502441040233
55.946075385408335,-3.187861369709534,E,55.946075385408335,-3.1875613697095337,1433.1759287958378,1444.7002441040233
55.946075385408335,-3.1875613697095337,ENE,55.946190190438045,-3.1872842058497803,1497.2366606573705,1538.5196104211454
55.946190190438045,-3.1872842058497803,ESE,55.946075385408335,-3.187007041990027,1509.7652156931874,1599.1776746249745
55.946075385408335,-3.187007041990027,E,55.946075385408335,-3.1867070419900267,1509.7652156931874,1597.9276746249745
55.946075385408335,-3.1867070419900267,E,55.946075385408335,-3.1864070419900266,1509.7652156931874,1596.6776746249745
55.946075385408335,-3.1864070419900266,E,55.946075385408335,-3.1861070419900264,1539.9981516116418,1658.5004630443643
55.946075385408335,-3.1861070419900264,E,55.946075385408335,-3.185807041990026,1664.595058582801,1740.7221560842845
55.946075385408335,-3.185807041990026,SSW,55.94579822154858,-3.1859218470197357,1664.595058582801,1739.4721560842845
55.94579822154858,-3.1859218470197357,SSW,55.94552105768882,-3.186036652049445,1781.989649353553,1805.8561555668682
55.94552105768882,-3.186036652049445,ESE,55.94540625265911,-3.185759488189692,1781.989649353553,1804.6061555668682
55.94540625265911,-3.185759488189692,ESE,55.9452914476294,-3.1854823243299384,1781.989649353553,1803.3561555668682
55.9452914476294,-3.1854823243299384,SE,55.945079315595045,-3.1852701922955826,1871.0256509239766,1879.547016856129
55.945079315595045,-3.1852701922955826,ESE,55.944964510565335,-3.184993028435829,1871.0256509239766,1878.297016856129
55.944964510565335,-3.184993028435829,ESE,55.944849705535624,-3.184715864576076,1980.0651357083277,1978.8706581396568
55.944849705535624,-3.184715864576076,ENE,55.944964510565335,-3.1844387007163224,2060.1465272436044,2019.4739777304173
55.944964510565335,-3.1844387007163224,S,55.94466451056533,-3.1844387007163224,2060.1465272436044,2018.2239777304173
55.94466451056533,-3.1844387007163224,S,55.94436451056533,-3.1844387007163224,2060.1465272436044,2016.9739777304173
55.94436451056533,-3.1844387007163224,SSW,55.94408734670557,-3.184553505746032,2164.0928262059074,2051.6711651883843
55.94408734670557,-3.184553505746032,W,55.94408734670557,-3.184853505746032,2164.0928262059074,2050.4211651883843
55.94408734670557,-3.184853505746032,NW,55.94429947873993,-3.185065637780388,2164.0928262059074,2049.1711651883843
55.94429947873993,-3.185065637780388,SW,55.94408734670557,-3.1852777698147436,2182.894038759501,2129.8327428066673
55.94408734670557,-3.1852777698147436,SW,55.943875214671216,-3.1854899018490994,2238.5752314205383,2249.3066829810978
55.943875214671216,-3.1854899018490994,WNW,55.94399001970093,-3.185767065708853,2238.5752314205383,2248.0566829810978
55.94399001970093,-3.185767065708853,WSW,55.943875214671216,-3.1860442295686062,2238.5752314205383,2246.8066829810978
55.943875214671216,-3.1860442295686062,WSW,55.943760409641506,-3.1863213934283596,2238.5752314205383,2245.5566829810978
55.943760409641506,-3.1863213934283596,WSW,55.943645604611795,-3.186598557288113,2238.5752314205383,2244.3066829810978
55.943645604611795,-3.186598557288113,SW,55.94343347257744,-3.186810689322469,2335.6448272848634,2308.7300104386154
55.94343347257744,-3.186810689322469,SW,55.94322134054308,-3.1870228213568246,2404.483388176828,2365.272513189774
55.94322134054308,-3.1870228213568246,W,55.94322134054308,-3.1873228213568248,2404.483388176828,2364.022513189774
55.94322134054308,-3.1873228213568248,WNW,55.94333614557279,-3.187599985216578,2434.0525954255063,2378.7968782810544
55.94333614557279,-3.187599985216578,NNE,55.94361330943255,-3.1874851801868687,2434.0525954255063,2377.5468782810544
55.94361330943255,-3.1874851801868687,NNE,55.943890473292306,-3.187370375157159,2434.0525954255063,2376.2968782810544
55.943890473292306,-3.187370375157159,NNE,55.94416763715206,-3.1872555701274496,2434.0525954255063,2375.0468782810544
55.94416763715206,-3.1872555701274496,NNE,55.94444480101182,-3.18714076509774,2434.0525954255063,2373.7968782810544
55.94444480101182,-3.18714076509774,NE,55.944656933046176,-3.1869286330633844,2547.3556273514682,2473.820036488656
55.944656933046176,-3.1869286330633844,SW,55.94444480101182,-3.18714076509774,2547.3556273514682,2472.570036488656
55.94444480101182,-3.18714076509774,NE,55.944656933046176,-3.1869286330633844,2547.3556273514682,2471.320036488656
55.944656933046176,-3.1869286330633844,SW,55.94444480101182,-3.18714076509774,2547.3556273514682,2470.070036488656
55.94444480101182,-3.18714076509774,NE,55.944656933046176,-3.1869286330633844,2547.3556273514682,2468.820036488656
55.944656933046176,-3.1869286330633844,SW,55.94444480101182,-3.18714076509774,2547.3556273514682,2467.570036488656
55.94444480101182,-3.18714076509774,NE,55.944656933046176,-3.1869286330633844,2547.3556273514682,2466.320036488656
55.944656933046176,-3.1869286330633844,SW,55.94444480101182,-3.18714076509774,2547.3556273514682,2465.070036488656
55.94444480101182,-3.18714076509774,NE,55.944656933046176,-3.1869286330633844,2547.3556273514682,2463.820036488656
55.944656933046176,-3.1869286330633844,SW,55.94444480101182,-3.18714076509774,2547.3556273514682,2462.570036488656
55.94444480101182,-3.18714076509774,NE,55.944656933046176,-3.1869286330633844,2547.3556273514682,2461.320036488656
55.944656933046176,-3.1869286330633844,SW,55.94444480101182,-3.18714076509774,2547.3556273514682,2460.070036488656
55.94444480101182,-3.18714076509774,NE,55.944656933046176,-3.1869286330633844,2547.3556273514682,2458.820036488656
55.944656933046176,-3.1869286330633844,SW,55.94444480101182,-3.18714076509774,2547.3556273514682,2457.570036488656
55.94444480101182,-3.18714076509774,NE,55.944656933046176,-3.1869286330633844,2547.3556273514682,2456.320036488656
55.944656933046176,-3.1869286330633844,SW,55.94444480101182,-3.18714076509774,2547.3556273514682,2455.070036488656
55.94444480101182,-3.18714076509774,NE,55.944656933046176,-3.1869286330633844,2547.3556273514682,2453.820036488656
55.944656933046176,-3.1869286330633844,SW,55.94444480101182,-3.18714076509774,2547.3556273514682,2452.570036488656
55.94444480101182,-3.18714076509774,NE,55.944656933046176,-3.1869286330633844,2547.3556273514682,2451.320036488656
55.944656933046176,-3.1869286330633844,SW,55.94444480101182,-3.18714076509774,2547.3556273514682,2450.070036488656
55.94444480101182,-3.18714076509774,NE,55.944656933046176,-3.1869286330633844,2547.3556273514682,2448.820036488656
55.944656933046176,-3.1869286330633844,SW,55.94444480101182,-3.18714076509774,2547.3556273514682,2447.570036488656
55.94444480101182,-3.18714076509774,NE,55.944656933046176,-3.1869286330633844,2547.3556273514682,2446.320036488656
55.944656933046176,-3.1869286330633844,SW,55.94444480101182,-3.18714076509774,2547.3556273514682,2445.070036488656
55.94444480101182,-3.18714076509774,NE,55.944656933046176,-3.1869286330633844,2547.3556273514682,2443.820036488656
55.944656933046176,-3.1869286330633844,SW,55.94444480101182,-3.18714076509774,2547.3556273514682,2442.570036488656
55.94444480101182,-3.18714076509774,NE,55.944656933046176,-3.1869286330633844,2547.3556273514682,2441.320036488656
55.944656933046176,-3.1869286330633844,SW,55.94444480101182,-3.18714076509774,2547.3556273514682,2440.070036488656
55.94444480101182,-3.18714076509774,NE,55.944656933046176,-3.1869286330633844,2547.3556273514682,2438.820036488656
55.944656933046176,-3.1869286330633844,SW,55.94444480101182,-3.18714076509774,2547.3556273514682,2437.570036488656
55.94444480101182,-3.18714076509774,NE,55.944656933046176,-3.1869286330633844,2547.3556273514682,2436.320036488656
55.944656933046176,-3.1869286330633844,SW,55.94444480101182,-3.18714076509774,2547.3556273514682,2435.070036488656
55.94444480101182,-3.18714076509774,NE,55.944656933046176,-3.1869286330633844,2547.3556273514682,2433.820036488656
55.944656933046176,-3.1869286330633844,SW,55.94444480101182,-3.18714076509774,2547.3556273514682,2432.570036488656
55.94444480101182,-3.18714076509774,NE,55.944656933046176,-3.1869286330633844,2547.3556273514682,2431.320036488656
55.944656933046176,-3.1869286330633844,SW,55.94444480101182,-3.18714076509774,2547.3556273514682,2430.070036488656
55.94444480101182,-3.18714076509774,NE,55.944656933046176,-3.1869286330633844,2547.3556273514682,2428.820036488656
55.944656933046176,-3.1869286330633844,SW,55.94444480101182,-3.18714076509774,2547.3556273514682,2427.570036488656
55.94444480101182,-3.18714076509774,NE,55.944656933046176,-3.1869286330633844,2547.3556273514682,2426.320036488656
55.944656933046176,-3.1869286330633844,SW,55.94444480101182,-3.18714076509774,2547.3556273514682,2425.070036488656
55.94444480101182,-3.18714076509774,NE,55.944656933046176,-3.1869286330633844,2547.3556273514682,2423.820036488656
55.944656933046176,-3.1869286330633844,SW,55.94444480101182,-3.18714076509774,2547.3556273514682,2422.570036488656
55.94444480101182,-3.18714076509774,NE,55.944656933046176,-3.1869286330633844,2547.3556273514682,2421.320036488656
55.944656933046176,-3.1869286330633844,SW,55.94444480101182,-3.18714076509774,2547.3556273514682,2420.070036488656
55.94444480101182,-3.18714076509774,NE,55.944656933046176,-3.1869286330633844,2547.3556273514682,2418.820036488656
55.944656933046176,-3.1869286330633844,SW,55.94444480101182,-3.18714076509774,2547.3556273514682,2417.570036488656
55.94444480101182,-3.18714076509774,NE,55.944656933046176,-3.1869286330633844,2547.3556273514682,2416.320036488656
55.944656933046176,-3.1869286330633844,SW,55.94444480101182,-3.18714076509774,2547.3556273514682,2415.070036488656
55.94444480101182,-3.18714076509774,NE,55.944656933046176,-3.1869286330633844,2547.3556273514682,2413.820036488656
55.944656933046176,-3.1869286330633844,SW,55.94444480101182,-3.18714076509774,2547.3556273514682,2412.570036488656
55.94444480101182,-3.18714076509774,NE,55.944656933046176,-3.1869286330633844,2547.3556273514682,2411.320036488656
55.944656933046176,-3.1869286330633844,SW,55.94444480101182,-3.18714076509774,2547.3556273514682,2410.070036488656
55.94444480101182,-3.18714076509774,NE,55.944656933046176,-3.1869286330633844,2547.3556273514682,2408.820036488656
55.944656933046176,-3.1869286330633844,SW,55.94444480101182,-3.18714076509774,2547.3556273514682,2407.570036488656
55.94444480101182,-3.18714076509774,NE,55.944656933046176,-3.1869286330633844,2547.3556273514682,2406.320036488656
55.944656933046176,-3.1869286330633844,SW,55.94444480101182,-3.18714076509774,2547.3556273514682,2405.070036488656
55.94444480101182,-3.18714076509774,NE,55.944656933046176,-3.1869286330633844,2547.3556273514682,2403.820036488656
55.944656933046176,-3.1869286330633844,SW,55.94444480101182,-3.18714076509774,2547.3556273514682,2402.570036488656
55.94444480101182,-3.18714076509774,NE,55.944656933046176,-3.1869286330633844,2547.3556273514682,2401.320036488656
55.944656933046176,-3.1869286330633844,SW,55.94444480101182,-3.18714076509774,2547.3556273514682,2400.070036488656
55.94444480101182,-3.18714076509774,NE,55.944656933046176,-3.1869286330633844,2547.3556273514682,2398.820036488656
55.944656933046176,-3.1869286330633844,SW,55.94444480101182,-3.18714076509774,2547.3556273514682,2397.570036488656
55.94444480101182,-3.18714076509774,NE,55.944656933046176,-3.1869286330633844,2547.3556273514682,2396.320036488656
55.944656933046176,-3.1869286330633844,SW,55.94444480101182,-3.18714076509774,2547.3556273514682,2395.070036488656
55.94444480101182,-3.18714076509774,NE,55.944656933046176,-3.1869286330633844,2547.3556273514682,2393.820036488656
55.944656933046176,-3.1869286330633844,SW,55.94444480101182,-3.18714076509774,2547.3556273514682,2392.570036488656
55.94444480101182,-3.18714076509774,NE,55.944656933046176,-3.1869286330633844,2547.3556273514682,2391.320036488656
55.944656933046176,-3.1869286330633844,SW,55.94444480101182,-3.18714076509774,2547.3556273514682,2390.070036488656
55.94444480101182,-3.18714076509774,NE,55.944656933046176,-3.1869286330633844,2547.3556273514682,2388.820036488656
55.944656933046176,-3.1869286330633844,SW,55.94444480101182,-3.18714076509774,2547.3556273514682,2387.570036488656
55.94444480101182,-3.18714076509774,NE,55.944656933046176,-3.1869286330633844,2547.3556273514682,2386.320036488656
55.944656933046176,-3.1869286330633844,SW,55.94444480101182,-3.18714076509774,2547.3556273514682,2385.070036488656
55.94444480101182,-3.18714076509774,NE,55.944656933046176,-3.1869286330633844,2547.3556273514682,2383.820036488656
55.944656933046176,-3.1869286330633844,SW,55.94444480101182,-3.18714076509774,2547.3556273514682,2382.570036488656
55.94444480101182,-3.18714076509774,NE,55.944656933046176,-3.1869286330633844,2547.3556273514682,2381.320036488656
55.944656933046176,-3.1869286330633844,SW,55.94444480101182,-3.18714076509774,2547.3556273514682,2380.070036488656
55.94444480101182,-3.18714076509774,NE,55.944656933046176,-3.1869286330633844,2547.3556273514682,2378.820036488656
55.944656933046176,-3.1869286330633844,SW,55.94444480101182,-3.18714076509774,2547.3556273514682,2377.570036488656
55.94444480101182,-3.18714076509774,NE,55.944656933046176,-3.1869286330633844,2547.3556273514682,2376.320036488656
55.944656933046176,-3.1869286330633844,SW,55.94444480101182,-3.18714076509774,2547.3556273514682,2375.070036488656
55.94444480101182,-3.18714076509774,NE,55.944656933046176,-3.1869286330633844,2547.3556273514682,2373.820036488656
55.944656933046176,-3.1869286330633844,SW,55.94444480101182,-3.18714076509774,2547.3556273514682,2372.570036488656
55.94444480101182,-3.18714076509774,NE,55.944656933046176,-3.1869286330633844,2547.3556273514682,2371.320036488656
55.944656933046176,-3.1869286330633844,SW,55.94444480101182,-3.18714076509774,2547.3556273514682,2370.070036488656
55.94444480101182,-3.18714076509774,NE,55.944656933046176,-3.1869286330633844,2547.3556273514682,2368.820036488656
55.944656933046176,-3.1869286330633844,SW,55.94444480101182,-3.18714076509774,2547.3556273514682,2367.570036488656
55.94444480101182,-3.18714076509774,NE,55.944656933046176,-3.1869286330633844,2547.3556273514682,2366.320036488656
55.944656933046176,-3.1869286330633844,SW,55.94444480101182,-3.18714076509774,2547.3556273514682,2365.070036488656
55.94444480101182,-3.18714076509774,NE,55.944656933046176,-3.1869286330633844,2547.3556273514682,2363.820036488656
55.944656933046176,-3.1869286330633844,SW,55.94444480101182,-3.18714076509774,2547.3556273514682,2362.570036488656
55.94444480101182,-3.18714076509774,NE,55.944656933046176,-3.1869286330633844,2547.3556273514682,2361.320036488656
55.944656933046176,-3.1869286330633844,SW,55.94444480101182,-3.18714076509774,2547.3556273514682,2360.070036488656
55.94444480101182,-3.18714076509774,NE,55.944656933046176,-3.1869286330633844,2547.3556273514682,2358.820036488656
55.944656933046176,-3.1869286330633844,SW,55.94444480101182,-3.18714076509774,2547.3556273514682,2357.570036488656
55.94444480101182,-3.18714076509774,NE,55.944656933046176,-3.1869286330633844,2547.3556273514682,2356.320036488656
55.944656933046176,-3.1869286330633844,SW,55.94444480101182,-3.18714076509774,2547.3556273514682,2355.070036488656
55.94444480101182,-3.18714076509774,NE,55.944656933046176,-3.1869286330633844,2547.3556273514682,2353.820036488656
55.944656933046176,-3.1869286330633844,SW,55.94444480101182,-3.18714076509774,2547.3556273514682,2352.570036488656
55.94444480101182,-3.18714076509774,NE,55.944656933046176,-3.1869286330633844,2547.3556273514682,2351.320036488656
55.944656933046176,-3.1869286330633844,SW,55.94444480101182,-3.18714076509774,2547.3556273514682,2350.070036488656
55.94444480101182,-3.18714076509774,NE,55.944656933046176,-3.1869286330633844,2547.3556273514682,2348.820036488656
55.944656933046176,-3.1869286330633844,SW,55.94444480101182,-3.18714076509774,2547.3556273514682,2347.570036488656
55.94444480101182,-3.18714076509774,NE,55.944656933046176,-3.1869286330633844,2547.3556273514682,2346.320036488656
55.944656933046176,-3.1869286330633844,SW,55.94444480101182,-3.18714076509774,2547.3556273514682,2345.070036488656
55.94444480101182,-3.18714076509774,NE,55.944656933046176,-3.1869286330633844,2547.3556273514682,2343.820036488656
55.944656933046176,-3.1869286330633844,SW,55.94444480101182,-3.18714076509774,2547.3556273514682,2342.570036488656
55.94444480101182,-3.18714076509774,NE,55.944656933046176,-3.1869286330633844,2547.3556273514682,2341.320036488656
55.944656933046176,-3.1869286330633844,SW,55.94444480101182,-3.18714076509774,2547.3556273514682,2340.070036488656
55.94444480101182,-3.18714076509774,NE,55.944656933046176,-3.1869286330633844,2547.3556273514682,2338.820036488656
55.944656933046176,-3.1869286330633844,SW,55.94444480101182,-3.18714076509774,2547.3556273514682,2337.570036488656
55.94444480101182,-3.18714076509774,NE,55.944656933046176,-3.1869286330633844,2547.3556273514682,2336.320036488656
55.944656933046176,-3.1869286330633844,SW,55.94444480101182,-3.18714076509774,2547.3556273514682,2335.070036488656
55.94444480101182,-3.18714076509774,NE,55.944656933046176,-3.1869286330633844,2547.3556273514682,2333.820036488656
55.944656933046176,-3.1869286330633844,SW,55.94444480101182,-3.18714076509774,2547.3556273514682,2332.570036488656
55.94444480101182,-3.18714076509774,NE,55.944656933046176,-3.1869286330633844,2547.3556273514682,2331.320036488656
55.944656933046176,-3.1869286330633844,SW,55.94444480101182,-3.18714076509774,2547.3556273514682,2330.070036488656
55.94444480101182,-3.18714076509774,NE,55.944656933046176,-3.1869286330633844,2547.3556273514682,2328.820036488656
55.944656933046176,-3.1869286330633844,SW,55.94444480101182,-3.18714076509774,2547.3556273514682,2327.570036488656
55.94444480101182,-3.18714076509774,NE,55.944656933046176,-3.1869286330633844,2547.3556273514682,2326.320036488656
55.944656933046176,-3.1869286330633844,SW,55.94444480101182,-3.18714076509774,2547.3556273514682,2325.070036488656
55.94444480101182,-3.18714076509774,NE,55.944656933046176,-3.1869286330633844,2547.3556273514682,2323.820036488656
55.944656933046176,-3.1869286330633844,SW,55.94444480101182,-3.18714076509774,2547.3556273514682,2322.570036488656
55.94444480101182,-3.18714076509774,NE,55.944656933046176,-3.1869286330633844,2547.3556273514682,2321.320036488656
55.944656933046176,-3.1869286330633844,SW,55.94444480101182,-3.18714076509774,2547.3556273514682,2320.070036488656
55.94444480101182,-3.18714076509774,NE,55.944656933046176,-3.1869286330633844,2547.3556273514682,2318.820036488656
55.944656933046176,-3.1869286330633844,SW,55.94444480101182,-3.18714076509774,2547.3556273514682,2317.570036488656
55.94444480101182,-3.18714076509774,NE,55.944656933046176,-3.1869286330633844,2547.3556273514682,2316.320036488656
55.944656933046176,-3.1869286330633844,SW,55.94444480101182,-3.18714076509774,2547.3556273514682,2315.070036488656
55.94444480101182,-3.18714076509774,NE,55.944656933046176,-3.1869286330633844,2547.3556273514682,2313.820036488656
55.944656933046176,-3.1869286330633844,SW,55.94444480101182,-3.18714076509774,2547.3556273514682,2312.570036488656
55.94444480101182,-3.18714076509774,NE,55.944656933046176,-3.1869286330633844,2547.3556273514682,2311.320036488656
55.944656933046176,-3.1869286330633844,SW,55.94444480101182,-3.18714076509774,2547.3556273514682,2310.070036488656
55.94444480101182,-3.18714076509774,NE,55.944656933046176,-3.1869286330633844,2547.3556273514682,2308.820036488656
55.944656933046176,-3.1869286330633844,SW,55.94444480101182,-3.18714076509774,2547.3556273514682,2307.570036488656
55.94444480101182,-3.18714076509774,NE,55.944656933046176,-3.1869286330633844,2547.3556273514682,2306.320036488656
55.944656933046176,-3.1869286330633844,SW,55.94444480101182,-3.18714076509774,2547.3556273514682,2305.070036488656
55.94444480101182,-3.18714076509774,NE,55.944656933046176,-3.1869286330633844,2547.3556273514682,2303.820036488656
55.944656933046176,-3.1869286330633844,SW,55.94444480101182,-3.18714076509774,2547.3556273514682,2302.570036488656
55.94444480101182,-3.18714076509774,NE,55.944656933046176,-3.1869286330633844,2547.3556273514682,2301.320036488656
55.944656933046176,-3.1869286330633844,SW,55.94444480101182,-3.18714076509774,2547.3556273514682,2300.070036488656
55.94444480101182,-3.18714076509774,NE,55.944656933046176,-3.1869286330633844,2547.3556273514682,2298.820036488656
55.944656933046176,-3.1869286330633844,SW,55.94444480101182,-3.18714076509774,2547.3556273514682,2297.570036488656
55.94444480101182,-3.18714076509774,NE,55.944656933046176,-3.1869286330633844,2547.3556273514682,2296.320036488656
55.944656933046176,-3.1869286330633844,SW,55.94444480101182,-3.18714076509774,2547.3556273514682,2295.070036488656
55.94444480101182,-3.18714076509774,NE,55.944656933046176,-3.1869286330633844,2547.3556273514682,2293.820036488656
55.944656933046176,-3.1869286330633844,SW,55.94444480101182,-3.18714076509774,2547.3556273514682,2292.570036488656
55.94444480101182,-3.18714076509774,NE,55.944656933046176,-3.1869286330633844,2547.3556273514682,2291.320036488656
55.944656933046176,-3.1869286330633844,SW,55.94444480101182,-3.18714076509774,2547.3556273514682,2290.070036488656
55.94444480101182,-3.18714076509774,NE,55.944656933046176,-3.1869286330633844,2547.3556273514682,2288.820036488656
55.944656933046176,-3.1869286330633844,SW,55.94444480101182,-3.18714076509774,2547.3556273514682,2287.570036488656
55.94444480101182,-3.18714076509774,NE,55.944656933046176,-3.1869286330633844,2547.3556273514682,2286.320036488656
55.944656933046176,-3.1869286330633844,SW,55.94444480101182,-3.18714076509774,2547.3556273514682,2285.070036488656
55.94444480101182,-3.18714076509774,NE,55.944656933046176,-3.1869286330633844,2547.3556273514682,2283.820036488656
55.944656933046176,-3.1869286330633844,SW,55.94444480101182,-3.18714076509774,2547.3556273514682,2282.570036488656
55.94444480101182,-3.18714076509774,NE,55.944656933046176,-3.1869286330633844,2547.3556273514682,2281.320036488656
55.944656933046176,-3.1869286330633844,SW,55.94444480101182,-3.18714076509774,2547.3556273514682,2280.070036488656
55.94444480101182,-3.18714076509774,NE,55.944656933046176,-3.1869286330633844,2547.3556273514682,2278.820036488656
