55.944425,-3.188396,NNW,55.94470216385976,-3.1885108050297095,52.69456257553304,366.69715584442605
55.94470216385976,-3.1885108050297095,ENE,55.94481696888947,-3.188233641169956,121.84136363201141,388.82503212116217
55.94481696888947,-3.188233641169956,SW,55.94460483685511,-3.188445773204312,121.84136363201141,387.57503212116217
55.94460483685511,-3.188445773204312,SW,55.94439270482076,-3.1886579052386677,121.84136363201141,386.32503212116217
55.94439270482076,-3.1886579052386677,WSW,55.94427789979105,-3.188935069098421,165.23050272670866,412.43693981006476
55.94427789979105,-3.188935069098421,S,55.943977899791044,-3.188935069098421,165.23050272670866,411.18693981006476
55.943977899791044,-3.188935069098421,S,55.94367789979104,-3.188935069098421,165.23050272670866,409.93693981006476
55.94367789979104,-3.188935069098421,SSE,55.943400735931284,-3.1888202640687116,232.29550117285896,455.44129967838285
55.943400735931284,-3.1888202640687116,WSW,55.943285930901574,-3.189097427928465,232.29550117285896,454.19129967838285
55.943285930901574,-3.189097427928465,SW,55.94307379886722,-3.1893095599628207,265.9731099782055,468.92534138350726
55.94307379886722,-3.1893095599628207,W,55.94307379886722,-3.189609559962821,265.9731099782055,467.67534138350726
55.94307379886722,-3.189609559962821,W,55.94307379886722,-3.189909559962821,265.9731099782055,466.42534138350726
55.94307379886722,-3.189909559962821,W,55.94307379886722,-3.1902095599628213,265.9731099782055,465.17534138350726
55.94307379886722,-3.1902095599628213,W,55.94307379886722,-3.1905095599628215,265.9731099782055,463.92534138350726
55.94307379886722,-3.1905095599628215,W,55.94307379886722,-3.1908095599628217,359.1546772108145,585.0074215164489
55.94307379886722,-3.1908095599628217,NNW,55.943350962726974,-3.190924364992531,359.1546772108145,583.7574215164489
55.943350962726974,-3.190924364992531,NNW,55.94362812658673,-3.1910391700222407,359.1546772108145,582.5074215164489
55.94362812658673,-3.1910391700222407,NNW,55.94390529044649,-3.19115397505195,359.1546772108145,581.2574215164489
55.94390529044649,-3.19115397505195,NNW,55.944182454306244,-3.1912687800816597,359.1546772108145,580.0074215164489
55.944182454306244,-3.1912687800816597,N,55.94448245430625,-3.1912687800816597,433.81191640602964,653.0931683212779
55.94448245430625,-3.1912687800816597,NW,55.9446945863406,-3.1914809121160155,507.5983551933423,664.6039400147422
55.9446945863406,-3.1914809121160155,E,55.9446945863406,-3.1911809121160153,507.5983551933423,663.3539400147422
55.9446945863406,-3.1911809121160153,E,55.9446945863406,-3.190880912116015,507.5983551933423,662.1039400147422
55.9446945863406,-3.190880912116015,ESE,55.94457978131089,-3.1906037482562617,601.059175842437,717.0704723697655
55.94457978131089,-3.1906037482562617,N,55.944879781310895,-3.1906037482562617,601.059175842437,715.8204723697655
55.944879781310895,-3.1906037482562617,N,55.9451797813109,-3.1906037482562617,601.059175842437,714.5704723697655
55.9451797813109,-3.1906037482562617,N,55.9454797813109,-3.1906037482562617,601.059175842437,713.3204723697655
55.9454797813109,-3.1906037482562617,N,55.945779781310904,-3.1906037482562617,702.6605810347492,733.8286666684922
55.945779781310904,-3.1906037482562617,NNW,55.94605694517066,-3.190718553285971,816.0442793198014,817.0010674260583
55.94605694517066,-3.190718553285971,W,55.94605694517066,-3.1910185532859714,816.0442793198014,815.7510674260583
55.94605694517066,-3.1910185532859714,W,55.94605694517066,-3.1913185532859716,816.0442793198014,814.5010674260583
55.94605694517066,-3.1913185532859716,WNW,55.94617175020037,-3.191595717145725,872.7732363284573,936.8580857532291
55.94617175020037,-3.191595717145725,SSW,55.945894586340614,-3.1917105221754345,872.7732363284573,935.6080857532291
55.945894586340614,-3.1917105221754345,SSW,55.94561742248086,-3.191825327205144,872.7732363284573,934.3580857532291
55.94561742248086,-3.191825327205144,SSW,55.9453402586211,-3.1919401322348535,872.7732363284573,933.1080857532291
55.9453402586211,-3.1919401322348535,SSW,55.945063094761345,-3.192054937264563,872.7732363284573,931.8580857532291
55.945063094761345,-3.192054937264563,SSW,55.94478593090159,-3.1921697422942725,872.7732363284573,930.6080857532291
55.94478593090159,-3.1921697422942725,S,55.944485930901585,-3.1921697422942725,872.7732363284573,929.3580857532291
55.944485930901585,-3.1921697422942725,SSW,55.94420876704183,-3.192284547323982,981.8733163023173,1051.9168247633033
55.94420876704183,-3.192284547323982,ENE,55.94432357207154,-3.1920073834642286,981.8733163023173,1050.6668247633033
55.94432357207154,-3.1920073834642286,ENE,55.94443837710125,-3.1917302196044752,981.8733163023173,1049.4168247633033
55.94443837710125,-3.1917302196044752,ENE,55.94455318213096,-3.191453055744722,981.8733163023173,1048.1668247633033
55.94455318213096,-3.191453055744722,ENE,55.94466798716067,-3.1911758918849684,981.8733163023173,1046.9168247633033
55.94466798716067,-3.1911758918849684,ENE,55.94478279219038,-3.190898728025215,981.8733163023173,1045.6668247633033
55.94478279219038,-3.190898728025215,ENE,55.94489759722009,-3.1906215641654616,981.8733163023173,1044.4168247633033
55.94489759722009,-3.1906215641654616,ENE,55.9450124022498,-3.190344400305708,981.8733163023173,1043.1668247633033
55.9450124022498,-3.190344400305708,ENE,55.94512720727951,-3.190067236445955,981.8733163023173,1041.9168247633033
55.94512720727951,-3.190067236445955,SW,55.944915075245156,-3.1902793684803106,981.8733163023173,1040.6668247633033
55.944915075245156,-3.1902793684803106,ENE,55.945029880274866,-3.190002204620557,981.8733163023173,1039.4168247633033
55.945029880274866,-3.190002204620557,ENE,55.94514468530458,-3.1897250407608038,981.8733163023173,1038.1668247633033
55.94514468530458,-3.1897250407608038,ENE,55.94525949033429,-3.1894478769010504,981.8733163023173,1036.9168247633033
55.94525949033429,-3.1894478769010504,ENE,55.945374295364,-3.189170713041297,981.8733163023173,1035.6668247633033
55.945374295364,-3.189170713041297,ENE,55.94548910039371,-3.1888935491815436,981.8733163023173,1034.4168247633033
55.94548910039371,-3.1888935491815436,ENE,55.94560390542342,-3.18861638532179,981.8733163023173,1033.1668247633033
55.94560390542342,-3.18861638532179,N,55.94590390542342,-3.18861638532179,981.8733163023173,1031.9168247633033
55.94590390542342,-3.18861638532179,SSE,55.945626741563665,-3.1885015802920806,981.8733163023173,1030.6668247633033
55.945626741563665,-3.1885015802920806,SW,55.94541460952931,-3.1887137123264364,981.8733163023173,1029.4168247633033
55.94541460952931,-3.1887137123264364,SSE,55.94513744566955,-3.188598907296727,981.8733163023173,1028.1668247633033
55.94513744566955,-3.188598907296727,ESE,55.94502264063984,-3.1883217434369735,981.8733163023173,1026.9168247633033
55.94502264063984,-3.1883217434369735,NE,55.9452347726742,-3.1881096114026177,981.8733163023173,1025.6668247633033
55.9452347726742,-3.1881096114026177,NE,55.945446904708554,-3.187897479368262,981.8733163023173,1024.4168247633033
55.945446904708554,-3.187897479368262,NNE,55.94572406856831,-3.1877826743385524,1000.1720766022299,1054.0194374563105
55.94572406856831,-3.1877826743385524,ENE,55.94583887359802,-3.187505510478799,1068.101376417959,1145.8053999799797
55.94583887359802,-3.187505510478799,SSE,55.945561709738264,-3.1873907054490895,1068.101376417959,1144.5553999799797
55.945561709738264,-3.1873907054490895,SE,55.94534957770391,-3.1871785734147338,1144.4516333231454,1260.6925678514524
55.94534957770391,-3.1871785734147338,ENE,55.94546438273362,-3.1869014095549804,1144.4516333231454,1259.4425678514524
55.94546438273362,-3.1869014095549804,ENE,55.94557918776333,-3.186624245695227,1144.4516333231454,1258.1925678514524
55.94557918776333,-3.186624245695227,E,55.94557918776333,-3.1863242456952268,1144.4516333231454,1256.9425678514524
55.94557918776333,-3.1863242456952268,ENE,55.94569399279304,-3.1860470818354734,1250.9046303626953,1266.3856848422822
55.94569399279304,-3.1860470818354734,SE,55.94548186075868,-3.1858349498011176,1250.9046303626953,1265.1356848422822
55.94548186075868,-3.1858349498011176,E,55.94548186075868,-3.1855349498011174,1250.9046303626953,1263.8856848422822
55.94548186075868,-3.1855349498011174,NE,55.94569399279304,-3.1853228177667616,1250.9046303626953,1262.6356848422822
55.94569399279304,-3.1853228177667616,N,55.94599399279304,-3.1853228177667616,1250.9046303626953,1261.3856848422822
55.94599399279304,-3.1853228177667616,E,55.94599399279304,-3.1850228177667614,1257.2331814091647,1280.2628106203808
55.94599399279304,-3.1850228177667614,WNW,55.94610879782275,-3.185299981626515,1257.2331814091647,1279.0128106203808
55.94610879782275,-3.185299981626515,SSW,55.945831633962996,-3.1854147866562244,1257.2331814091647,1277.7628106203808
55.945831633962996,-3.1854147866562244,S,55.94553163396299,-3.1854147866562244,1257.2331814091647,1276.5128106203808
55.94553163396299,-3.1854147866562244,SSE,55.94525447010324,-3.185299981626515,1257.2331814091647,1275.2628106203808
55.94525447010324,-3.185299981626515,S,55.944954470103234,-3.185299981626515,1257.2331814091647,1274.0128106203808
55.944954470103234,-3.185299981626515,SSE,55.94467730624348,-3.1851851765968053,1373.8446942890293,1368.5191271167434
55.94467730624348,-3.1851851765968053,SW,55.94446517420912,-3.185397308631161,1373.8446942890293,1367.2691271167434
55.94446517420912,-3.185397308631161,SW,55.944253042174765,-3.185609440665517,1373.8446942890293,1366.0191271167434
55.944253042174765,-3.185609440665517,WSW,55.944138237145054,-3.1858866045252703,1389.2705277850343,1416.8605832072774
55.944138237145054,-3.1858866045252703,SSW,55.9438610732853,-3.18600140955498,1480.2223894034717,1440.8971567868223
55.9438610732853,-3.18600140955498,ESE,55.94374626825559,-3.1857242456952264,1480.2223894034717,1439.6471567868223
55.94374626825559,-3.1857242456952264,ENE,55.9438610732853,-3.185447081835473,1480.2223894034717,1438.3971567868223
55.9438610732853,-3.185447081835473,SSW,55.94358390942554,-3.1855618868651825,1480.2223894034717,1437.1471567868223
55.94358390942554,-3.1855618868651825,SE,55.943371777391185,-3.1853497548308267,1480.2223894034717,1435.8971567868223
55.943371777391185,-3.1853497548308267,ENE,55.943486582420896,-3.1850725909710733,1591.4118251573343,1537.7558352749872
55.943486582420896,-3.1850725909710733,ESE,55.943371777391185,-3.18479542711132,1603.8777734042274,1618.487322677116
55.943371777391185,-3.18479542711132,SW,55.94315964535683,-3.1850075591456757,1683.523006156392,1677.5551852838566
55.94315964535683,-3.1850075591456757,SE,55.94294751332247,-3.18479542711132,1683.523006156392,1676.3051852838566
55.94294751332247,-3.18479542711132,SE,55.94273538128812,-3.184583295076964,1804.6620275649882,1709.300490945601
55.94273538128812,-3.184583295076964,W,55.94273538128812,-3.1848832950769643,1804.6620275649882,1708.050490945601
55.94273538128812,-3.1848832950769643,W,55.94273538128812,-3.1851832950769645,1804.6620275649882,1706.800490945601
55.94273538128812,-3.1851832950769645,WSW,55.942620576258406,-3.185460458936718,1920.6814440174217,1815.2903437419309
55.942620576258406,-3.185460458936718,ENE,55.94273538128812,-3.1851832950769645,1920.6814440174217,1814.0403437419309
55.94273538128812,-3.1851832950769645,WSW,55.942620576258406,-3.185460458936718,1920.6814440174217,1812.7903437419309
55.942620576258406,-3.185460458936718,ENE,55.94273538128812,-3.1851832950769645,1920.6814440174217,1811.5403437419309
55.94273538128812,-3.1851832950769645,WSW,55.942620576258406,-3.185460458936718,1920.6814440174217,1810.2903437419309
55.942620576258406,-3.185460458936718,ENE,55.94273538128812,-3.1851832950769645,1920.6814440174217,1809.0403437419309
55.94273538128812,-3.1851832950769645,WSW,55.942620576258406,-3.185460458936718,1920.6814440174217,1807.7903437419309
55.942620576258406,-3.185460458936718,ENE,55.94273538128812,-3.1851832950769645,1920.6814440174217,1806.5403437419309
55.94273538128812,-3.1851832950769645,WSW,55.942620576258406,-3.185460458936718,1920.6814440174217,1805.2903437419309
55.942620576258406,-3.185460458936718,ENE,55.94273538128812,-3.1851832950769645,1920.6814440174217,1804.0403437419309
55.94273538128812,-3.1851832950769645,WSW,55.942620576258406,-3.185460458936718,1920.6814440174217,1802.7903437419309
55.942620576258406,-3.185460458936718,ENE,55.94273538128812,-3.1851832950769645,1920.6814440174217,1801.5403437419309
55.94273538128812,-3.1851832950769645,WSW,55.942620576258406,-3.185460458936718,1920.6814440174217,1800.2903437419309
55.942620576258406,-3.185460458936718,ENE,55.94273538128812,-3.1851832950769645,1920.6814440174217,1799.0403437419309
55.94273538128812,-3.1851832950769645,WSW,55.942620576258406,-3.185460458936718,1920.6814440174217,1797.7903437419309
55.942620576258406,-3.185460458936718,ENE,55.94273538128812,-3.1851832950769645,1920.6814440174217,1796.5403437419309
55.94273538128812,-3.1851832950769645,WSW,55.942620576258406,-3.185460458936718,1920.6814440174217,1795.2903437419309
55.942620576258406,-3.185460458936718,ENE,55.94273538128812,-3.1851832950769645,1920.6814440174217,1794.0403437419309
55.94273538128812,-3.1851832950769645,WSW,55.942620576258406,-3.185460458936718,1920.6814440174217,1792.7903437419309
55.942620576258406,-3.185460458936718,ENE,55.94273538128812,-3.1851832950769645,1920.6814440174217,1791.5403437419309
55.94273538128812,-3.1851832950769645,WSW,55.942620576258406,-3.185460458936718,1920.6814440174217,1790.2903437419309
55.942620576258406,-3.185460458936718,ENE,55.94273538128812,-3.1851832950769645,1920.6814440174217,1789.0403437419309
55.94273538128812,-3.1851832950769645,WSW,55.942620576258406,-3.185460458936718,1920.6814440174217,1787.7903437419309
55.942620576258406,-3.185460458936718,ENE,55.94273538128812,-3.1851832950769645,1920.6814440174217,1786.5403437419309
55.94273538128812,-3.1851832950769645,WSW,55.942620576258406,-3.185460458936718,1920.6814440174217,1785.2903437419309
55.942620576258406,-3.185460458936718,ENE,55.94273538128812,-3.1851832950769645,1920.6814440174217,1784.0403437419309
55.94273538128812,-3.1851832950769645,WSW,55.942620576258406,-3.185460458936718,1920.6814440174217,1782.7903437419309
55.942620576258406,-3.185460458936718,ENE,55.94273538128812,-3.1851832950769645,1920.6814440174217,1781.5403437419309
55.94273538128812,-3.1851832950769645,WSW,55.942620576258406,-3.185460458936718,1920.6814440174217,1780.2903437419309
55.942620576258406,-3.185460458936718,ENE,55.94273538128812,-3.1851832950769645,1920.6814440174217,1779.0403437419309
55.94273538128812,-3.1851832950769645,WSW,55.942620576258406,-3.185460458936718,1920.6814440174217,1777.7903437419309
55.942620576258406,-3.185460458936718,ENE,55.94273538128812,-3.1851832950769645,1920.6814440174217,1776.5403437419309
55.94273538128812,-3.1851832950769645,WSW,55.942620576258406,-3.185460458936718,1920.6814440174217,1775.2903437419309
55.942620576258406,-3.185460458936718,ENE,55.94273538128812,-3.1851832950769645,1920.6814440174217,1774.0403437419309
55.94273538128812,-3.1851832950769645,WSW,55.942620576258406,-3.185460458936718,1920.6814440174217,1772.7903437419309
55.942620576258406,-3.185460458936718,ENE,55.94273538128812,-3.1851832950769645,1920.6814440174217,1771.5403437419309
55.94273538128812,-3.1851832950769645,WSW,55.942620576258406,-3.185460458936718,1920.6814440174217,1770.2903437419309
55.942620576258406,-3.185460458936718,ENE,55.94273538128812,-3.1851832950769645,1920.6814440174217,1769.0403437419309
55.94273538128812,-3.1851832950769645,WSW,55.942620576258406,-3.185460458936718,1920.6814440174217,1767.7903437419309
55.942620576258406,-3.185460458936718,ENE,55.94273538128812,-3.1851832950769645,1920.6814440174217,1766.5403437419309
55.94273538128812,-3.1851832950769645,WSW,55.942620576258406,-3.185460458936718,1920.6814440174217,1765.2903437419309
55.942620576258406,-3.185460458936718,ENE,55.94273538128812,-3.1851832950769645,1920.6814440174217,1764.0403437419309
55.94273538128812,-3.1851832950769645,WSW,55.942620576258406,-3.185460458936718,1920.6814440174217,1762.7903437419309
55.942620576258406,-3.185460458936718,ENE,55.94273538128812,-3.1851832950769645,1920.6814440174217,1761.5403437419309
55.94273538128812,-3.1851832950769645,WSW,55.942620576258406,-3.185460458936718,1920.6814440174217,1760.2903437419309
55.942620576258406,-3.185460458936718,ENE,55.94273538128812,-3.1851832950769645,1920.6814440174217,1759.0403437419309
55.94273538128812,-3.1851832950769645,WSW,55.942620576258406,-3.185460458936718,1920.6814440174217,1757.7903437419309
55.942620576258406,-3.185460458936718,ENE,55.94273538128812,-3.1851832950769645,1920.6814440174217,1756.5403437419309
55.94273538128812,-3.1851832950769645,WSW,55.942620576258406,-3.185460458936718,1920.6814440174217,1755.2903437419309
55.942620576258406,-3.185460458936718,ENE,55.94273538128812,-3.1851832950769645,1920.6814440174217,1754.0403437419309
55.94273538128812,-3.1851832950769645,WSW,55.942620576258406,-3.185460458936718,1920.6814440174217,1752.7903437419309
55.942620576258406,-3.185460458936718,ENE,55.94273538128812,-3.1851832950769645,1920.6814440174217,1751.5403437419309
55.94273538128812,-3.1851832950769645,WSW,55.942620576258406,-3.185460458936718,1920.6814440174217,1750.2903437419309
55.942620576258406,-3.185460458936718,ENE,55.94273538128812,-3.1851832950769645,1920.6814440174217,1749.0403437419309
55.94273538128812,-3.1851832950769645,WSW,55.942620576258406,-3.185460458936718,1920.6814440174217,1747.7903437419309
55.942620576258406,-3.185460458936718,ENE,55.94273538128812,-3.1851832950769645,1920.6814440174217,1746.5403437419309
55.94273538128812,-3.1851832950769645,WSW,55.942620576258406,-3.185460458936718,1920.6814440174217,1745.2903437419309
55.942620576258406,-3.185460458936718,ENE,55.94273538128812,-3.1851832950769645,1920.6814440174217,1744.0403437419309
55.94273538128812,-3.1851832950769645,WSW,55.942620576258406,-3.185460458936718,1920.6814440174217,1742.7903437419309
55.942620576258406,-3.185460458936718,ENE,55.94273538128812,-3.1851832950769645,1920.6814440174217,1741.5403437419309
55.94273538128812,-3.1851832950769645,WSW,55.942620576258406,-3.185460458936718,1920.6814440174217,1740.2903437419309
55.942620576258406,-3.185460458936718,ENE,55.94273538128812,-3.1851832950769645,1920.6814440174217,1739.0403437419309
55.94273538128812,-3.1851832950769645,WSW,55.942620576258406,-3.185460458936718,1920.6814440174217,1737.7903437419309
55.942620576258406,-3.185460458936718,ENE,55.94273538128812,-3.1851832950769645,1920.6814440174217,1736.5403437419309
55.94273538128812,-3.1851832950769645,WSW,55.942620576258406,-3.185460458936718,1920.6814440174217,1735.2903437419309
55.942620576258406,-3.185460458936718,ENE,55.94273538128812,-3.1851832950769645,1920.6814440174217,1734.0403437419309
55.94273538128812,-3.1851832950769645,WSW,55.942620576258406,-3.185460458936718,1920.6814440174217,1732.7903437419309
55.942620576258406,-3.185460458936718,ENE,55.94273538128812,-3.1851832950769645,1920.6814440174217,1731.5403437419309
55.94273538128812,-3.1851832950769645,WSW,55.942620576258406,-3.185460458936718,1920.6814440174217,1730.2903437419309
55.942620576258406,-3.185460458936718,ENE,55.94273538128812,-3.1851832950769645,1920.6814440174217,1729.0403437419309
55.94273538128812,-3.1851832950769645,WSW,55.942620576258406,-3.185460458936718,1920.6814440174217,1727.7903437419309
55.942620576258406,-3.185460458936718,ENE,55.94273538128812,-3.1851832950769645,1920.6814440174217,1726.5403437419309
55.94273538128812,-3.1851832950769645,WSW,55.942620576258406,-3.185460458936718,1920.6814440174217,1725.2903437419309
55.942620576258406,-3.185460458936718,ENE,55.94273538128812,-3.1851832950769645,1920.6814440174217,1724.0403437419309
55.94273538128812,-3.1851832950769645,WSW,55.942620576258406,-3.185460458936718,1920.6814440174217,1722.7903437419309
55.942620576258406,-3.185460458936718,ENE,55.94273538128812,-3.1851832950769645,1920.6814440174217,1721.5403437419309
55.94273538128812,-3.1851832950769645,WSW,55.942620576258406,-3.185460458936718,1920.6814440174217,1720.2903437419309
55.942620576258406,-3.185460458936718,ENE,55.94273538128812,-3.1851832950769645,1920.6814440174217,1719.0403437419309
55.94273538128812,-3.1851832950769645,WSW,55.942620576258406,-3.185460458936718,1920.6814440174217,1717.7903437419309
55.942620576258406,-3.185460458936718,ENE,55.94273538128812,-3.1851832950769645,1920.6814440174217,1716.5403437419309
55.94273538128812,-3.1851832950769645,WSW,55.942620576258406,-3.185460458936718,1920.6814440174217,1715.2903437419309
55.942620576258406,-3.185460458936718,ENE,55.94273538128812,-3.1851832950769645,1920.6814440174217,1714.0403437419309
55.94273538128812,-3.1851832950769645,WSW,55.942620576258406,-3.185460458936718,1920.6814440174217,1712.7903437419309
55.942620576258406,-3.185460458936718,ENE,55.94273538128812,-3.1851832950769645,1920.6814440174217,1711.5403437419309
55.94273538128812,-3.1851832950769645,WSW,55.942620576258406,-3.185460458936718,1920.6814440174217,1710.2903437419309
55.942620576258406,-3.185460458936718,ENE,55.94273538128812,-3.1851832950769645,1920.6814440174217,1709.0403437419309
55.94273538128812,-3.1851832950769645,WSW,55.942620576258406,-3.185460458936718,1920.6814440174217,1707.7903437419309
55.942620576258406,-3.185460458936718,ENE,55.94273538128812,-3.1851832950769645,1920.6814440174217,1706.5403437419309
55.94273538128812,-3.1851832950769645,WSW,55.942620576258406,-3.185460458936718,1920.6814440174217,1705.2903437419309
55.942620576258406,-3.185460458936718,ENE,55.94273538128812,-3.1851832950769645,1920.6814440174217,1704.0403437419309
55.94273538128812,-3.1851832950769645,WSW,55.942620576258406,-3.185460458936718,1920.6814440174217,1702.7903437419309
55.942620576258406,-3.185460458936718,ENE,55.94273538128812,-3.1851832950769645,1920.6814440174217,1701.5403437419309
55.94273538128812,-3.1851832950769645,WSW,55.942620576258406,-3.185460458936718,1920.6814440174217,1700.2903437419309
55.942620576258406,-3.185460458936718,ENE,55.94273538128812,-3.1851832950769645,1920.6814440174217,1699.0403437419309
55.94273538128812,-3.1851832950769645,WSW,55.942620576258406,-3.185460458936718,1920.6814440174217,1697.7903437419309
55.942620576258406,-3.185460458936718,ENE,55.94273538128812,-3.1851832950769645,1920.6814440174217,1696.5403437419309
55.94273538128812,-3.1851832950769645,WSW,55.942620576258406,-3.185460458936718,1920.6814440174217,1695.2903437419309
55.942620576258406,-3.185460458936718,ENE,55.94273538128812,-3.1851832950769645,1920.6814440174217,1694.0403437419309
55.94273538128812,-3.1851832950769645,WSW,55.942620576258406,-3.185460458936718,1920.6814440174217,1692.7903437419309
55.942620576258406,-3.185460458936718,ENE,55.94273538128812,-3.1851832950769645,1920.6814440174217,1691.5403437419309
55.94273538128812,-3.1851832950769645,WSW,55.942620576258406,-3.185460458936718,1920.6814440174217,1690.2903437419309
55.942620576258406,-3.185460458936718,ENE,55.94273538128812,-3.1851832950769645,1920.6814440174217,1689.0403437419309
55.94273538128812,-3.1851832950769645,WSW,55.942620576258406,-3.185460458936718,1920.6814440174217,1687.7903437419309
55.942620576258406,-3.185460458936718,ENE,55.94273538128812,-3.1851832950769645,1920.6814440174217,1686.5403437419309
55.94273538128812,-3.1851832950769645,WSW,55.942620576258406,-3.185460458936718,1920.6814440174217,1685.2903437419309
55.942620576258406,-3.185460458936718,ENE,55.94273538128812,-3.1851832950769645,1920.6814440174217,1684.0403437419309
55.94273538128812,-3.1851832950769645,WSW,55.942620576258406,-3.185460458936718,1920.6814440174217,1682.7903437419309
55.942620576258406,-3.185460458936718,ENE,55.94273538128812,-3.1851832950769645,1920.6814440174217,1681.5403437419309
55.94273538128812,-3.1851832950769645,WSW,55.942620576258406,-3.185460458936718,1920.6814440174217,1680.2903437419309
55.942620576258406,-3.185460458936718,ENE,55.94273538128812,-3.1851832950769645,1920.6814440174217,1679.0403437419309
55.94273538128812,-3.1851832950769645,WSW,55.942620576258406,-3.185460458936718,1920.6814440174217,1677.7903437419309
55.942620576258406,-3.185460458936718,ENE,55.94273538128812,-3.1851832950769645,1920.6814440174217,1676.5403437419309
55.94273538128812,-3.1851832950769645,WSW,55.942620576258406,-3.185460458936718,1920.6814440174217,1675.2903437419309
55.942620576258406,-3.185460458936718,ENE,55.94273538128812,-3.1851832950769645,1920.6814440174217,1674.0403437419309
55.94273538128812,-3.1851832950769645,WSW,55.942620576258406,-3.185460458936718,1920.6814440174217,1672.7903437419309
55.942620576258406,-3.185460458936718,ENE,55.94273538128812,-3.1851832950769645,1920.6814440174217,1671.5403437419309
55.94273538128812,-3.1851832950769645,WSW,55.942620576258406,-3.185460458936718,1920.6814440174217,1670.2903437419309
55.942620576258406,-3.185460458936718,ENE,55.94273538128812,-3.1851832950769645,1920.6814440174217,1669.0403437419309
55.94273538128812,-3.1851832950769645,WSW,55.942620576258406,-3.185460458936718,1920.6814440174217,1667.7903437419309
55.942620576258406,-3.185460458936718,ENE,55.94273538128812,-3.1851832950769645,1920.6814440174217,1666.5403437419309
55.94273538128812,-3.1851832950769645,WSW,55.942620576258406,-3.185460458936718,1920.6814440174217,1665.2903437419309
55.942620576258406,-3.185460458936718,ENE,55.94273538128812,-3.1851832950769645,1920.6814440174217,1664.0403437419309
55.94273538128812,-3.1851832950769645,WSW,55.942620576258406,-3.185460458936718,1920.6814440174217,1662.7903437419309
55.942620576258406,-3.185460458936718,ENE,55.94273538128812,-3.1851832950769645,1920.6814440174217,1661.5403437419309
55.94273538128812,-3.1851832950769645,WSW,55.942620576258406,-3.185460458936718,1920.6814440174217,1660.2903437419309
55.942620576258406,-3.185460458936718,ENE,55.94273538128812,-3.1851832950769645,1920.6814440174217,1659.0403437419309
55.94273538128812,-3.1851832950769645,WSW,55.942620576258406,-3.185460458936718,1920.6814440174217,1657.7903437419309
55.942620576258406,-3.185460458936718,ENE,55.94273538128812,-3.1851832950769645,1920.6814440174217,1656.5403437419309
55.94273538128812,-3.1851832950769645,WSW,55.942620576258406,-3.185460458936718,1920.6814440174217,1655.2903437419309
55.942620576258406,-3.185460458936718,ENE,55.94273538128812,-3.1851832950769645,1920.6814440174217,1654.0403437419309
55.94273538128812,-3.1851832950769645,WSW,55.942620576258406,-3.185460458936718,1920.6814440174217,1652.7903437419309
55.942620576258406,-3.185460458936718,ENE,55.94273538128812,-3.1851832950769645,1920.6814440174217,1651.5403437419309
55.94273538128812,-3.1851832950769645,WSW,55.942620576258406,-3.185460458936718,1920.6814440174217,1650.2903437419309
55.942620576258406,-3.185460458936718,ENE,55.94273538128812,-3.1851832950769645,1920.6814440174217,1649.0403437419309
55.94273538128812,-3.1851832950769645,WSW,55.942620576258406,-3.185460458936718,1920.6814440174217,1647.7903437419309
55.942620576258406,-3.185460458936718,ENE,55.94273538128812,-3.1851832950769645,1920.6814440174217,1646.5403437419309
55.94273538128812,-3.1851832950769645,WSW,55.942620576258406,-3.185460458936718,1920.6814440174217,1645.2903437419309
55.942620576258406,-3.185460458936718,ENE,55.94273538128812,-3.1851832950769645,1920.6814440174217,1644.0403437419309
55.94273538128812,-3.1851832950769645,WSW,55.942620576258406,-3.185460458936718,1920.6814440174217,1642.7903437419309
55.942620576258406,-3.185460458936718,ENE,55.94273538128812,-3.1851832950769645,1920.6814440174217,1641.5403437419309
55.94273538128812,-3.1851832950769645,WSW,55.942620576258406,-3.185460458936718,1920.6814440174217,1640.2903437419309
55.942620576258406,-3.185460458936718,ENE,55.94273538128812,-3.1851832950769645,1920.6814440174217,1639.0403437419309
55.94273538128812,-3.1851832950769645,WSW,55.942620576258406,-3.185460458936718,1920.6814440174217,1637.7903437419309
55.942620576258406,-3.185460458936718,ENE,55.94273538128812,-3.1851832950769645,1920.6814440174217,1636.5403437419309
55.94273538128812,-3.1851832950769645,WSW,55.942620576258406,-3.185460458936718,1920.6814440174217,1635.2903437419309
55.942620576258406,-3.185460458936718,ENE,55.94273538128812,-3.1851832950769645,1920.6814440174217,1634.0403437419309
55.94273538128812,-3.1851832950769645,WSW,55.942620576258406,-3.185460458936718,1920.6814440174217,1632.7903437419309
55.942620576258406,-3.185460458936718,ENE,55.94273538128812,-3.1851832950769645,1920.6814440174217,1631.5403437419309
55.94273538128812,-3.1851832950769645,WSW,55.942620576258406,-3.185460458936718,1920.6814440174217,1630.2903437419309
55.942620576258406,-3.185460458936718,ENE,55.94273538128812,-3.1851832950769645,1920.6814440174217,1629.0403437419309
55.94273538128812,-3.1851832950769645,WSW,55.942620576258406,-3.185460458936718,1920.6814440174217,1627.7903437419309
55.942620576258406,-3.185460458936718,ENE,55.94273538128812,-3.1851832950769645,1920.6814440174217,1626.5403437419309
55.94273538128812,-3.1851832950769645,WSW,55.942620576258406,-3.185460458936718,1920.6814440174217,1625.2903437419309
55.942620576258406,-3.185460458936718,ENE,55.94273538128812,-3.1851832950769645,1920.6814440174217,1624.0403437419309
55.94273538128812,-3.1851832950769645,WSW,55.942620576258406,-3.185460458936718,1920.6814440174217,1622.7903437419309
