55.944425,-3.188396,ESE,55.94431019497029,-3.1881188361402466,100.01189437181742,294.5206135993868
55.94431019497029,-3.1881188361402466,ENE,55.944425,-3.187841672280493,100.01189437181742,293.2706135993868
55.944425,-3.187841672280493,E,55.944425,-3.187541672280493,115.60909189636993,377.0531726443054
55.944425,-3.187541672280493,ESE,55.94431019497029,-3.1872645084207396,188.10842627519682,435.1501895223689
55.94431019497029,-3.1872645084207396,NE,55.94452232700465,-3.187052376386384,238.8416236880227,545.532628496804
55.94452232700465,-3.187052376386384,WSW,55.94440752197494,-3.1873295402461372,238.8416236880227,544.282628496804
55.94440752197494,-3.1873295402461372,NE,55.944619654009294,-3.1871174082117815,314.3680129489985,658.9973882684002
55.944619654009294,-3.1871174082117815,WSW,55.944504848979584,-3.187394572071535,356.9545164507947,732.2056791810363
55.944504848979584,-3.187394572071535,SW,55.94429271694523,-3.1876067041058906,356.9545164507947,730.9556791810363
55.94429271694523,-3.1876067041058906,SSW,55.94401555308547,-3.1877215091356,358.57804221290127,749.1653958018014
55.94401555308547,-3.1877215091356,ENE,55.94413035811518,-3.1874443452758467,358.57804221290127,747.9153958018014
55.94413035811518,-3.1874443452758467,NE,55.94434249014954,-3.187232213241491,358.57804221290127,746.6653958018014
55.94434249014954,-3.187232213241491,ENE,55.94445729517925,-3.1869550493817376,358.57804221290127,745.4153958018014
55.94445729517925,-3.1869550493817376,NE,55.944669427213604,-3.186742917347382,436.2254263172158,765.1020928201831
55.944669427213604,-3.186742917347382,N,55.94496942721361,-3.186742917347382,455.7994966033652,804.7470057272305
55.94496942721361,-3.186742917347382,NNW,55.945246591073364,-3.1868577223770913,455.7994966033652,803.4970057272305
55.945246591073364,-3.1868577223770913,NNW,55.94552375493312,-3.186972527406801,455.7994966033652,802.2470057272305
55.94552375493312,-3.186972527406801,NNW,55.94580091879288,-3.1870873324365103,538.5745758249367,909.2605284187186
55.94580091879288,-3.1870873324365103,NW,55.94601305082723,-3.187299464470866,563.4256358848935,914.7668667192768
55.94601305082723,-3.187299464470866,WSW,55.94589824579752,-3.1875766283306195,563.4256358848935,913.5168667192768
55.94589824579752,-3.1875766283306195,W,55.94589824579752,-3.1878766283306197,654.1248618586136,941.9756390965092
55.94589824579752,-3.1878766283306197,W,55.94589824579752,-3.18817662833062,654.1248618586136,940.7256390965092
55.94589824579752,-3.18817662833062,W,55.94589824579752,-3.18847662833062,654.1248618586136,939.4756390965092
55.94589824579752,-3.18847662833062,WNW,55.94601305082723,-3.1887537921903735,654.1248618586136,938.2256390965092
55.94601305082723,-3.1887537921903735,W,55.94601305082723,-3.1890537921903737,654.1248618586136,936.9756390965092
55.94601305082723,-3.1890537921903737,WNW,55.94612785585694,-3.189330956050127,679.718849874972,1015.8418124598807
55.94612785585694,-3.189330956050127,SW,55.94591572382259,-3.189543088084483,781.8974768879046,1053.35328312311
55.94591572382259,-3.189543088084483,WSW,55.94580091879288,-3.1898202519442362,781.8974768879046,1052.10328312311
55.94580091879288,-3.1898202519442362,WSW,55.945686113763166,-3.1900974158039896,781.8974768879046,1050.85328312311
55.945686113763166,-3.1900974158039896,WSW,55.945571308733456,-3.190374579663743,781.8974768879046,1049.60328312311
55.945571308733456,-3.190374579663743,WSW,55.945456503703745,-3.1906517435234965,781.8974768879046,1048.35328312311
55.945456503703745,-3.1906517435234965,WSW,55.945341698674035,-3.19092890738325,781.8974768879046,1047.10328312311
55.945341698674035,-3.19092890738325,WSW,55.945226893644325,-3.1912060712430033,879.2419661123067,1155.4926119666254
55.945226893644325,-3.1912060712430033,WSW,55.945112088614614,-3.1914832351027567,896.1983483354861,1226.183085494959
55.945112088614614,-3.1914832351027567,WSW,55.944997283584904,-3.19176039896251,973.0976468531035,1279.6637475012008
55.944997283584904,-3.19176039896251,NNW,55.94527444744466,-3.1918752039922196,973.0976468531035,1278.4137475012008
55.94527444744466,-3.1918752039922196,NNW,55.94555161130442,-3.191990009021929,973.0976468531035,1277.1637475012008
55.94555161130442,-3.191990009021929,NNW,55.94582877516417,-3.1921048140516386,973.0976468531035,1275.9137475012008
55.94582877516417,-3.1921048140516386,NW,55.94604090719853,-3.1923169460859944,1013.9678263130045,1374.9642087465347
55.94604090719853,-3.1923169460859944,SSE,55.94576374333877,-3.192202141056285,1013.9678263130045,1373.7142087465347
55.94576374333877,-3.192202141056285,SSE,55.94548657947902,-3.1920873360265754,1013.9678263130045,1372.4642087465347
55.94548657947902,-3.1920873360265754,SSE,55.94520941561926,-3.191972530996866,1013.9678263130045,1371.2142087465347
55.94520941561926,-3.191972530996866,SSE,55.944932251759504,-3.1918577259671563,1013.9678263130045,1369.9642087465347
55.944932251759504,-3.1918577259671563,SSE,55.94465508789975,-3.191742920937447,1013.9678263130045,1368.7142087465347
55.94465508789975,-3.191742920937447,SSE,55.94437792403999,-3.1916281159077373,1013.9678263130045,1367.4642087465347
55.94437792403999,-3.1916281159077373,SSE,55.944100760180234,-3.191513310878028,1013.9678263130045,1366.2142087465347
55.944100760180234,-3.191513310878028,SSE,55.94382359632048,-3.1913985058483183,1013.9678263130045,1364.9642087465347
55.94382359632048,-3.1913985058483183,SW,55.94361146428612,-3.191610637882674,1013.9678263130045,1363.7142087465347
55.94361146428612,-3.191610637882674,SE,55.943399332251765,-3.1913985058483183,1041.2229233520345,1455.8419912140073
55.943399332251765,-3.1913985058483183,S,55.94309933225176,-3.1913985058483183,1041.2229233520345,1454.5919912140073
55.94309933225176,-3.1913985058483183,NNE,55.94337649611152,-3.191283700818609,1041.2229233520345,1453.3419912140073
55.94337649611152,-3.191283700818609,ENE,55.94349130114123,-3.1910065369588554,1041.2229233520345,1452.0919912140073
55.94349130114123,-3.1910065369588554,SE,55.94327916910687,-3.1907944049244996,1041.2229233520345,1450.8419912140073
55.94327916910687,-3.1907944049244996,ESE,55.94316436407716,-3.190517241064746,1041.2229233520345,1449.5919912140073
55.94316436407716,-3.190517241064746,SE,55.942952232042806,-3.1903051090303904,1121.826354985846,1449.3769748639118
55.942952232042806,-3.1903051090303904,NE,55.94316436407716,-3.1900929769960347,1187.7429675248538,1545.3156058724355
55.94316436407716,-3.1900929769960347,E,55.94316436407716,-3.1897929769960345,1187.7429675248538,1544.0656058724355
55.94316436407716,-3.1897929769960345,E,55.94316436407716,-3.1894929769960343,1307.5939757628719,1653.2124856391654
55.94316436407716,-3.1894929769960343,E,55.94316436407716,-3.189192976996034,1307.5939757628719,1651.9624856391654
55.94316436407716,-3.189192976996034,E,55.94316436407716,-3.188892976996034,1325.9615986357467,1661.7133481358114
55.94316436407716,-3.188892976996034,ESE,55.94304955904745,-3.1886158131362805,1325.9615986357467,1660.4633481358114
55.94304955904745,-3.1886158131362805,ESE,55.94293475401774,-3.188338649276527,1325.9615986357467,1659.2133481358114
55.94293475401774,-3.188338649276527,ESE,55.94281994898803,-3.1880614854167737,1422.7832437038921,1739.8138752253005
55.94281994898803,-3.1880614854167737,E,55.94281994898803,-3.1877614854167735,1422.7832437038921,1738.5638752253005
55.94281994898803,-3.1877614854167735,E,55.94281994898803,-3.1874614854167733,1422.7832437038921,1737.3138752253005
55.94281994898803,-3.1874614854167733,E,55.94281994898803,-3.187161485416773,1422.7832437038921,1736.0638752253005
55.94281994898803,-3.187161485416773,ESE,55.94270514395832,-3.1868843215570197,1422.7832437038921,1734.8138752253005
55.94270514395832,-3.1868843215570197,E,55.94270514395832,-3.1865843215570195,1469.465723639452,1792.2722471302068
55.94270514395832,-3.1865843215570195,E,55.94270514395832,-3.1862843215570194,1581.8325183050183,1874.196701973475
55.94270514395832,-3.1862843215570194,NNE,55.94298230781808,-3.18616951652731,1581.8325183050183,1872.946701973475
55.94298230781808,-3.18616951652731,NNE,55.943259471677834,-3.1860547114976003,1581.8325183050183,1871.696701973475
55.943259471677834,-3.1860547114976003,N,55.94355947167784,-3.1860547114976003,1634.945628200593,1957.2162025022928
55.94355947167784,-3.1860547114976003,NE,55.94377160371219,-3.1858425794632446,1704.1906826663094,2061.8108315316626
55.94377160371219,-3.1858425794632446,E,55.94377160371219,-3.1855425794632444,1704.1906826663094,2060.5608315316626
55.94377160371219,-3.1855425794632444,ENE,55.9438864087419,-3.185265415603491,1802.331408742563,2180.8448013506545
55.9438864087419,-3.185265415603491,ENE,55.944001213771614,-3.1849882517437376,1898.997702722749,2253.99097286397
55.944001213771614,-3.1849882517437376,S,55.94370121377161,-3.1849882517437376,1898.997702722749,2252.74097286397
55.94370121377161,-3.1849882517437376,SSW,55.943424049911854,-3.185103056773447,1911.0302280731482,2270.7956111330636
55.943424049911854,-3.185103056773447,N,55.94372404991186,-3.185103056773447,1911.0302280731482,2269.5456111330636
55.94372404991186,-3.185103056773447,N,55.94402404991186,-3.185103056773447,1911.0302280731482,2268.2956111330636
55.94402404991186,-3.185103056773447,NNW,55.94430121377162,-3.1852178618031566,1911.0302280731482,2267.0456111330636
55.94430121377162,-3.1852178618031566,N,55.94460121377162,-3.1852178618031566,1992.899501382032,2282.3807114935403
55.94460121377162,-3.1852178618031566,ENE,55.94471601880133,-3.184940697943403,2113.831176766886,2311.172160112449
55.94471601880133,-3.184940697943403,NNE,55.94499318266109,-3.1848258929136937,2113.831176766886,2309.922160112449
55.94499318266109,-3.1848258929136937,NNE,55.94527034652084,-3.184711087883984,2227.1385681772645,2431.9626775111074
55.94527034652084,-3.184711087883984,N,55.945570346520846,-3.184711087883984,2227.1385681772645,2430.7126775111074
55.945570346520846,-3.184711087883984,N,55.94587034652085,-3.184711087883984,2350.1612001159724,2506.9606383781343
55.94587034652085,-3.184711087883984,W,55.94587034652085,-3.1850110878839843,2350.1612001159724,2505.7106383781343
55.94587034652085,-3.1850110878839843,W,55.94587034652085,-3.1853110878839845,2436.70982797981,2538.4425108651153
55.94587034652085,-3.1853110878839845,E,55.94587034652085,-3.1850110878839843,2436.70982797981,2537.1925108651153
55.94587034652085,-3.1850110878839843,W,55.94587034652085,-3.1853110878839845,2436.70982797981,2535.9425108651153
55.94587034652085,-3.1853110878839845,E,55.94587034652085,-3.1850110878839843,2436.70982797981,2534.6925108651153
55.94587034652085,-3.1850110878839843,W,55.94587034652085,-3.1853110878839845,2436.70982797981,2533.4425108651153
55.94587034652085,-3.1853110878839845,E,55.94587034652085,-3.1850110878839843,2436.70982797981,2532.1925108651153
55.94587034652085,-3.1850110878839843,W,55.94587034652085,-3.1853110878839845,2436.70982797981,2530.9425108651153
55.94587034652085,-3.1853110878839845,E,55.94587034652085,-3.1850110878839843,2436.70982797981,2529.6925108651153
55.94587034652085,-3.1850110878839843,W,55.94587034652085,-3.1853110878839845,2436.70982797981,2528.4425108651153
55.94587034652085,-3.1853110878839845,E,55.94587034652085,-3.1850110878839843,2436.70982797981,2527.1925108651153
55.94587034652085,-3.1850110878839843,W,55.94587034652085,-3.1853110878839845,2436.70982797981,2525.9425108651153
55.94587034652085,-3.1853110878839845,E,55.94587034652085,-3.1850110878839843,2436.70982797981,2524.6925108651153
55.94587034652085,-3.1850110878839843,W,55.94587034652085,-3.1853110878839845,2436.70982797981,2523.4425108651153
55.94587034652085,-3.1853110878839845,E,55.94587034652085,-3.1850110878839843,2436.70982797981,2522.1925108651153
55.94587034652085,-3.1850110878839843,W,55.94587034652085,-3.1853110878839845,2436.70982797981,2520.9425108651153
55.94587034652085,-3.1853110878839845,E,55.94587034652085,-3.1850110878839843,2436.70982797981,2519.6925108651153
55.94587034652085,-3.1850110878839843,W,55.94587034652085,-3.1853110878839845,2436.70982797981,2518.4425108651153
55.94587034652085,-3.1853110878839845,E,55.94587034652085,-3.1850110878839843,2436.70982797981,2517.1925108651153
55.94587034652085,-3.1850110878839843,W,55.94587034652085,-3.1853110878839845,2436.70982797981,2515.9425108651153
55.94587034652085,-3.1853110878839845,E,55.94587034652085,-3.1850110878839843,2436.70982797981,2514.6925108651153
55.94587034652085,-3.1850110878839843,W,55.94587034652085,-3.1853110878839845,2436.70982797981,2513.4425108651153
55.94587034652085,-3.1853110878839845,E,55.94587034652085,-3.1850110878839843,2436.70982797981,2512.1925108651153
55.94587034652085,-3.1850110878839843,W,55.94587034652085,-3.1853110878839845,2436.70982797981,2510.9425108651153
55.94587034652085,-3.1853110878839845,E,55.94587034652085,-3.1850110878839843,2436.70982797981,2509.6925108651153
55.94587034652085,-3.1850110878839843,W,55.94587034652085,-3.1853110878839845,2436.70982797981,2508.4425108651153
55.94587034652085,-3.1853110878839845,E,55.94587034652085,-3.1850110878839843,2436.70982797981,2507.1925108651153
55.94587034652085,-3.1850110878839843,W,55.94587034652085,-3.1853110878839845,2436.70982797981,2505.9425108651153
55.94587034652085,-3.1853110878839845,E,55.94587034652085,-3.1850110878839843,2436.70982797981,2504.6925108651153
55.94587034652085,-3.1850110878839843,W,55.94587034652085,-3.1853110878839845,2436.70982797981,2503.4425108651153
55.94587034652085,-3.1853110878839845,E,55.94587034652085,-3.1850110878839843,2436.70982797981,2502.1925108651153
55.94587034652085,-3.1850110878839843,W,55.94587034652085,-3.1853110878839845,2436.70982797981,2500.9425108651153
55.94587034652085,-3.1853110878839845,E,55.94587034652085,-3.1850110878839843,2436.70982797981,2499.6925108651153
55.94587034652085,-3.1850110878839843,W,55.94587034652085,-3.1853110878839845,2436.70982797981,2498.4425108651153
55.94587034652085,-3.1853110878839845,E,55.94587034652085,-3.1850110878839843,2436.70982797981,2497.1925108651153
55.94587034652085,-3.1850110878839843,W,55.94587034652085,-3.1853110878839845,2436.70982797981,2495.9425108651153
55.94587034652085,-3.1853110878839845,E,55.94587034652085,-3.1850110878839843,2436.70982797981,2494.6925108651153
55.94587034652085,-3.1850110878839843,W,55.94587034652085,-3.1853110878839845,2436.70982797981,2493.4425108651153
55.94587034652085,-3.1853110878839845,E,55.94587034652085,-3.1850110878839843,2436.70982797981,2492.1925108651153
55.94587034652085,-3.1850110878839843,W,55.94587034652085,-3.1853110878839845,2436.70982797981,2490.9425108651153
55.94587034652085,-3.1853110878839845,E,55.94587034652085,-3.1850110878839843,2436.70982797981,2489.6925108651153
55.94587034652085,-3.1850110878839843,W,55.94587034652085,-3.1853110878839845,2436.70982797981,2488.4425108651153
55.94587034652085,-3.1853110878839845,E,55.94587034652085,-3.1850110878839843,2436.70982797981,2487.1925108651153
55.94587034652085,-3.1850110878839843,W,55.94587034652085,-3.1853110878839845,2436.70982797981,2485.9425108651153
55.94587034652085,-3.1853110878839845,E,55.94587034652085,-3.1850110878839843,2436.70982797981,2484.6925108651153
55.94587034652085,-3.1850110878839843,W,55.94587034652085,-3.1853110878839845,2436.70982797981,2483.4425108651153
55.94587034652085,-3.1853110878839845,E,55.94587034652085,-3.1850110878839843,2436.70982797981,2482.1925108651153
55.94587034652085,-3.1850110878839843,W,55.94587034652085,-3.1853110878839845,2436.70982797981,2480.9425108651153
55.94587034652085,-3.1853110878839845,E,55.94587034652085,-3.1850110878839843,2436.70982797981,2479.6925108651153
55.94587034652085,-3.1850110878839843,W,55.94587034652085,-3.1853110878839845,2436.70982797981,2478.4425108651153
55.94587034652085,-3.1853110878839845,E,55.94587034652085,-3.1850110878839843,2436.70982797981,2477.1925108651153
55.94587034652085,-3.1850110878839843,W,55.94587034652085,-3.1853110878839845,2436.70982797981,2475.9425108651153
55.94587034652085,-3.1853110878839845,E,55.94587034652085,-3.1850110878839843,2436.70982797981,2474.6925108651153
55.94587034652085,-3.1850110878839843,W,55.94587034652085,-3.1853110878839845,2436.70982797981,2473.4425108651153
55.94587034652085,-3.1853110878839845,E,55.94587034652085,-3.1850110878839843,2436.70982797981,2472.1925108651153
55.94587034652085,-3.1850110878839843,W,55.94587034652085,-3.1853110878839845,2436.70982797981,2470.9425108651153
55.94587034652085,-3.1853110878839845,E,55.94587034652085,-3.1850110878839843,2436.70982797981,2469.6925108651153
55.94587034652085,-3.1850110878839843,W,55.94587034652085,-3.1853110878839845,2436.70982797981,2468.4425108651153
55.94587034652085,-3.1853110878839845,E,55.94587034652085,-3.1850110878839843,2436.70982797981,2467.1925108651153
55.94587034652085,-3.1850110878839843,W,55.94587034652085,-3.1853110878839845,2436.70982797981,2465.9425108651153
55.94587034652085,-3.1853110878839845,E,55.94587034652085,-3.1850110878839843,2436.70982797981,2464.6925108651153
55.94587034652085,-3.1850110878839843,W,55.94587034652085,-3.1853110878839845,2436.70982797981,2463.4425108651153
55.94587034652085,-3.1853110878839845,E,55.94587034652085,-3.1850110878839843,2436.70982797981,2462.1925108651153
55.94587034652085,-3.1850110878839843,W,55.94587034652085,-3.1853110878839845,2436.70982797981,2460.9425108651153
55.94587034652085,-3.1853110878839845,E,55.94587034652085,-3.1850110878839843,2436.70982797981,2459.6925108651153
55.94587034652085,-3.1850110878839843,W,55.94587034652085,-3.1853110878839845,2436.70982797981,2458.4425108651153
55.94587034652085,-3.1853110878839845,E,55.94587034652085,-3.1850110878839843,2436.70982797981,2457.1925108651153
55.94587034652085,-3.1850110878839843,W,55.94587034652085,-3.1853110878839845,2436.70982797981,2455.9425108651153
55.94587034652085,-3.1853110878839845,E,55.94587034652085,-3.1850110878839843,2436.70982797981,2454.6925108651153
55.94587034652085,-3.1850110878839843,W,55.94587034652085,-3.1853110878839845,2436.70982797981,2453.4425108651153
55.94587034652085,-3.1853110878839845,E,55.94587034652085,-3.1850110878839843,2436.70982797981,2452.1925108651153
55.94587034652085,-3.1850110878839843,W,55.94587034652085,-3.1853110878839845,2436.70982797981,2450.9425108651153
55.94587034652085,-3.1853110878839845,E,55.94587034652085,-3.1850110878839843,2436.70982797981,2449.6925108651153
55.94587034652085,-3.1850110878839843,W,55.94587034652085,-3.1853110878839845,2436.70982797981,2448.4425108651153
55.94587034652085,-3.1853110878839845,E,55.94587034652085,-3.1850110878839843,2436.70982797981,2447.1925108651153
55.94587034652085,-3.1850110878839843,W,55.94587034652085,-3.1853110878839845,2436.70982797981,2445.9425108651153
55.94587034652085,-3.1853110878839845,E,55.94587034652085,-3.1850110878839843,2436.70982797981,2444.6925108651153
55.94587034652085,-3.1850110878839843,W,55.94587034652085,-3.1853110878839845,2436.70982797981,2443.4425108651153
55.94587034652085,-3.1853110878839845,E,55.94587034652085,-3.1850110878839843,2436.70982797981,2442.1925108651153
55.94587034652085,-3.1850110878839843,W,55.94587034652085,-3.1853110878839845,2436.70982797981,2440.9425108651153
55.94587034652085,-3.1853110878839845,E,55.94587034652085,-3.1850110878839843,2436.70982797981,2439.6925108651153
55.94587034652085,-3.1850110878839843,W,55.94587034652085,-3.1853110878839845,2436.70982797981,2438.4425108651153
55.94587034652085,-3.1853110878839845,E,55.94587034652085,-3.1850110878839843,2436.70982797981,2437.1925108651153
55.94587034652085,-3.1850110878839843,W,55.94587034652085,-3.1853110878839845,2436.70982797981,2435.9425108651153
55.94587034652085,-3.1853110878839845,E,55.94587034652085,-3.1850110878839843,2436.70982797981,2434.6925108651153
55.94587034652085,-3.1850110878839843,W,55.94587034652085,-3.1853110878839845,2436.70982797981,2433.4425108651153
55.94587034652085,-3.1853110878839845,E,55.94587034652085,-3.1850110878839843,2436.70982797981,2432.1925108651153
55.94587034652085,-3.1850110878839843,W,55.94587034652085,-3.1853110878839845,2436.70982797981,2430.9425108651153
55.94587034652085,-3.1853110878839845,E,55.94587034652085,-3.1850110878839843,2436.70982797981,2429.6925108651153
55.94587034652085,-3.1850110878839843,W,55.94587034652085,-3.1853110878839845,2436.70982797981,2428.4425108651153
55.94587034652085,-3.1853110878839845,E,55.94587034652085,-3.1850110878839843,2436.70982797981,2427.1925108651153
55.94587034652085,-3.1850110878839843,W,55.94587034652085,-3.1853110878839845,2436.70982797981,2425.9425108651153
55.94587034652085,-3.1853110878839845,E,55.94587034652085,-3.1850110878839843,2436.70982797981,2424.6925108651153
55.94587034652085,-3.1850110878839843,W,55.94587034652085,-3.1853110878839845,2436.70982797981,2423.4425108651153
55.94587034652085,-3.1853110878839845,E,55.94587034652085,-3.1850110878839843,2436.70982797981,2422.1925108651153
55.94587034652085,-3.1850110878839843,W,55.94587034652085,-3.1853110878839845,2436.70982797981,2420.9425108651153
55.94587034652085,-3.1853110878839845,E,55.94587034652085,-3.1850110878839843,2436.70982797981,2419.6925108651153
55.94587034652085,-3.1850110878839843,W,55.94587034652085,-3.1853110878839845,2436.70982797981,2418.4425108651153
55.94587034652085,-3.1853110878839845,E,55.94587034652085,-3.1850110878839843,2436.70982797981,2417.1925108651153
55.94587034652085,-3.1850110878839843,W,55.94587034652085,-3.1853110878839845,2436.70982797981,2415.9425108651153
55.94587034652085,-3.1853110878839845,E,55.94587034652085,-3.1850110878839843,2436.70982797981,2414.6925108651153
55.94587034652085,-3.1850110878839843,W,55.94587034652085,-3.1853110878839845,2436.70982797981,2413.4425108651153
55.94587034652085,-3.1853110878839845,E,55.94587034652085,-3.1850110878839843,2436.70982797981,2412.1925108651153
55.94587034652085,-3.1850110878839843,W,55.94587034652085,-3.1853110878839845,2436.70982797981,2410.9425108651153
55.94587034652085,-3.1853110878839845,E,55.94587034652085,-3.1850110878839843,2436.70982797981,2409.6925108651153
55.94587034652085,-3.1850110878839843,W,55.94587034652085,-3.1853110878839845,2436.70982797981,2408.4425108651153
55.94587034652085,-3.1853110878839845,E,55.94587034652085,-3.1850110878839843,2436.70982797981,2407.1925108651153
55.94587034652085,-3.1850110878839843,W,55.94587034652085,-3.1853110878839845,2436.70982797981,2405.9425108651153
55.94587034652085,-3.1853110878839845,E,55.94587034652085,-3.1850110878839843,2436.70982797981,2404.6925108651153
55.94587034652085,-3.1850110878839843,W,55.94587034652085,-3.1853110878839845,2436.70982797981,2403.4425108651153
55.94587034652085,-3.1853110878839845,E,55.94587034652085,-3.1850110878839843,2436.70982797981,2402.1925108651153
55.94587034652085,-3.1850110878839843,W,55.94587034652085,-3.1853110878839845,2436.70982797981,2400.9425108651153
55.94587034652085,-3.1853110878839845,E,55.94587034652085,-3.1850110878839843,2436.70982797981,2399.6925108651153
55.94587034652085,-3.1850110878839843,W,55.94587034652085,-3.1853110878839845,2436.70982797981,2398.4425108651153
55.94587034652085,-3.1853110878839845,E,55.94587034652085,-3.1850110878839843,2436.70982797981,2397.1925108651153
55.94587034652085,-3.1850110878839843,W,55.94587034652085,-3.1853110878839845,2436.70982797981,2395.9425108651153
55.94587034652085,-3.1853110878839845,E,55.94587034652085,-3.1850110878839843,2436.70982797981,2394.6925108651153
55.94587034652085,-3.1850110878839843,W,55.94587034652085,-3.1853110878839845,2436.70982797981,2393.4425108651153
55.94587034652085,-3.1853110878839845,E,55.94587034652085,-3.1850110878839843,2436.70982797981,2392.1925108651153
55.94587034652085,-3.1850110878839843,W,55.94587034652085,-3.1853110878839845,2436.70982797981,2390.9425108651153
55.94587034652085,-3.1853110878839845,E,55.94587034652085,-3.1850110878839843,2436.70982797981,2389.6925108651153
55.94587034652085,-3.1850110878839843,W,55.94587034652085,-3.1853110878839845,2436.70982797981,2388.4425108651153
55.94587034652085,-3.1853110878839845,E,55.94587034652085,-3.1850110878839843,2436.70982797981,2387.1925108651153
55.94587034652085,-3.1850110878839843,W,55.94587034652085,-3.1853110878839845,2436.70982797981,2385.9425108651153
55.94587034652085,-3.1853110878839845,E,55.94587034652085,-3.1850110878839843,2436.70982797981,2384.6925108651153
55.94587034652085,-3.1850110878839843,W,55.94587034652085,-3.1853110878839845,2436.70982797981,2383.4425108651153
55.94587034652085,-3.1853110878839845,E,55.94587034652085,-3.1850110878839843,2436.70982797981,2382.1925108651153
55.94587034652085,-3.1850110878839843,W,55.94587034652085,-3.1853110878839845,2436.70982797981,2380.9425108651153
55.94587034652085,-3.1853110878839845,E,55.94587034652085,-3.1850110878839843,2436.70982797981,2379.6925108651153
55.94587034652085,-3.1850110878839843,W,55.94587034652085,-3.1853110878839845,2436.70982797981,2378.4425108651153
55.94587034652085,-3.1853110878839845,E,55.94587034652085,-3.1850110878839843,2436.70982797981,2377.1925108651153
55.94587034652085,-3.1850110878839843,W,55.94587034652085,-3.1853110878839845,2436.70982797981,2375.9425108651153
55.94587034652085,-3.1853110878839845,E,55.94587034652085,-3.1850110878839843,2436.70982797981,2374.6925108651153
55.94587034652085,-3.1850110878839843,W,55.94587034652085,-3.1853110878839845,2436.70982797981,2373.4425108651153
55.94587034652085,-3.1853110878839845,E,55.94587034652085,-3.1850110878839843,2436.70982797981,2372.1925108651153
55.94587034652085,-3.1850110878839843,W,55.94587034652085,-3.1853110878839845,2436.70982797981,2370.9425108651153
55.94587034652085,-3.1853110878839845,E,55.94587034652085,-3.1850110878839843,2436.70982797981,2369.6925108651153
55.94587034652085,-3.1850110878839843,W,55.94587034652085,-3.1853110878839845,2436.70982797981,2368.4425108651153
55.94587034652085,-3.1853110878839845,E,55.94587034652085,-3.1850110878839843,2436.70982797981,2367.1925108651153
55.94587034652085,-3.1850110878839843,W,55.94587034652085,-3.1853110878839845,2436.70982797981,2365.9425108651153
55.94587034652085,-3.1853110878839845,E,55.94587034652085,-3.1850110878839843,2436.70982797981,2364.6925108651153
55.94587034652085,-3.1850110878839843,W,55.94587034652085,-3.1853110878839845,2436.70982797981,2363.4425108651153
55.94587034652085,-3.1853110878839845,E,55.94587034652085,-3.1850110878839843,2436.70982797981,2362.1925108651153
55.94587034652085,-3.1850110878839843,W,55.94587034652085,-3.1853110878839845,2436.70982797981,2360.9425108651153
55.94587034652085,-3.1853110878839845,E,55.94587034652085,-3.1850110878839843,2436.70982797981,2359.6925108651153
55.94587034652085,-3.1850110878839843,W,55.94587034652085,-3.1853110878839845,2436.70982797981,2358.4425108651153
55.94587034652085,-3.1853110878839845,E,55.94587034652085,-3.1850110878839843,2436.70982797981,2357.1925108651153
55.94587034652085,-3.1850110878839843,W,55.94587034652085,-3.1853110878839845,2436.70982797981,2355.9425108651153
55.94587034652085,-3.1853110878839845,E,55.94587034652085,-3.1850110878839843,2436.70982797981,2354.6925108651153
55.94587034652085,-3.1850110878839843,W,55.94587034652085,-3.1853110878839845,2436.70982797981,2353.4425108651153
55.94587034652085,-3.1853110878839845,E,55.94587034652085,-3.1850110878839843,2436.70982797981,2352.1925108651153
55.94587034652085,-3.1850110878839843,W,55.94587034652085,-3.1853110878839845,2436.70982797981,2350.9425108651153
55.94587034652085,-3.1853110878839845,E,55.94587034652085,-3.1850110878839843,2436.70982797981,2349.6925108651153
55.94587034652085,-3.1850110878839843,W,55.94587034652085,-3.1853110878839845,2436.70982797981,2348.4425108651153
55.94587034652085,-3.1853110878839845,E,55.94587034652085,-3.1850110878839843,2436.70982797981,2347.1925108651153
55.94587034652085,-3.1850110878839843,W,55.94587034652085,-3.1853110878839845,2436.70982797981,2345.9425108651153
55.94587034652085,-3.1853110878839845,E,55.94587034652085,-3.1850110878839843,2436.70982797981,2344.6925108651153
55.94587034652085,-3.1850110878839843,W,55.94587034652085,-3.1853110878839845,2436.70982797981,2343.4425108651153
55.94587034652085,-3.1853110878839845,E,55.94587034652085,-3.1850110878839843,2436.70982797981,2342.1925108651153
55.94587034652085,-3.1850110878839843,W,55.94587034652085,-3.1853110878839845,2436.70982797981,2340.9425108651153
55.94587034652085,-3.1853110878839845,E,55.94587034652085,-3.1850110878839843,2436.70982797981,2339.6925108651153
55.94587034652085,-3.1850110878839843,W,55.94587034652085,-3.1853110878839845,2436.70982797981,2338.4425108651153
55.94587034652085,-3.1853110878839845,E,55.94587034652085,-3.1850110878839843,2436.70982797981,2337.1925108651153
