55.944425,-3.188396,ESE,55.94431019497029,-3.1881188361402466,58.162356354040504,263.10415143994055
55.94431019497029,-3.1881188361402466,SE,55.944098062935936,-3.187906704105891,98.38050636140105,349.4068483144564
55.944098062935936,-3.187906704105891,S,55.94379806293593,-3.187906704105891,201.36859761329976,423.67590479082537
55.94379806293593,-3.187906704105891,NE,55.94401019497029,-3.187694572071535,201.36859761329976,422.42590479082537
55.94401019497029,-3.187694572071535,NE,55.944222327004645,-3.1874824400371793,242.4969158447061,480.20401695129334
55.944222327004645,-3.1874824400371793,ENE,55.944337132034356,-3.187205276177426,242.4969158447061,478.95401695129334
55.944337132034356,-3.187205276177426,ENE,55.944451937064066,-3.1869281123176725,333.410474639172,553.4243179614556
55.944451937064066,-3.1869281123176725,NE,55.94466406909842,-3.1867159802833167,388.4356853767323,576.3434950128615
55.94466406909842,-3.1867159802833167,ESE,55.94454926406871,-3.1864388164235633,398.9778822403968,607.3486601538004
55.94454926406871,-3.1864388164235633,ENE,55.94466406909842,-3.18616165256381,398.9778822403968,606.0986601538004
55.94466406909842,-3.18616165256381,NE,55.94487620113278,-3.185949520529454,516.3425093401928,713.5652038695998
55.94487620113278,-3.185949520529454,NW,55.945088333167135,-3.18616165256381,613.5477052409486,798.0707285569176
55.945088333167135,-3.18616165256381,ENE,55.945203138196845,-3.1858844887040565,613.5477052409486,796.8207285569176
55.945203138196845,-3.1858844887040565,NE,55.9454152702312,-3.1856723566697007,660.6084737219609,903.7177383393058
55.9454152702312,-3.1856723566697007,SSE,55.945138106371445,-3.185557551639991,660.6084737219609,902.4677383393058
55.945138106371445,-3.185557551639991,SSE,55.94486094251169,-3.1854427466102817,757.3094154522428,996.9486570989582
55.94486094251169,-3.1854427466102817,SSE,55.94458377865193,-3.185327941580572,757.3094154522428,995.6986570989582
55.94458377865193,-3.185327941580572,SSE,55.944306614792175,-3.1852131365508627,757.3094154522428,994.4486570989582
55.944306614792175,-3.1852131365508627,SSE,55.94402945093242,-3.185098331521153,795.9181903256923,1039.1869386246167
55.94402945093242,-3.185098331521153,NE,55.944241582966775,-3.1848861994867974,795.9181903256923,1037.9369386246167
55.944241582966775,-3.1848861994867974,ENE,55.944356387996486,-3.184609035627044,897.417765566372,1085.0652572030917
55.944356387996486,-3.184609035627044,SSW,55.94407922413673,-3.1847238406567535,897.417765566372,1083.8152572030917
55.94407922413673,-3.1847238406567535,SSW,55.94380206027697,-3.184838645686463,897.417765566372,1082.5652572030917
55.94380206027697,-3.184838645686463,SSW,55.943524896417216,-3.1849534507161725,897.417765566372,1081.3152572030917
55.943524896417216,-3.1849534507161725,SSW,55.94324773255746,-3.185068255745882,897.417765566372,1080.0652572030917
55.94324773255746,-3.185068255745882,SSW,55.9429705686977,-3.1851830607755915,1013.016755483601,1148.6148255576084
55.9429705686977,-3.1851830607755915,W,55.9429705686977,-3.1854830607755917,1013.016755483601,1147.3648255576084
55.9429705686977,-3.1854830607755917,WSW,55.94285576366799,-3.185760224635345,1099.6110922714915,1239.227638156794
55.94285576366799,-3.185760224635345,W,55.94285576366799,-3.1860602246353453,1099.847012224184,1330.866515838963
55.94285576366799,-3.1860602246353453,WNW,55.9429705686977,-3.1863373884950987,1194.0821431978914,1384.5611645919842
55.9429705686977,-3.1863373884950987,WSW,55.94285576366799,-3.186614552354852,1194.0821431978914,1383.3111645919842
55.94285576366799,-3.186614552354852,WNW,55.9429705686977,-3.1868917162146055,1194.0821431978914,1382.0611645919842
55.9429705686977,-3.1868917162146055,N,55.943270568697706,-3.1868917162146055,1289.935075666897,1413.7093895685043
55.943270568697706,-3.1868917162146055,NE,55.94348270073206,-3.1866795841802498,1297.0295782501298,1521.3556830717391
55.94348270073206,-3.1866795841802498,N,55.943782700732065,-3.1866795841802498,1412.6823168910626,1575.7487627644655
55.943782700732065,-3.1866795841802498,NW,55.94399483276642,-3.1868917162146055,1412.6823168910626,1574.4987627644655
55.94399483276642,-3.1868917162146055,NW,55.94420696480078,-3.1871038482489613,1412.6823168910626,1573.2487627644655
55.94420696480078,-3.1871038482489613,WNW,55.94432176983049,-3.1873810121087147,1412.6823168910626,1571.9987627644655
55.94432176983049,-3.1873810121087147,NW,55.944533901864844,-3.1875931441430705,1412.6823168910626,1570.7487627644655
55.944533901864844,-3.1875931441430705,WNW,55.944648706894554,-3.187870308002824,1440.1346411738637,1573.5952199330372
55.944648706894554,-3.187870308002824,NNE,55.94492587075431,-3.1877555029731144,1440.1346411738637,1572.3452199330372
55.94492587075431,-3.1877555029731144,NNE,55.94520303461407,-3.187640697943405,1458.9680068330872,1655.7538987010803
55.94520303461407,-3.187640697943405,ENE,55.94531783964378,-3.1873635340836515,1458.9680068330872,1654.5038987010803
55.94531783964378,-3.1873635340836515,NE,55.945529971678134,-3.1871514020492957,1535.3408534984662,1742.1572574529896
55.945529971678134,-3.1871514020492957,E,55.945529971678134,-3.1868514020492955,1535.3408534984662,1740.9072574529896
55.945529971678134,-3.1868514020492955,ENE,55.945644776707844,-3.186574238189542,1535.3408534984662,1739.6572574529896
55.945644776707844,-3.186574238189542,E,55.945644776707844,-3.186274238189542,1535.3408534984662,1738.4072574529896
55.945644776707844,-3.186274238189542,ENE,55.945759581737555,-3.1859970743297885,1535.3408534984662,1737.1572574529896
55.945759581737555,-3.1859970743297885,E,55.945759581737555,-3.1856970743297883,1535.3408534984662,1735.9072574529896
55.945759581737555,-3.1856970743297883,ENE,55.945874386767265,-3.185419910470035,1535.3408534984662,1734.6572574529896
55.945874386767265,-3.185419910470035,E,55.945874386767265,-3.1851199104700347,1576.7982416550212,1752.7634593111443
55.945874386767265,-3.1851199104700347,SW,55.94566225473291,-3.1853320425043905,1576.7982416550212,1751.5134593111443
55.94566225473291,-3.1853320425043905,SW,55.94545012269855,-3.1855441745387463,1576.7982416550212,1750.2634593111443
55.94545012269855,-3.1855441745387463,SW,55.9452379906642,-3.185756306573102,1576.7982416550212,1749.0134593111443
55.9452379906642,-3.185756306573102,SW,55.94502585862984,-3.185968438607458,1576.7982416550212,1747.7634593111443
55.94502585862984,-3.185968438607458,SW,55.944813726595484,-3.1861805706418136,1576.7982416550212,1746.5134593111443
55.944813726595484,-3.1861805706418136,SW,55.94460159456113,-3.1863927026761694,1576.7982416550212,1745.2634593111443
55.94460159456113,-3.1863927026761694,SW,55.94438946252677,-3.186604834710525,1576.7982416550212,1744.0134593111443
55.94438946252677,-3.186604834710525,WSW,55.94427465749706,-3.1868819985702785,1576.7982416550212,1742.7634593111443
55.94427465749706,-3.1868819985702785,SW,55.944062525462705,-3.1870941306046343,1576.7982416550212,1741.5134593111443
55.944062525462705,-3.1870941306046343,WSW,55.943947720432995,-3.1873712944643877,1576.7982416550212,1740.2634593111443
55.943947720432995,-3.1873712944643877,SW,55.94373558839864,-3.1875834264987435,1576.7982416550212,1739.0134593111443
55.94373558839864,-3.1875834264987435,WSW,55.94362078336893,-3.187860590358497,1576.7982416550212,1737.7634593111443
55.94362078336893,-3.187860590358497,SW,55.94340865133457,-3.1880727223928527,1576.7982416550212,1736.5134593111443
55.94340865133457,-3.1880727223928527,WSW,55.94329384630486,-3.188349886252606,1645.3157364543956,1793.5821809905156
55.94329384630486,-3.188349886252606,W,55.94329384630486,-3.1886498862526063,1645.3157364543956,1792.3321809905156
55.94329384630486,-3.1886498862526063,W,55.94329384630486,-3.1889498862526064,1645.3157364543956,1791.0821809905156
55.94329384630486,-3.1889498862526064,W,55.94329384630486,-3.1892498862526066,1645.3157364543956,1789.8321809905156
55.94329384630486,-3.1892498862526066,WNW,55.94340865133457,-3.18952705011236,1645.3157364543956,1788.5821809905156
55.94340865133457,-3.18952705011236,W,55.94340865133457,-3.1898270501123602,1645.3157364543956,1787.3321809905156
55.94340865133457,-3.1898270501123602,WNW,55.94352345636428,-3.1901042139721136,1656.648776750259,1815.5602344255403
55.94352345636428,-3.1901042139721136,WNW,55.94363826139399,-3.190381377831867,1656.648776750259,1814.3102344255403
55.94363826139399,-3.190381377831867,WNW,55.9437530664237,-3.1906585416916204,1766.7165703070575,1906.6286607602603
55.9437530664237,-3.1906585416916204,NNW,55.94403023028346,-3.19077334672133,1766.7165703070575,1905.3786607602603
55.94403023028346,-3.19077334672133,N,55.94433023028346,-3.19077334672133,1818.292960537856,2005.3960054451193
55.94433023028346,-3.19077334672133,NE,55.94454236231782,-3.190561214686974,1828.8558220607686,2070.4798055846163
55.94454236231782,-3.190561214686974,NW,55.944754494352175,-3.19077334672133,1915.4707249197459,2084.9588030348505
55.944754494352175,-3.19077334672133,ENE,55.944869299381885,-3.1904961828615765,1915.4707249197459,2083.7088030348505
55.944869299381885,-3.1904961828615765,ENE,55.944984104411596,-3.190219019001823,1915.4707249197459,2082.4588030348505
55.944984104411596,-3.190219019001823,ENE,55.945098909441306,-3.1899418551420697,1983.6173231073503,2138.364149180289
55.945098909441306,-3.1899418551420697,NNE,55.94537607330106,-3.1898270501123602,1983.6173231073503,2137.114149180289
55.94537607330106,-3.1898270501123602,N,55.945676073301065,-3.1898270501123602,1983.6173231073503,2135.864149180289
55.945676073301065,-3.1898270501123602,NNE,55.94595323716082,-3.1897122450826507,2077.4008537643776,2244.481173981925
55.94595323716082,-3.1897122450826507,SW,55.945741105126466,-3.1899243771170065,2077.4008537643776,2243.231173981925
55.945741105126466,-3.1899243771170065,SW,55.94552897309211,-3.1901365091513623,2077.4008537643776,2241.981173981925
55.94552897309211,-3.1901365091513623,SW,55.94531684105775,-3.190348641185718,2077.4008537643776,2240.731173981925
55.94531684105775,-3.190348641185718,WSW,55.94520203602804,-3.1906258050454714,2077.4008537643776,2239.481173981925
55.94520203602804,-3.1906258050454714,SW,55.94498990399369,-3.190837937079827,2077.4008537643776,2238.231173981925
55.94498990399369,-3.190837937079827,WSW,55.944875098963976,-3.1911151009395806,2077.4008537643776,2236.981173981925
55.944875098963976,-3.1911151009395806,SW,55.94466296692962,-3.1913272329739364,2077.4008537643776,2235.731173981925
55.94466296692962,-3.1913272329739364,WSW,55.94454816189991,-3.19160439683369,2077.4008537643776,2234.481173981925
55.94454816189991,-3.19160439683369,SE,55.94433602986555,-3.191392264799334,2077.4008537643776,2233.231173981925
55.94433602986555,-3.191392264799334,W,55.94433602986555,-3.191692264799334,2077.4008537643776,2231.981173981925
55.94433602986555,-3.191692264799334,WSW,55.94422122483584,-3.1919694286590876,2166.2991440311744,2319.884458493461
55.94422122483584,-3.1919694286590876,SE,55.94400909280149,-3.191757296624732,2166.2991440311744,2318.634458493461
55.94400909280149,-3.191757296624732,SE,55.94379696076713,-3.191545164590376,2166.2991440311744,2317.384458493461
55.94379696076713,-3.191545164590376,SSE,55.943519796907374,-3.1914303595606666,2166.2991440311744,2316.134458493461
55.943519796907374,-3.1914303595606666,SE,55.94330766487302,-3.191218227526311,2166.2991440311744,2314.884458493461
55.94330766487302,-3.191218227526311,SSE,55.94303050101326,-3.1911034224966013,2285.799952876603,2335.4838327913612
55.94303050101326,-3.1911034224966013,E,55.94303050101326,-3.190803422496601,2391.948266752823,2349.9929115078126
55.94303050101326,-3.190803422496601,W,55.94303050101326,-3.1911034224966013,2391.948266752823,2348.7429115078126
55.94303050101326,-3.1911034224966013,E,55.94303050101326,-3.190803422496601,2391.948266752823,2347.4929115078126
55.94303050101326,-3.190803422496601,W,55.94303050101326,-3.1911034224966013,2391.948266752823,2346.2429115078126
55.94303050101326,-3.1911034224966013,E,55.94303050101326,-3.190803422496601,2391.948266752823,2344.9929115078126
55.94303050101326,-3.190803422496601,W,55.94303050101326,-3.1911034224966013,2391.948266752823,2343.7429115078126
55.94303050101326,-3.1911034224966013,E,55.94303050101326,-3.190803422496601,2391.948266752823,2342.4929115078126
55.94303050101326,-3.190803422496601,W,55.94303050101326,-3.1911034224966013,2391.948266752823,2341.2429115078126
55.94303050101326,-3.1911034224966013,E,55.94303050101326,-3.190803422496601,2391.948266752823,2339.9929115078126
55.94303050101326,-3.190803422496601,W,55.94303050101326,-3.1911034224966013,2391.948266752823,2338.7429115078126
55.94303050101326,-3.1911034224966013,E,55.94303050101326,-3.190803422496601,2391.948266752823,2337.4929115078126
55.94303050101326,-3.190803422496601,W,55.94303050101326,-3.1911034224966013,2391.948266752823,2336.2429115078126
55.94303050101326,-3.1911034224966013,E,55.94303050101326,-3.190803422496601,2391.948266752823,2334.9929115078126
55.94303050101326,-3.190803422496601,W,55.94303050101326,-3.1911034224966013,2391.948266752823,2333.7429115078126
55.94303050101326,-3.1911034224966013,E,55.94303050101326,-3.190803422496601,2391.948266752823,2332.4929115078126
55.94303050101326,-3.190803422496601,W,55.94303050101326,-3.1911034224966013,2391.948266752823,2331.2429115078126
55.94303050101326,-3.1911034224966013,E,55.94303050101326,-3.190803422496601,2391.948266752823,2329.9929115078126
55.94303050101326,-3.190803422496601,W,55.94303050101326,-3.1911034224966013,2391.948266752823,2328.7429115078126
55.94303050101326,-3.1911034224966013,E,55.94303050101326,-3.190803422496601,2391.948266752823,2327.4929115078126
55.94303050101326,-3.190803422496601,W,55.94303050101326,-3.1911034224966013,2391.948266752823,2326.2429115078126
55.94303050101326,-3.1911034224966013,E,55.94303050101326,-3.190803422496601,2391.948266752823,2324.9929115078126
55.94303050101326,-3.190803422496601,W,55.94303050101326,-3.1911034224966013,2391.948266752823,2323.7429115078126
55.94303050101326,-3.1911034224966013,E,55.94303050101326,-3.190803422496601,2391.948266752823,2322.4929115078126
55.94303050101326,-3.190803422496601,W,55.94303050101326,-3.1911034224966013,2391.948266752823,2321.2429115078126
55.94303050101326,-3.1911034224966013,E,55.94303050101326,-3.190803422496601,2391.948266752823,2319.9929115078126
55.94303050101326,-3.190803422496601,W,55.94303050101326,-3.1911034224966013,2391.948266752823,2318.7429115078126
55.94303050101326,-3.1911034224966013,E,55.94303050101326,-3.190803422496601,2391.948266752823,2317.4929115078126
55.94303050101326,-3.190803422496601,W,55.94303050101326,-3.1911034224966013,2391.948266752823,2316.2429115078126
55.94303050101326,-3.1911034224966013,E,55.94303050101326,-3.190803422496601,2391.948266752823,2314.9929115078126
55.94303050101326,-3.190803422496601,W,55.94303050101326,-3.1911034224966013,2391.948266752823,2313.7429115078126
55.94303050101326,-3.1911034224966013,E,55.94303050101326,-3.190803422496601,2391.948266752823,2312.4929115078126
55.94303050101326,-3.190803422496601,W,55.94303050101326,-3.1911034224966013,2391.948266752823,2311.2429115078126
55.94303050101326,-3.1911034224966013,E,55.94303050101326,-3.190803422496601,2391.948266752823,2309.9929115078126
55.94303050101326,-3.190803422496601,W,55.94303050101326,-3.1911034224966013,2391.948266752823,2308.7429115078126
55.94303050101326,-3.1911034224966013,E,55.94303050101326,-3.190803422496601,2391.948266752823,2307.4929115078126
55.94303050101326,-3.190803422496601,W,55.94303050101326,-3.1911034224966013,2391.948266752823,2306.2429115078126
55.94303050101326,-3.1911034224966013,E,55.94303050101326,-3.190803422496601,2391.948266752823,2304.9929115078126
55.94303050101326,-3.190803422496601,W,55.94303050101326,-3.1911034224966013,2391.948266752823,2303.7429115078126
55.94303050101326,-3.1911034224966013,E,55.94303050101326,-3.190803422496601,2391.948266752823,2302.4929115078126
55.94303050101326,-3.190803422496601,W,55.94303050101326,-3.1911034224966013,2391.948266752823,2301.2429115078126
55.94303050101326,-3.1911034224966013,E,55.94303050101326,-3.190803422496601,2391.948266752823,2299.9929115078126
55.94303050101326,-3.190803422496601,W,55.94303050101326,-3.1911034224966013,2391.948266752823,2298.7429115078126
55.94303050101326,-3.1911034224966013,E,55.94303050101326,-3.190803422496601,2391.948266752823,2297.4929115078126
55.94303050101326,-3.190803422496601,W,55.94303050101326,-3.1911034224966013,2391.948266752823,2296.2429115078126
55.94303050101326,-3.1911034224966013,E,55.94303050101326,-3.190803422496601,2391.948266752823,2294.9929115078126
55.94303050101326,-3.190803422496601,W,55.94303050101326,-3.1911034224966013,2391.948266752823,2293.7429115078126
55.94303050101326,-3.1911034224966013,E,55.94303050101326,-3.190803422496601,2391.948266752823,2292.4929115078126
55.94303050101326,-3.190803422496601,W,55.94303050101326,-3.1911034224966013,2391.948266752823,2291.2429115078126
55.94303050101326,-3.1911034224966013,E,55.94303050101326,-3.190803422496601,2391.948266752823,2289.9929115078126
55.94303050101326,-3.190803422496601,W,55.94303050101326,-3.1911034224966013,2391.948266752823,2288.7429115078126
55.94303050101326,-3.1911034224966013,E,55.94303050101326,-3.190803422496601,2391.948266752823,2287.4929115078126
55.94303050101326,-3.190803422496601,W,55.94303050101326,-3.1911034224966013,2391.948266752823,2286.2429115078126
55.94303050101326,-3.1911034224966013,E,55.94303050101326,-3.190803422496601,2391.948266752823,2284.9929115078126
55.94303050101326,-3.190803422496601,W,55.94303050101326,-3.1911034224966013,2391.948266752823,2283.7429115078126
55.94303050101326,-3.1911034224966013,E,55.94303050101326,-3.190803422496601,2391.948266752823,2282.4929115078126
55.94303050101326,-3.190803422496601,W,55.94303050101326,-3.1911034224966013,2391.948266752823,2281.2429115078126
55.94303050101326,-3.1911034224966013,E,55.94303050101326,-3.190803422496601,2391.948266752823,2279.9929115078126
55.94303050101326,-3.190803422496601,W,55.94303050101326,-3.1911034224966013,2391.948266752823,2278.7429115078126
55.94303050101326,-3.1911034224966013,E,55.94303050101326,-3.190803422496601,2391.948266752823,2277.4929115078126
55.94303050101326,-3.190803422496601,W,55.94303050101326,-3.1911034224966013,2391.948266752823,2276.2429115078126
55.94303050101326,-3.1911034224966013,E,55.94303050101326,-3.190803422496601,2391.948266752823,2274.9929115078126
55.94303050101326,-3.190803422496601,W,55.94303050101326,-3.1911034224966013,2391.948266752823,2273.7429115078126
55.94303050101326,-3.1911034224966013,E,55.94303050101326,-3.190803422496601,2391.948266752823,2272.4929115078126
55.94303050101326,-3.190803422496601,W,55.94303050101326,-3.1911034224966013,2391.948266752823,2271.2429115078126
55.94303050101326,-3.1911034224966013,E,55.94303050101326,-3.190803422496601,2391.948266752823,2269.9929115078126
55.94303050101326,-3.190803422496601,W,55.94303050101326,-3.1911034224966013,2391.948266752823,2268.7429115078126
55.94303050101326,-3.1911034224966013,E,55.94303050101326,-3.190803422496601,2391.948266752823,2267.4929115078126
55.94303050101326,-3.190803422496601,W,55.94303050101326,-3.1911034224966013,2391.948266752823,2266.2429115078126
55.94303050101326,-3.1911034224966013,E,55.94303050101326,-3.190803422496601,2391.948266752823,2264.9929115078126
55.94303050101326,-3.190803422496601,W,55.94303050101326,-3.1911034224966013,2391.948266752823,2263.7429115078126
55.94303050101326,-3.1911034224966013,E,55.94303050101326,-3.190803422496601,2391.948266752823,2262.4929115078126
55.94303050101326,-3.190803422496601,W,55.94303050101326,-3.1911034224966013,2391.948266752823,2261.2429115078126
55.94303050101326,-3.1911034224966013,E,55.94303050101326,-3.190803422496601,2391.948266752823,2259.9929115078126
55.94303050101326,-3.190803422496601,W,55.94303050101326,-3.1911034224966013,2391.948266752823,2258.7429115078126
55.94303050101326,-3.1911034224966013,E,55.94303050101326,-3.190803422496601,2391.948266752823,2257.4929115078126
55.94303050101326,-3.190803422496601,W,55.94303050101326,-3.1911034224966013,2391.948266752823,2256.2429115078126
55.94303050101326,-3.1911034224966013,E,55.94303050101326,-3.190803422496601,2391.948266752823,2254.9929115078126
55.94303050101326,-3.190803422496601,W,55.94303050101326,-3.1911034224966013,2391.948266752823,2253.7429115078126
55.94303050101326,-3.1911034224966013,E,55.94303050101326,-3.190803422496601,2391.948266752823,2252.4929115078126
55.94303050101326,-3.190803422496601,W,55.94303050101326,-3.1911034224966013,2391.948266752823,2251.2429115078126
55.94303050101326,-3.1911034224966013,E,55.94303050101326,-3.190803422496601,2391.948266752823,2249.9929115078126
55.94303050101326,-3.190803422496601,W,55.94303050101326,-3.1911034224966013,2391.948266752823,2248.7429115078126
55.94303050101326,-3.1911034224966013,E,55.94303050101326,-3.190803422496601,2391.948266752823,2247.4929115078126
55.94303050101326,-3.190803422496601,W,55.94303050101326,-3.1911034224966013,2391.948266752823,2246.2429115078126
55.94303050101326,-3.1911034224966013,E,55.94303050101326,-3.190803422496601,2391.948266752823,2244.9929115078126
55.94303050101326,-3.190803422496601,W,55.94303050101326,-3.1911034224966013,2391.948266752823,2243.7429115078126
55.94303050101326,-3.1911034224966013,E,55.94303050101326,-3.190803422496601,2391.948266752823,2242.4929115078126
55.94303050101326,-3.190803422496601,W,55.94303050101326,-3.1911034224966013,2391.948266752823,2241.2429115078126
55.94303050101326,-3.1911034224966013,E,55.94303050101326,-3.190803422496601,2391.948266752823,2239.9929115078126
55.94303050101326,-3.190803422496601,W,55.94303050101326,-3.1911034224966013,2391.948266752823,2238.7429115078126
55.94303050101326,-3.1911034224966013,E,55.94303050101326,-3.190803422496601,2391.948266752823,2237.4929115078126
55.94303050101326,-3.190803422496601,W,55.94303050101326,-3.1911034224966013,2391.948266752823,2236.2429115078126
55.94303050101326,-3.1911034224966013,E,55.94303050101326,-3.190803422496601,2391.948266752823,2234.9929115078126
55.94303050101326,-3.190803422496601,W,55.94303050101326,-3.1911034224966013,2391.948266752823,2233.7429115078126
55.94303050101326,-3.1911034224966013,E,55.94303050101326,-3.190803422496601,2391.948266752823,2232.4929115078126
55.94303050101326,-3.190803422496601,W,55.94303050101326,-3.1911034224966013,2391.948266752823,2231.2429115078126
55.94303050101326,-3.1911034224966013,E,55.94303050101326,-3.190803422496601,2391.948266752823,2229.9929115078126
55.94303050101326,-3.190803422496601,W,55.94303050101326,-3.1911034224966013,2391.948266752823,2228.7429115078126
55.94303050101326,-3.1911034224966013,E,55.94303050101326,-3.190803422496601,2391.948266752823,2227.4929115078126
55.94303050101326,-3.190803422496601,W,55.94303050101326,-3.1911034224966013,2391.948266752823,2226.2429115078126
55.94303050101326,-3.1911034224966013,E,55.94303050101326,-3.190803422496601,2391.948266752823,2224.9929115078126
55.94303050101326,-3.190803422496601,W,55.94303050101326,-3.1911034224966013,2391.948266752823,2223.7429115078126
55.94303050101326,-3.1911034224966013,E,55.94303050101326,-3.190803422496601,2391.948266752823,2222.4929115078126
55.94303050101326,-3.190803422496601,W,55.94303050101326,-3.1911034224966013,2391.948266752823,2221.2429115078126
55.94303050101326,-3.1911034224966013,E,55.94303050101326,-3.190803422496601,2391.948266752823,2219.9929115078126
55.94303050101326,-3.190803422496601,W,55.94303050101326,-3.1911034224966013,2391.948266752823,2218.7429115078126
55.94303050101326,-3.1911034224966013,E,55.94303050101326,-3.190803422496601,2391.948266752823,2217.4929115078126
55.94303050101326,-3.190803422496601,W,55.94303050101326,-3.1911034224966013,2391.948266752823,2216.2429115078126
55.94303050101326,-3.1911034224966013,E,55.94303050101326,-3.190803422496601,2391.948266752823,2214.9929115078126
55.94303050101326,-3.190803422496601,W,55.94303050101326,-3.1911034224966013,2391.948266752823,2213.7429115078126
55.94303050101326,-3.1911034224966013,E,55.94303050101326,-3.190803422496601,2391.948266752823,2212.4929115078126
55.94303050101326,-3.190803422496601,W,55.94303050101326,-3.1911034224966013,2391.948266752823,2211.2429115078126
55.94303050101326,-3.1911034224966013,E,55.94303050101326,-3.190803422496601,2391.948266752823,2209.9929115078126
55.94303050101326,-3.190803422496601,W,55.94303050101326,-3.1911034224966013,2391.948266752823,2208.7429115078126
55.94303050101326,-3.1911034224966013,E,55.94303050101326,-3.190803422496601,2391.948266752823,2207.4929115078126
55.94303050101326,-3.190803422496601,W,55.94303050101326,-3.1911034224966013,2391.948266752823,2206.2429115078126
55.94303050101326,-3.1911034224966013,E,55.94303050101326,-3.190803422496601,2391.948266752823,2204.9929115078126
55.94303050101326,-3.190803422496601,W,55.94303050101326,-3.1911034224966013,2391.948266752823,2203.7429115078126
55.94303050101326,-3.1911034224966013,E,55.94303050101326,-3.190803422496601,2391.948266752823,2202.4929115078126
55.94303050101326,-3.190803422496601,W,55.94303050101326,-3.1911034224966013,2391.948266752823,2201.2429115078126
55.94303050101326,-3.1911034224966013,E,55.94303050101326,-3.190803422496601,2391.948266752823,2199.9929115078126
55.94303050101326,-3.190803422496601,W,55.94303050101326,-3.1911034224966013,2391.948266752823,2198.7429115078126
55.94303050101326,-3.1911034224966013,E,55.94303050101326,-3.190803422496601,2391.948266752823,2197.4929115078126
55.94303050101326,-3.190803422496601,W,55.94303050101326,-3.1911034224966013,2391.948266752823,2196.2429115078126
55.94303050101326,-3.1911034224966013,E,55.94303050101326,-3.190803422496601,2391.948266752823,2194.9929115078126
55.94303050101326,-3.190803422496601,W,55.94303050101326,-3.1911034224966013,2391.948266752823,2193.7429115078126
55.94303050101326,-3.1911034224966013,E,55.94303050101326,-3.190803422496601,2391.948266752823,2192.4929115078126
55.94303050101326,-3.190803422496601,W,55.94303050101326,-3.1911034224966013,2391.948266752823,2191.2429115078126
55.94303050101326,-3.1911034224966013,E,55.94303050101326,-3.190803422496601,2391.948266752823,2189.9929115078126
55.94303050101326,-3.190803422496601,W,55.94303050101326,-3.1911034224966013,2391.948266752823,2188.7429115078126
55.94303050101326,-3.1911034224966013,E,55.94303050101326,-3.190803422496601,2391.948266752823,2187.4929115078126
55.94303050101326,-3.190803422496601,W,55.94303050101326,-3.1911034224966013,2391.948266752823,2186.2429115078126
55.94303050101326,-3.1911034224966013,E,55.94303050101326,-3.190803422496601,2391.948266752823,2184.9929115078126
55.94303050101326,-3.190803422496601,W,55.94303050101326,-3.1911034224966013,2391.948266752823,2183.7429115078126
55.94303050101326,-3.1911034224966013,E,55.94303050101326,-3.190803422496601,2391.948266752823,2182.4929115078126
55.94303050101326,-3.190803422496601,W,55.94303050101326,-3.1911034224966013,2391.948266752823,2181.2429115078126
55.94303050101326,-3.1911034224966013,E,55.94303050101326,-3.190803422496601,2391.948266752823,2179.9929115078126
55.94303050101326,-3.190803422496601,W,55.94303050101326,-3.1911034224966013,2391.948266752823,2178.7429115078126
55.94303050101326,-3.1911034224966013,E,55.94303050101326,-3.190803422496601,2391.948266752823,2177.4929115078126
55.94303050101326,-3.190803422496601,W,55.94303050101326,-3.1911034224966013,2391.948266752823,2176.2429115078126
55.94303050101326,-3.1911034224966013,E,55.94303050101326,-3.190803422496601,2391.948266752823,2174.9929115078126
55.94303050101326,-3.190803422496601,W,55.94303050101326,-3.1911034224966013,2391.948266752823,2173.7429115078126
55.94303050101326,-3.1911034224966013,E,55.94303050101326,-3.190803422496601,2391.948266752823,2172.4929115078126
55.94303050101326,-3.190803422496601,W,55.94303050101326,-3.1911034224966013,2391.948266752823,2171.2429115078126
55.94303050101326,-3.1911034224966013,E,55.94303050101326,-3.190803422496601,2391.948266752823,2169.9929115078126
55.94303050101326,-3.190803422496601,W,55.94303050101326,-3.1911034224966013,2391.948266752823,2168.7429115078126
55.94303050101326,-3.1911034224966013,E,55.94303050101326,-3.190803422496601,2391.948266752823,2167.4929115078126
55.94303050101326,-3.190803422496601,W,55.94303050101326,-3.1911034224966013,2391.948266752823,2166.2429115078126
55.94303050101326,-3.1911034224966013,E,55.94303050101326,-3.190803422496601,2391.948266752823,2164.9929115078126
55.94303050101326,-3.190803422496601,W,55.94303050101326,-3.1911034224966013,2391.948266752823,2163.7429115078126
55.94303050101326,-3.1911034224966013,E,55.94303050101326,-3.190803422496601,2391.948266752823,2162.4929115078126
