55.944425,-3.188396,ENE,55.94453980502971,-3.1881188361402466,98.504044115046,347.61387490438653
55.94453980502971,-3.1881188361402466,E,55.94453980502971,-3.1878188361402464,175.740270097448,462.4828630911327
55.94453980502971,-3.1878188361402464,NNW,55.94481696888947,-3.187933641169956,265.33060436257284,494.79118361454834
55.94481696888947,-3.187933641169956,NNE,55.945094132749226,-3.1878188361402464,304.64047582341414,543.7007568029953
55.945094132749226,-3.1878188361402464,NE,55.94530626478358,-3.1876067041058906,304.64047582341414,542.4507568029953
55.94530626478358,-3.1876067041058906,NNE,55.94558342864334,-3.187491899076181,364.2530618743871,621.7737903092383
55.94558342864334,-3.187491899076181,E,55.94558342864334,-3.187191899076181,485.6452425378137,675.5377054934182
55.94558342864334,-3.187191899076181,S,55.945283428643336,-3.187191899076181,485.6452425378137,674.2877054934182
55.945283428643336,-3.187191899076181,S,55.94498342864333,-3.187191899076181,485.6452425378137,673.0377054934182
55.94498342864333,-3.187191899076181,SSE,55.944706264783576,-3.1870770940464714,491.8419291560835,773.139971313424
55.944706264783576,-3.1870770940464714,ESE,55.944591459753866,-3.186799930186718,491.8419291560835,771.889971313424
55.944591459753866,-3.186799930186718,ESE,55.944476654724156,-3.1865227663269646,491.8419291560835,770.639971313424
55.944476654724156,-3.1865227663269646,ESE,55.944361849694445,-3.1862456024672112,491.8419291560835,769.389971313424
55.944361849694445,-3.1862456024672112,SE,55.94414971766009,-3.1860334704328555,552.1859124668025,873.4977295101918
55.94414971766009,-3.1860334704328555,SSW,55.94387255380033,-3.186148275462565,555.1566010315742,965.0773841175549
55.94387255380033,-3.186148275462565,ESE,55.94375774877062,-3.1858711116028116,555.1566010315742,963.8273841175549
55.94375774877062,-3.1858711116028116,ESE,55.94364294374091,-3.185593947743058,555.1566010315742,962.5773841175549
55.94364294374091,-3.185593947743058,ESE,55.9435281387112,-3.1853167838833047,571.6992587355372,1012.8454507235182
55.9435281387112,-3.1853167838833047,NE,55.94374027074556,-3.185104651848949,571.6992587355372,1011.5954507235182
55.94374027074556,-3.185104651848949,NNE,55.944017434605314,-3.1849898468192395,571.6992587355372,1010.3454507235182
55.944017434605314,-3.1849898468192395,NE,55.94422956663967,-3.1847777147848837,576.255202920641,1074.53258556159
55.94422956663967,-3.1847777147848837,SSE,55.943952402779914,-3.184662909755174,576.255202920641,1073.28258556159
55.943952402779914,-3.184662909755174,S,55.94365240277991,-3.184662909755174,576.255202920641,1072.03258556159
55.94365240277991,-3.184662909755174,SSE,55.943375238920154,-3.1845481047254647,576.255202920641,1070.78258556159
55.943375238920154,-3.1845481047254647,S,55.94307523892015,-3.1845481047254647,598.9578450539165,1131.1961703937213
55.94307523892015,-3.1845481047254647,S,55.94277523892015,-3.1845481047254647,709.4232183783711,1186.0603482509807
55.94277523892015,-3.1845481047254647,W,55.94277523892015,-3.184848104725465,709.4232183783711,1184.8103482509807
55.94277523892015,-3.184848104725465,W,55.94277523892015,-3.185148104725465,709.4232183783711,1183.5603482509807
55.94277523892015,-3.185148104725465,W,55.94277523892015,-3.1854481047254652,709.4232183783711,1182.3103482509807
55.94277523892015,-3.1854481047254652,W,55.94277523892015,-3.1857481047254654,709.4232183783711,1181.0603482509807
55.94277523892015,-3.1857481047254654,W,55.94277523892015,-3.1860481047254656,709.4232183783711,1179.8103482509807
55.94277523892015,-3.1860481047254656,W,55.94277523892015,-3.186348104725466,709.4232183783711,1178.5603482509807
55.94277523892015,-3.186348104725466,WNW,55.94289004394986,-3.186625268585219,709.4232183783711,1177.3103482509807
55.94289004394986,-3.186625268585219,W,55.94289004394986,-3.1869252685852194,709.4232183783711,1176.0603482509807
55.94289004394986,-3.1869252685852194,SW,55.9426779119155,-3.187137400619575,709.4232183783711,1174.8103482509807
55.9426779119155,-3.187137400619575,NW,55.94289004394986,-3.187349532653931,709.4232183783711,1173.5603482509807
55.94289004394986,-3.187349532653931,WNW,55.94300484897957,-3.1876266965136844,729.6227982465995,1228.6491436042031
55.94300484897957,-3.1876266965136844,W,55.94300484897957,-3.1879266965136845,729.6227982465995,1227.3991436042031
55.94300484897957,-3.1879266965136845,W,55.94300484897957,-3.1882266965136847,843.6085483556841,1236.8876000155578
55.94300484897957,-3.1882266965136847,WNW,55.94311965400928,-3.188503860373438,843.6085483556841,1235.6376000155578
55.94311965400928,-3.188503860373438,WNW,55.94323445903899,-3.1887810242331915,843.6085483556841,1234.3876000155578
55.94323445903899,-3.1887810242331915,WNW,55.9433492640687,-3.189058188092945,857.9900234326049,1356.2139294020772
55.9433492640687,-3.189058188092945,NNW,55.94362642792846,-3.1891729931226545,857.9900234326049,1354.9639294020772
55.94362642792846,-3.1891729931226545,NNW,55.943903591788214,-3.189287798152364,857.9900234326049,1353.7139294020772
55.943903591788214,-3.189287798152364,NNW,55.94418075564797,-3.1894026031820735,857.9900234326049,1352.4639294020772
55.94418075564797,-3.1894026031820735,NNW,55.94445791950773,-3.189517408211783,922.0695446444266,1356.3556506062137
55.94445791950773,-3.189517408211783,N,55.94475791950773,-3.189517408211783,922.0695446444266,1355.1056506062137
55.94475791950773,-3.189517408211783,ENE,55.94487272453744,-3.1892402443520296,922.0695446444266,1353.8556506062137
55.94487272453744,-3.1892402443520296,NE,55.945084856571796,-3.189028112317674,974.6308496509969,1411.304204618859
55.945084856571796,-3.189028112317674,N,55.9453848565718,-3.189028112317674,974.6308496509969,1410.054204618859
55.9453848565718,-3.189028112317674,W,55.9453848565718,-3.189328112317674,989.6154522367332,1486.4190465712004
55.9453848565718,-3.189328112317674,NNW,55.945662020431556,-3.1894429173473835,1013.8068355409966,1607.0612610487103
55.945662020431556,-3.1894429173473835,WSW,55.945547215401845,-3.189720081207137,1013.8068355409966,1605.8112610487103
55.945547215401845,-3.189720081207137,WSW,55.945432410372135,-3.1899972450668903,1013.8068355409966,1604.5612610487103
55.945432410372135,-3.1899972450668903,WSW,55.945317605342424,-3.1902744089266437,1055.436471407151,1714.1241606825565
55.945317605342424,-3.1902744089266437,SW,55.94510547330807,-3.1904865409609995,1055.436471407151,1712.8741606825565
55.94510547330807,-3.1904865409609995,SSW,55.94482830944831,-3.190601345990709,1111.7224037484477,1767.5591281029442
55.94482830944831,-3.190601345990709,SSE,55.944551145588555,-3.1904865409609995,1111.7224037484477,1766.3091281029442
55.944551145588555,-3.1904865409609995,SSE,55.9442739817288,-3.19037173593129,1111.7224037484477,1765.0591281029442
55.9442739817288,-3.19037173593129,SSE,55.94399681786904,-3.1902569309015805,1114.551139061944,1785.7784179665102
55.94399681786904,-3.1902569309015805,SW,55.943784685834686,-3.1904690629359362,1160.4474380776066,1821.6300832990303
55.943784685834686,-3.1904690629359362,SW,55.94357255380033,-3.190681194970292,1216.4485631975556,1913.8160223541004
55.94357255380033,-3.190681194970292,WSW,55.94345774877062,-3.1909583588300454,1321.4158639623963,1985.3300481138028
55.94345774877062,-3.1909583588300454,W,55.94345774877062,-3.1912583588300456,1362.9685018930288,2068.3888284632244
55.94345774877062,-3.1912583588300456,NW,55.943669880804975,-3.1914704908644014,1362.9685018930288,2067.1388284632244
55.943669880804975,-3.1914704908644014,NW,55.94388201283933,-3.191682622898757,1439.2215751217848,2127.0644041421338
55.94388201283933,-3.191682622898757,NW,55.94409414487369,-3.191894754933113,1551.662854075866,2177.2805842292355
55.94409414487369,-3.191894754933113,NNE,55.944371308733444,-3.1917799499034034,1551.8507667271895,2243.4492697078426
55.944371308733444,-3.1917799499034034,SW,55.94415917669909,-3.191992081937759,1551.8507667271895,2242.1992697078426
55.94415917669909,-3.191992081937759,SW,55.94394704466473,-3.192204213972115,1551.8507667271895,2240.9492697078426
55.94394704466473,-3.192204213972115,SW,55.943734912630376,-3.1924163460064707,1605.663613787156,2287.374565216974
55.943734912630376,-3.1924163460064707,ENE,55.943849717660086,-3.1921391821467173,1605.663613787156,2286.124565216974
55.943849717660086,-3.1921391821467173,NNE,55.94412688151984,-3.192024377117008,1605.663613787156,2284.874565216974
55.94412688151984,-3.192024377117008,NNE,55.9444040453796,-3.1919095720872983,1605.663613787156,2283.624565216974
55.9444040453796,-3.1919095720872983,NE,55.944616177413955,-3.1916974400529425,1605.663613787156,2282.374565216974
55.944616177413955,-3.1916974400529425,NNE,55.94489334127371,-3.191582635023233,1605.663613787156,2281.124565216974
55.94489334127371,-3.191582635023233,NE,55.94510547330807,-3.1913705029888773,1605.663613787156,2279.874565216974
55.94510547330807,-3.1913705029888773,NNE,55.945382637167825,-3.1912556979591677,1605.663613787156,2278.624565216974
55.945382637167825,-3.1912556979591677,NE,55.94559476920218,-3.191043565924812,1605.663613787156,2277.374565216974
55.94559476920218,-3.191043565924812,SE,55.945382637167825,-3.190831433890456,1605.663613787156,2276.124565216974
55.945382637167825,-3.190831433890456,NNE,55.94565980102758,-3.1907166288607467,1605.663613787156,2274.874565216974
55.94565980102758,-3.1907166288607467,N,55.945959801027584,-3.1907166288607467,1648.9793334125936,2392.9989568125166
55.945959801027584,-3.1907166288607467,S,55.94565980102758,-3.1907166288607467,1648.9793334125936,2391.7489568125166
55.94565980102758,-3.1907166288607467,N,55.945959801027584,-3.1907166288607467,1648.9793334125936,2390.4989568125166
55.945959801027584,-3.1907166288607467,S,55.94565980102758,-3.1907166288607467,1648.9793334125936,2389.2489568125166
55.94565980102758,-3.1907166288607467,N,55.945959801027584,-3.1907166288607467,1648.9793334125936,2387.9989568125166
55.945959801027584,-3.1907166288607467,S,55.94565980102758,-3.1907166288607467,1648.9793334125936,2386.7489568125166
55.94565980102758,-3.1907166288607467,N,55.945959801027584,-3.1907166288607467,1648.9793334125936,2385.4989568125166
55.945959801027584,-3.1907166288607467,S,55.94565980102758,-3.1907166288607467,1648.9793334125936,2384.2489568125166
55.94565980102758,-3.1907166288607467,N,55.945959801027584,-3.1907166288607467,1648.9793334125936,2382.9989568125166
55.945959801027584,-3.1907166288607467,S,55.94565980102758,-3.1907166288607467,1648.9793334125936,2381.7489568125166
55.94565980102758,-3.1907166288607467,N,55.945959801027584,-3.1907166288607467,1648.9793334125936,2380.4989568125166
55.945959801027584,-3.1907166288607467,S,55.94565980102758,-3.1907166288607467,1648.9793334125936,2379.2489568125166
55.94565980102758,-3.1907166288607467,N,55.945959801027584,-3.1907166288607467,1648.9793334125936,2377.9989568125166
55.945959801027584,-3.1907166288607467,S,55.94565980102758,-3.1907166288607467,1648.9793334125936,2376.7489568125166
55.94565980102758,-3.1907166288607467,N,55.945959801027584,-3.1907166288607467,1648.9793334125936,2375.4989568125166
55.945959801027584,-3.1907166288607467,S,55.94565980102758,-3.1907166288607467,1648.9793334125936,2374.2489568125166
55.94565980102758,-3.1907166288607467,N,55.945959801027584,-3.1907166288607467,1648.9793334125936,2372.9989568125166
55.945959801027584,-3.1907166288607467,S,55.94565980102758,-3.1907166288607467,1648.9793334125936,2371.7489568125166
55.94565980102758,-3.1907166288607467,N,55.945959801027584,-3.1907166288607467,1648.9793334125936,2370.4989568125166
55.945959801027584,-3.1907166288607467,S,55.94565980102758,-3.1907166288607467,1648.9793334125936,2369.2489568125166
55.94565980102758,-3.1907166288607467,N,55.945959801027584,-3.1907166288607467,1648.9793334125936,2367.9989568125166
55.945959801027584,-3.1907166288607467,S,55.94565980102758,-3.1907166288607467,1648.9793334125936,2366.7489568125166
55.94565980102758,-3.1907166288607467,N,55.945959801027584,-3.1907166288607467,1648.9793334125936,2365.4989568125166
55.945959801027584,-3.1907166288607467,S,55.94565980102758,-3.1907166288607467,1648.9793334125936,2364.2489568125166
55.94565980102758,-3.1907166288607467,N,55.945959801027584,-3.1907166288607467,1648.9793334125936,2362.9989568125166
55.945959801027584,-3.1907166288607467,S,55.94565980102758,-3.1907166288607467,1648.9793334125936,2361.7489568125166
55.94565980102758,-3.1907166288607467,N,55.945959801027584,-3.1907166288607467,1648.9793334125936,2360.4989568125166
55.945959801027584,-3.1907166288607467,S,55.94565980102758,-3.1907166288607467,1648.9793334125936,2359.2489568125166
55.94565980102758,-3.1907166288607467,N,55.945959801027584,-3.1907166288607467,1648.9793334125936,2357.9989568125166
55.945959801027584,-3.1907166288607467,S,55.94565980102758,-3.1907166288607467,1648.9793334125936,2356.7489568125166
55.94565980102758,-3.1907166288607467,N,55.945959801027584,-3.1907166288607467,1648.9793334125936,2355.4989568125166
55.945959801027584,-3.1907166288607467,S,55.94565980102758,-3.1907166288607467,1648.9793334125936,2354.2489568125166
55.94565980102758,-3.1907166288607467,N,55.945959801027584,-3.1907166288607467,1648.9793334125936,2352.9989568125166
55.945959801027584,-3.1907166288607467,S,55.94565980102758,-3.1907166288607467,1648.9793334125936,2351.7489568125166
55.94565980102758,-3.1907166288607467,N,55.945959801027584,-3.1907166288607467,1648.9793334125936,2350.4989568125166
55.945959801027584,-3.1907166288607467,S,55.94565980102758,-3.1907166288607467,1648.9793334125936,2349.2489568125166
55.94565980102758,-3.1907166288607467,N,55.945959801027584,-3.1907166288607467,1648.9793334125936,2347.9989568125166
55.945959801027584,-3.1907166288607467,S,55.94565980102758,-3.1907166288607467,1648.9793334125936,2346.7489568125166
55.94565980102758,-3.1907166288607467,N,55.945959801027584,-3.1907166288607467,1648.9793334125936,2345.4989568125166
55.945959801027584,-3.1907166288607467,S,55.94565980102758,-3.1907166288607467,1648.9793334125936,2344.2489568125166
55.94565980102758,-3.1907166288607467,N,55.945959801027584,-3.1907166288607467,1648.9793334125936,2342.9989568125166
55.945959801027584,-3.1907166288607467,S,55.94565980102758,-3.1907166288607467,1648.9793334125936,2341.7489568125166
55.94565980102758,-3.1907166288607467,N,55.945959801027584,-3.1907166288607467,1648.9793334125936,2340.4989568125166
55.945959801027584,-3.1907166288607467,S,55.94565980102758,-3.1907166288607467,1648.9793334125936,2339.2489568125166
55.94565980102758,-3.1907166288607467,N,55.945959801027584,-3.1907166288607467,1648.9793334125936,2337.9989568125166
55.945959801027584,-3.1907166288607467,S,55.94565980102758,-3.1907166288607467,1648.9793334125936,2336.7489568125166
55.94565980102758,-3.1907166288607467,N,55.945959801027584,-3.1907166288607467,1648.9793334125936,2335.4989568125166
55.945959801027584,-3.1907166288607467,S,55.94565980102758,-3.1907166288607467,1648.9793334125936,2334.2489568125166
55.94565980102758,-3.1907166288607467,N,55.945959801027584,-3.1907166288607467,1648.9793334125936,2332.9989568125166
55.945959801027584,-3.1907166288607467,S,55.94565980102758,-3.1907166288607467,1648.9793334125936,2331.7489568125166
55.94565980102758,-3.1907166288607467,N,55.945959801027584,-3.1907166288607467,1648.9793334125936,2330.4989568125166
55.945959801027584,-3.1907166288607467,S,55.94565980102758,-3.1907166288607467,1648.9793334125936,2329.2489568125166
55.94565980102758,-3.1907166288607467,N,55.945959801027584,-3.1907166288607467,1648.9793334125936,2327.9989568125166
55.945959801027584,-3.1907166288607467,S,55.94565980102758,-3.1907166288607467,1648.9793334125936,2326.7489568125166
55.94565980102758,-3.1907166288607467,N,55.945959801027584,-3.1907166288607467,1648.9793334125936,2325.4989568125166
55.945959801027584,-3.1907166288607467,S,55.94565980102758,-3.1907166288607467,1648.9793334125936,2324.2489568125166
55.94565980102758,-3.1907166288607467,N,55.945959801027584,-3.1907166288607467,1648.9793334125936,2322.9989568125166
55.945959801027584,-3.1907166288607467,S,55.94565980102758,-3.1907166288607467,1648.9793334125936,2321.7489568125166
55.94565980102758,-3.1907166288607467,N,55.945959801027584,-3.1907166288607467,1648.9793334125936,2320.4989568125166
55.945959801027584,-3.1907166288607467,S,55.94565980102758,-3.1907166288607467,1648.9793334125936,2319.2489568125166
55.94565980102758,-3.1907166288607467,N,55.945959801027584,-3.1907166288607467,1648.9793334125936,2317.9989568125166
55.945959801027584,-3.1907166288607467,S,55.94565980102758,-3.1907166288607467,1648.9793334125936,2316.7489568125166
55.94565980102758,-3.1907166288607467,N,55.945959801027584,-3.1907166288607467,1648.9793334125936,2315.4989568125166
55.945959801027584,-3.1907166288607467,S,55.94565980102758,-3.1907166288607467,1648.9793334125936,2314.2489568125166
55.94565980102758,-3.1907166288607467,N,55.945959801027584,-3.1907166288607467,1648.9793334125936,2312.9989568125166
55.945959801027584,-3.1907166288607467,S,55.94565980102758,-3.1907166288607467,1648.9793334125936,2311.7489568125166
55.94565980102758,-3.1907166288607467,N,55.945959801027584,-3.1907166288607467,1648.9793334125936,2310.4989568125166
55.945959801027584,-3.1907166288607467,S,55.94565980102758,-3.1907166288607467,1648.9793334125936,2309.2489568125166
55.94565980102758,-3.1907166288607467,N,55.945959801027584,-3.1907166288607467,1648.9793334125936,2307.9989568125166
55.945959801027584,-3.1907166288607467,S,55.94565980102758,-3.1907166288607467,1648.9793334125936,2306.7489568125166
55.94565980102758,-3.1907166288607467,N,55.945959801027584,-3.1907166288607467,1648.9793334125936,2305.4989568125166
55.945959801027584,-3.1907166288607467,S,55.94565980102758,-3.1907166288607467,1648.9793334125936,2304.2489568125166
55.94565980102758,-3.1907166288607467,N,55.945959801027584,-3.1907166288607467,1648.9793334125936,2302.9989568125166
55.945959801027584,-3.1907166288607467,S,55.94565980102758,-3.1907166288607467,1648.9793334125936,2301.7489568125166
55.94565980102758,-3.1907166288607467,N,55.945959801027584,-3.1907166288607467,1648.9793334125936,2300.4989568125166
55.945959801027584,-3.1907166288607467,S,55.94565980102758,-3.1907166288607467,1648.9793334125936,2299.2489568125166
55.94565980102758,-3.1907166288607467,N,55.945959801027584,-3.1907166288607467,1648.9793334125936,2297.9989568125166
55.945959801027584,-3.1907166288607467,S,55.94565980102758,-3.1907166288607467,1648.9793334125936,2296.7489568125166
55.94565980102758,-3.1907166288607467,N,55.945959801027584,-3.1907166288607467,1648.9793334125936,2295.4989568125166
55.945959801027584,-3.1907166288607467,S,55.94565980102758,-3.1907166288607467,1648.9793334125936,2294.2489568125166
55.94565980102758,-3.1907166288607467,N,55.945959801027584,-3.1907166288607467,1648.9793334125936,2292.9989568125166
55.945959801027584,-3.1907166288607467,S,55.94565980102758,-3.1907166288607467,1648.9793334125936,2291.7489568125166
55.94565980102758,-3.1907166288607467,N,55.945959801027584,-3.1907166288607467,1648.9793334125936,2290.4989568125166
55.945959801027584,-3.1907166288607467,S,55.94565980102758,-3.1907166288607467,1648.9793334125936,2289.2489568125166
55.94565980102758,-3.1907166288607467,N,55.945959801027584,-3.1907166288607467,1648.9793334125936,2287.9989568125166
55.945959801027584,-3.1907166288607467,S,55.94565980102758,-3.1907166288607467,1648.9793334125936,2286.7489568125166
55.94565980102758,-3.1907166288607467,N,55.945959801027584,-3.1907166288607467,1648.9793334125936,2285.4989568125166
55.945959801027584,-3.1907166288607467,S,55.94565980102758,-3.1907166288607467,1648.9793334125936,2284.2489568125166
55.94565980102758,-3.1907166288607467,N,55.945959801027584,-3.1907166288607467,1648.9793334125936,2282.9989568125166
55.945959801027584,-3.1907166288607467,S,55.94565980102758,-3.1907166288607467,1648.9793334125936,2281.7489568125166
55.94565980102758,-3.1907166288607467,N,55.945959801027584,-3.1907166288607467,1648.9793334125936,2280.4989568125166
55.945959801027584,-3.1907166288607467,S,55.94565980102758,-3.1907166288607467,1648.9793334125936,2279.2489568125166
55.94565980102758,-3.1907166288607467,N,55.945959801027584,-3.1907166288607467,1648.9793334125936,2277.9989568125166
55.945959801027584,-3.1907166288607467,S,55.94565980102758,-3.1907166288607467,1648.9793334125936,2276.7489568125166
55.94565980102758,-3.1907166288607467,N,55.945959801027584,-3.1907166288607467,1648.9793334125936,2275.4989568125166
55.945959801027584,-3.1907166288607467,S,55.94565980102758,-3.1907166288607467,1648.9793334125936,2274.2489568125166
55.94565980102758,-3.1907166288607467,N,55.945959801027584,-3.1907166288607467,1648.9793334125936,2272.9989568125166
55.945959801027584,-3.1907166288607467,S,55.94565980102758,-3.1907166288607467,1648.9793334125936,2271.7489568125166
55.94565980102758,-3.1907166288607467,N,55.945959801027584,-3.1907166288607467,1648.9793334125936,2270.4989568125166
55.945959801027584,-3.1907166288607467,S,55.94565980102758,-3.1907166288607467,1648.9793334125936,2269.2489568125166
55.94565980102758,-3.1907166288607467,N,55.945959801027584,-3.1907166288607467,1648.9793334125936,2267.9989568125166
55.945959801027584,-3.1907166288607467,S,55.94565980102758,-3.1907166288607467,1648.9793334125936,2266.7489568125166
55.94565980102758,-3.1907166288607467,N,55.945959801027584,-3.1907166288607467,1648.9793334125936,2265.4989568125166
55.945959801027584,-3.1907166288607467,S,55.94565980102758,-3.1907166288607467,1648.9793334125936,2264.2489568125166
55.94565980102758,-3.1907166288607467,N,55.945959801027584,-3.1907166288607467,1648.9793334125936,2262.9989568125166
55.945959801027584,-3.1907166288607467,S,55.94565980102758,-3.1907166288607467,1648.9793334125936,2261.7489568125166
55.94565980102758,-3.1907166288607467,N,55.945959801027584,-3.1907166288607467,1648.9793334125936,2260.4989568125166
55.945959801027584,-3.1907166288607467,S,55.94565980102758,-3.1907166288607467,1648.9793334125936,2259.2489568125166
55.94565980102758,-3.1907166288607467,N,55.945959801027584,-3.1907166288607467,1648.9793334125936,2257.9989568125166
55.945959801027584,-3.1907166288607467,S,55.94565980102758,-3.1907166288607467,1648.9793334125936,2256.7489568125166
55.94565980102758,-3.1907166288607467,N,55.945959801027584,-3.1907166288607467,1648.9793334125936,2255.4989568125166
55.945959801027584,-3.1907166288607467,S,55.94565980102758,-3.1907166288607467,1648.9793334125936,2254.2489568125166
55.94565980102758,-3.1907166288607467,N,55.945959801027584,-3.1907166288607467,1648.9793334125936,2252.9989568125166
55.945959801027584,-3.1907166288607467,S,55.94565980102758,-3.1907166288607467,1648.9793334125936,2251.7489568125166
55.94565980102758,-3.1907166288607467,N,55.945959801027584,-3.1907166288607467,1648.9793334125936,2250.4989568125166
55.945959801027584,-3.1907166288607467,S,55.94565980102758,-3.1907166288607467,1648.9793334125936,2249.2489568125166
55.94565980102758,-3.1907166288607467,N,55.945959801027584,-3.1907166288607467,1648.9793334125936,2247.9989568125166
55.945959801027584,-3.1907166288607467,S,55.94565980102758,-3.1907166288607467,1648.9793334125936,2246.7489568125166
55.94565980102758,-3.1907166288607467,N,55.945959801027584,-3.1907166288607467,1648.9793334125936,2245.4989568125166
55.945959801027584,-3.1907166288607467,S,55.94565980102758,-3.1907166288607467,1648.9793334125936,2244.2489568125166
55.94565980102758,-3.1907166288607467,N,55.945959801027584,-3.1907166288607467,1648.9793334125936,2242.9989568125166
55.945959801027584,-3.1907166288607467,S,55.94565980102758,-3.1907166288607467,1648.9793334125936,2241.7489568125166
55.94565980102758,-3.1907166288607467,N,55.945959801027584,-3.1907166288607467,1648.9793334125936,2240.4989568125166
55.945959801027584,-3.1907166288607467,S,55.94565980102758,-3.1907166288607467,1648.9793334125936,2239.2489568125166
55.94565980102758,-3.1907166288607467,N,55.945959801027584,-3.1907166288607467,1648.9793334125936,2237.9989568125166
55.945959801027584,-3.1907166288607467,S,55.94565980102758,-3.1907166288607467,1648.9793334125936,2236.7489568125166
55.94565980102758,-3.1907166288607467,N,55.945959801027584,-3.1907166288607467,1648.9793334125936,2235.4989568125166
55.945959801027584,-3.1907166288607467,S,55.94565980102758,-3.1907166288607467,1648.9793334125936,2234.2489568125166
55.94565980102758,-3.1907166288607467,N,55.945959801027584,-3.1907166288607467,1648.9793334125936,2232.9989568125166
55.945959801027584,-3.1907166288607467,S,55.94565980102758,-3.1907166288607467,1648.9793334125936,2231.7489568125166
55.94565980102758,-3.1907166288607467,N,55.945959801027584,-3.1907166288607467,1648.9793334125936,2230.4989568125166
55.945959801027584,-3.1907166288607467,S,55.94565980102758,-3.1907166288607467,1648.9793334125936,2229.2489568125166
55.94565980102758,-3.1907166288607467,N,55.945959801027584,-3.1907166288607467,1648.9793334125936,2227.9989568125166
55.945959801027584,-3.1907166288607467,S,55.94565980102758,-3.1907166288607467,1648.9793334125936,2226.7489568125166
55.94565980102758,-3.1907166288607467,N,55.945959801027584,-3.1907166288607467,1648.9793334125936,2225.4989568125166
55.945959801027584,-3.1907166288607467,S,55.94565980102758,-3.1907166288607467,1648.9793334125936,2224.2489568125166
55.94565980102758,-3.1907166288607467,N,55.945959801027584,-3.1907166288607467,1648.9793334125936,2222.9989568125166
55.945959801027584,-3.1907166288607467,S,55.94565980102758,-3.1907166288607467,1648.9793334125936,2221.7489568125166
55.94565980102758,-3.1907166288607467,N,55.945959801027584,-3.1907166288607467,1648.9793334125936,2220.4989568125166
55.945959801027584,-3.1907166288607467,S,55.94565980102758,-3.1907166288607467,1648.9793334125936,2219.2489568125166
55.94565980102758,-3.1907166288607467,N,55.945959801027584,-3.1907166288607467,1648.9793334125936,2217.9989568125166
55.945959801027584,-3.1907166288607467,S,55.94565980102758,-3.1907166288607467,1648.9793334125936,2216.7489568125166
55.94565980102758,-3.1907166288607467,N,55.945959801027584,-3.1907166288607467,1648.9793334125936,2215.4989568125166
55.945959801027584,-3.1907166288607467,S,55.94565980102758,-3.1907166288607467,1648.9793334125936,2214.2489568125166
55.94565980102758,-3.1907166288607467,N,55.945959801027584,-3.1907166288607467,1648.9793334125936,2212.9989568125166
55.945959801027584,-3.1907166288607467,S,55.94565980102758,-3.1907166288607467,1648.9793334125936,2211.7489568125166
55.94565980102758,-3.1907166288607467,N,55.945959801027584,-3.1907166288607467,1648.9793334125936,2210.4989568125166
55.945959801027584,-3.1907166288607467,S,55.94565980102758,-3.1907166288607467,1648.9793334125936,2209.2489568125166
55.94565980102758,-3.1907166288607467,N,55.945959801027584,-3.1907166288607467,1648.9793334125936,2207.9989568125166
55.945959801027584,-3.1907166288607467,S,55.94565980102758,-3.1907166288607467,1648.9793334125936,2206.7489568125166
55.94565980102758,-3.1907166288607467,N,55.945959801027584,-3.1907166288607467,1648.9793334125936,2205.4989568125166
55.945959801027584,-3.1907166288607467,S,55.94565980102758,-3.1907166288607467,1648.9793334125936,2204.2489568125166
55.94565980102758,-3.1907166288607467,N,55.945959801027584,-3.1907166288607467,1648.9793334125936,2202.9989568125166
55.945959801027584,-3.1907166288607467,S,55.94565980102758,-3.1907166288607467,1648.9793334125936,2201.7489568125166
55.94565980102758,-3.1907166288607467,N,55.945959801027584,-3.1907166288607467,1648.9793334125936,2200.4989568125166
55.945959801027584,-3.1907166288607467,S,55.94565980102758,-3.1907166288607467,1648.9793334125936,2199.2489568125166
55.94565980102758,-3.1907166288607467,N,55.945959801027584,-3.1907166288607467,1648.9793334125936,2197.9989568125166
55.945959801027584,-3.1907166288607467,S,55.94565980102758,-3.1907166288607467,1648.9793334125936,2196.7489568125166
55.94565980102758,-3.1907166288607467,N,55.945959801027584,-3.1907166288607467,1648.9793334125936,2195.4989568125166
55.945959801027584,-3.1907166288607467,S,55.94565980102758,-3.1907166288607467,1648.9793334125936,2194.2489568125166
55.94565980102758,-3.1907166288607467,N,55.945959801027584,-3.1907166288607467,1648.9793334125936,2192.9989568125166
55.945959801027584,-3.1907166288607467,S,55.94565980102758,-3.1907166288607467,1648.9793334125936,2191.7489568125166
55.94565980102758,-3.1907166288607467,N,55.945959801027584,-3.1907166288607467,1648.9793334125936,2190.4989568125166
55.945959801027584,-3.1907166288607467,S,55.94565980102758,-3.1907166288607467,1648.9793334125936,2189.2489568125166
55.94565980102758,-3.1907166288607467,N,55.945959801027584,-3.1907166288607467,1648.9793334125936,2187.9989568125166
55.945959801027584,-3.1907166288607467,S,55.94565980102758,-3.1907166288607467,1648.9793334125936,2186.7489568125166
55.94565980102758,-3.1907166288607467,N,55.945959801027584,-3.1907166288607467,1648.9793334125936,2185.4989568125166
55.945959801027584,-3.1907166288607467,S,55.94565980102758,-3.1907166288607467,1648.9793334125936,2184.2489568125166
55.94565980102758,-3.1907166288607467,N,55.945959801027584,-3.1907166288607467,1648.9793334125936,2182.9989568125166
