55.944425,-3.188396,SSE,55.944147836140246,-3.1882811949702905,0.0,248.75
55.944147836140246,-3.1882811949702905,SSE,55.94387067228049,-3.188166389940581,0.0,247.5
55.94387067228049,-3.188166389940581,SSE,55.94359350842073,-3.1880515849108715,22.39961738258059,300.3478803059161
55.94359350842073,-3.1880515849108715,ENE,55.94370831345044,-3.187774421051118,22.39961738258059,299.0978803059161
55.94370831345044,-3.187774421051118,ENE,55.943823118480154,-3.1874972571913647,22.39961738258059,297.8478803059161
55.943823118480154,-3.1874972571913647,ENE,55.943937923509864,-3.1872200933316113,69.5277262403956,410.6298816754777
55.943937923509864,-3.1872200933316113,NNW,55.94421508736962,-3.187334898361321,127.28689942944706,468.93751064101707
55.94421508736962,-3.187334898361321,S,55.94391508736962,-3.187334898361321,127.28689942944706,467.68751064101707
55.94391508736962,-3.187334898361321,SSE,55.94363792350986,-3.1872200933316113,127.28689942944706,466.43751064101707
55.94363792350986,-3.1872200933316113,SSE,55.943360759650105,-3.1871052883019018,214.33618571663118,550.556241354697
55.943360759650105,-3.1871052883019018,SW,55.94314862761575,-3.1873174203362575,214.33618571663118,549.306241354697
55.94314862761575,-3.1873174203362575,WSW,55.94303382258604,-3.187594584196011,214.33618571663118,548.056241354697
55.94303382258604,-3.187594584196011,SW,55.94282169055168,-3.1878067162303667,214.33618571663118,546.806241354697
55.94282169055168,-3.1878067162303667,WSW,55.94270688552197,-3.18808388009012,237.3564793073855,622.3095060063463
55.94270688552197,-3.18808388009012,WNW,55.94282169055168,-3.1883610439498735,237.3564793073855,621.0595060063463
55.94282169055168,-3.1883610439498735,WNW,55.94293649558139,-3.188638207809627,237.3564793073855,619.8095060063463
55.94293649558139,-3.188638207809627,WNW,55.9430513006111,-3.1889153716693803,316.01861135896,710.331935292781
55.9430513006111,-3.1889153716693803,WNW,55.94316610564081,-3.1891925355291337,316.01861135896,709.081935292781
55.94316610564081,-3.1891925355291337,NW,55.94337823767517,-3.1894046675634895,420.7038399071894,767.1868300934667
55.94337823767517,-3.1894046675634895,W,55.94337823767517,-3.1897046675634897,475.7003841057944,822.2247791176073
55.94337823767517,-3.1897046675634897,NNW,55.943655401534926,-3.189819472593199,475.7003841057944,820.9747791176073
55.943655401534926,-3.189819472593199,NNW,55.94393256539468,-3.1899342776229087,475.7003841057944,819.7247791176073
55.94393256539468,-3.1899342776229087,N,55.944232565394685,-3.1899342776229087,529.5933496398839,873.8051226130503
55.944232565394685,-3.1899342776229087,WNW,55.944347370424396,-3.190211441482662,589.1748209865791,933.0858006186768
55.944347370424396,-3.190211441482662,SW,55.94413523839004,-3.190423573517018,589.1748209865791,931.8358006186768
55.94413523839004,-3.190423573517018,SSW,55.94385807453028,-3.1905383785467274,698.6970187234898,965.2666284507726
55.94385807453028,-3.1905383785467274,NNW,55.94413523839004,-3.190653183576437,698.6970187234898,964.0166284507726
55.94413523839004,-3.190653183576437,NNW,55.944412402249796,-3.1907679886061464,745.6385173233812,1002.8419506255813
55.944412402249796,-3.1907679886061464,WSW,55.944297597220086,-3.1910451524659,745.6385173233812,1001.5919506255813
55.944297597220086,-3.1910451524659,WSW,55.944182792190375,-3.191322316325653,830.7779221101652,1034.2785305953064
55.944182792190375,-3.191322316325653,WNW,55.944297597220086,-3.1915994801854066,830.7779221101652,1033.0285305953064
55.944297597220086,-3.1915994801854066,NW,55.94450972925444,-3.1918116122197624,879.9271272440983,1112.6824904810157
55.94450972925444,-3.1918116122197624,WSW,55.94439492422473,-3.192088776079516,995.5625890767748,1136.760133221779
55.94439492422473,-3.192088776079516,NNW,55.94467208808449,-3.1922035811092253,1021.9565598280917,1141.008548044743
55.94467208808449,-3.1922035811092253,NNE,55.944949251944244,-3.192088776079516,1021.9565598280917,1139.758548044743
55.944949251944244,-3.192088776079516,NNE,55.945226415804,-3.1919739710498063,1052.7257802800846,1202.7795882742867
55.945226415804,-3.1919739710498063,NE,55.94543854783836,-3.1917618390154505,1052.7257802800846,1201.5295882742867
55.94543854783836,-3.1917618390154505,NE,55.94565067987271,-3.1915497069810947,1140.9886968460482,1282.3011879926407
55.94565067987271,-3.1915497069810947,NNE,55.94592784373247,-3.1914349019513852,1140.9886968460482,1281.0511879926407
55.94592784373247,-3.1914349019513852,NNE,55.946205007592226,-3.1913200969216757,1240.70489628633,1377.2448117941963
55.946205007592226,-3.1913200969216757,S,55.94590500759222,-3.1913200969216757,1240.70489628633,1375.9948117941963
55.94590500759222,-3.1913200969216757,S,55.94560500759222,-3.1913200969216757,1240.70489628633,1374.7448117941963
55.94560500759222,-3.1913200969216757,S,55.94530500759222,-3.1913200969216757,1240.70489628633,1373.4948117941963
55.94530500759222,-3.1913200969216757,S,55.945005007592215,-3.1913200969216757,1352.0441032420626,1377.6057808232465
55.945005007592215,-3.1913200969216757,SSW,55.94472784373246,-3.1914349019513852,1352.0441032420626,1376.3557808232465
55.94472784373246,-3.1914349019513852,SSW,55.9444506798727,-3.1915497069810947,1352.0441032420626,1375.1057808232465
55.9444506798727,-3.1915497069810947,SSW,55.944173516012945,-3.1916645120108043,1352.0441032420626,1373.8557808232465
55.944173516012945,-3.1916645120108043,SSW,55.94389635215319,-3.1917793170405138,1352.0441032420626,1372.6057808232465
55.94389635215319,-3.1917793170405138,SSW,55.94361918829343,-3.1918941220702233,1430.8068901007466,1446.4909177040995
55.94361918829343,-3.1918941220702233,SSW,55.943342024433676,-3.192008927099933,1430.8068901007466,1445.2409177040995
55.943342024433676,-3.192008927099933,SSW,55.94306486057392,-3.1921237321296423,1487.8520910596512,1558.9834016538582
55.94306486057392,-3.1921237321296423,ESE,55.94295005554421,-3.191846568269889,1574.3477083315427,1664.9927518306947
55.94295005554421,-3.191846568269889,E,55.94295005554421,-3.1915465682698887,1574.3477083315427,1663.7427518306947
55.94295005554421,-3.1915465682698887,E,55.94295005554421,-3.1912465682698885,1574.3477083315427,1662.4927518306947
55.94295005554421,-3.1912465682698885,E,55.94295005554421,-3.1909465682698883,1574.3477083315427,1661.2427518306947
55.94295005554421,-3.1909465682698883,E,55.94295005554421,-3.190646568269888,1657.2404032539432,1666.1643865068304
55.94295005554421,-3.190646568269888,NNE,55.943227219403965,-3.1905317632401786,1657.2404032539432,1664.9143865068304
55.943227219403965,-3.1905317632401786,NNE,55.94350438326372,-3.190416958210469,1657.2404032539432,1663.6643865068304
55.94350438326372,-3.190416958210469,NNE,55.94378154712348,-3.1903021531807596,1657.2404032539432,1662.4143865068304
55.94378154712348,-3.1903021531807596,NNE,55.944058710983235,-3.19018734815105,1657.2404032539432,1661.1643865068304
55.944058710983235,-3.19018734815105,NNE,55.94433587484299,-3.1900725431213406,1657.2404032539432,1659.9143865068304
55.94433587484299,-3.1900725431213406,NNE,55.94461303870275,-3.189957738091631,1657.2404032539432,1658.6643865068304
55.94461303870275,-3.189957738091631,NNE,55.944890202562505,-3.1898429330619216,1657.2404032539432,1657.4143865068304
55.944890202562505,-3.1898429330619216,NE,55.94510233459686,-3.189630801027566,1698.1935682270782,1709.9551402053269
55.94510233459686,-3.189630801027566,NNW,55.94537949845662,-3.1897456060572753,1698.1935682270782,1708.7051402053269
55.94537949845662,-3.1897456060572753,NNW,55.945656662316374,-3.189860411086985,1698.1935682270782,1707.4551402053269
55.945656662316374,-3.189860411086985,NNW,55.94593382617613,-3.1899752161166943,1698.1935682270782,1706.2051402053269
55.94593382617613,-3.1899752161166943,NNW,55.94621099003589,-3.190090021146404,1738.7876648654878,1738.491619039041
55.94621099003589,-3.190090021146404,E,55.94621099003589,-3.1897900211464036,1738.7876648654878,1737.241619039041
55.94621099003589,-3.1897900211464036,E,55.94621099003589,-3.1894900211464035,1738.7876648654878,1735.991619039041
55.94621099003589,-3.1894900211464035,ESE,55.946096185006176,-3.18921285728665,1738.7876648654878,1734.741619039041
55.946096185006176,-3.18921285728665,SSE,55.94581902114642,-3.1890980522569405,1738.7876648654878,1733.491619039041
55.94581902114642,-3.1890980522569405,ESE,55.94570421611671,-3.188820888397187,1738.7876648654878,1732.241619039041
55.94570421611671,-3.188820888397187,E,55.94570421611671,-3.188520888397187,1738.7876648654878,1730.991619039041
55.94570421611671,-3.188520888397187,E,55.94570421611671,-3.1882208883971868,1738.7876648654878,1729.741619039041
55.94570421611671,-3.1882208883971868,E,55.94570421611671,-3.1879208883971866,1738.7876648654878,1728.491619039041
55.94570421611671,-3.1879208883971866,SW,55.94549208408235,-3.1881330204315423,1738.7876648654878,1727.241619039041
55.94549208408235,-3.1881330204315423,ENE,55.945606889112064,-3.187855856571789,1738.7876648654878,1725.991619039041
55.945606889112064,-3.187855856571789,ENE,55.945721694141774,-3.1875786927120355,1738.7876648654878,1724.741619039041
55.945721694141774,-3.1875786927120355,E,55.945721694141774,-3.1872786927120353,1842.4584059511153,1794.3752399480873
55.945721694141774,-3.1872786927120353,E,55.945721694141774,-3.186978692712035,1842.4584059511153,1793.1252399480873
55.945721694141774,-3.186978692712035,E,55.945721694141774,-3.186678692712035,1842.4584059511153,1791.8752399480873
55.945721694141774,-3.186678692712035,E,55.945721694141774,-3.1863786927120348,1923.5184049671634,1888.6578835474718
55.945721694141774,-3.1863786927120348,SSE,55.94544453028202,-3.1862638876823253,1923.5184049671634,1887.4078835474718
55.94544453028202,-3.1862638876823253,SSE,55.94516736642226,-3.1861490826526158,1923.5184049671634,1886.1578835474718
55.94516736642226,-3.1861490826526158,SE,55.944955234387905,-3.18593695061826,1953.0752124890898,1986.6172318977099
55.944955234387905,-3.18593695061826,ESE,55.944840429358194,-3.1856597867585066,1953.0752124890898,1985.3672318977099
55.944840429358194,-3.1856597867585066,ESE,55.944725624328484,-3.185382622898753,1953.0752124890898,1984.1172318977099
55.944725624328484,-3.185382622898753,ESE,55.944610819298774,-3.1851054590389998,1982.683245474294,1994.662455515749
55.944610819298774,-3.1851054590389998,ENE,55.944725624328484,-3.1848282951792464,2104.1245034949475,2086.401198151988
55.944725624328484,-3.1848282951792464,E,55.944725624328484,-3.184528295179246,2111.1094094605546,2098.1524882346566
55.944725624328484,-3.184528295179246,WNW,55.944840429358194,-3.1848054590389996,2111.1094094605546,2096.9024882346566
55.944840429358194,-3.1848054590389996,N,55.9451404293582,-3.1848054590389996,2111.1094094605546,2095.6524882346566
55.9451404293582,-3.1848054590389996,NE,55.94535256139255,-3.184593327004644,2218.6314240871498,2176.7306659508367
55.94535256139255,-3.184593327004644,SE,55.9451404293582,-3.184381194970288,2218.6314240871498,2175.4806659508367
55.9451404293582,-3.184381194970288,N,55.9454404293582,-3.184381194970288,2265.457175349087,2208.3970628297634
55.9454404293582,-3.184381194970288,NNW,55.94571759321796,-3.1844959999999976,2296.236786397642,2302.749629198335
55.94571759321796,-3.1844959999999976,WNW,55.94583239824767,-3.184773163859751,2369.538538681257,2390.7142268903335
55.94583239824767,-3.184773163859751,W,55.94583239824767,-3.185073163859751,2369.538538681257,2389.4642268903335
55.94583239824767,-3.185073163859751,W,55.94583239824767,-3.1853731638597513,2494.0291013581036,2447.434631875034
55.94583239824767,-3.1853731638597513,SSE,55.94555523438791,-3.185258358830042,2494.0291013581036,2446.184631875034
55.94555523438791,-3.185258358830042,SSE,55.945278070528154,-3.1851435538003323,2494.0291013581036,2444.934631875034
55.945278070528154,-3.1851435538003323,SSE,55.9450009066684,-3.185028748770623,2494.0291013581036,2443.684631875034
55.9450009066684,-3.185028748770623,S,55.944700906668395,-3.185028748770623,2494.0291013581036,2442.434631875034
55.944700906668395,-3.185028748770623,SSE,55.94442374280864,-3.1849139437409133,2494.0291013581036,2441.184631875034
55.94442374280864,-3.1849139437409133,S,55.944123742808635,-3.1849139437409133,2601.7726105640254,2451.169281419611
55.944123742808635,-3.1849139437409133,SSE,55.94384657894888,-3.184799138711204,2601.7726105640254,2449.919281419611
55.94384657894888,-3.184799138711204,S,55.943546578948876,-3.184799138711204,2614.75292256245,2549.822429385904
55.943546578948876,-3.184799138711204,S,55.94324657894887,-3.184799138711204,2670.8426284056845,2614.6032439396363
55.94324657894887,-3.184799138711204,N,55.943546578948876,-3.184799138711204,2670.8426284056845,2613.3532439396363
55.943546578948876,-3.184799138711204,S,55.94324657894887,-3.184799138711204,2670.8426284056845,2612.1032439396363
55.94324657894887,-3.184799138711204,N,55.943546578948876,-3.184799138711204,2670.8426284056845,2610.8532439396363
55.943546578948876,-3.184799138711204,S,55.94324657894887,-3.184799138711204,2670.8426284056845,2609.6032439396363
55.94324657894887,-3.184799138711204,N,55.943546578948876,-3.184799138711204,2670.8426284056845,2608.3532439396363
55.943546578948876,-3.184799138711204,S,55.94324657894887,-3.184799138711204,2670.8426284056845,2607.1032439396363
55.94324657894887,-3.184799138711204,N,55.943546578948876,-3.184799138711204,2670.8426284056845,2605.8532439396363
55.943546578948876,-3.184799138711204,S,55.94324657894887,-3.184799138711204,2670.8426284056845,2604.6032439396363
55.94324657894887,-3.184799138711204,N,55.943546578948876,-3.184799138711204,2670.8426284056845,2603.3532439396363
55.943546578948876,-3.184799138711204,S,55.94324657894887,-3.184799138711204,2670.8426284056845,2602.1032439396363
55.94324657894887,-3.184799138711204,N,55.943546578948876,-3.184799138711204,2670.8426284056845,2600.8532439396363
55.943546578948876,-3.184799138711204,S,55.94324657894887,-3.184799138711204,2670.8426284056845,2599.6032439396363
55.94324657894887,-3.184799138711204,N,55.943546578948876,-3.184799138711204,2670.8426284056845,2598.3532439396363
55.943546578948876,-3.184799138711204,S,55.94324657894887,-3.184799138711204,2670.8426284056845,2597.1032439396363
55.94324657894887,-3.184799138711204,N,55.943546578948876,-3.184799138711204,2670.8426284056845,2595.8532439396363
55.943546578948876,-3.184799138711204,S,55.94324657894887,-3.184799138711204,2670.8426284056845,2594.6032439396363
55.94324657894887,-3.184799138711204,N,55.943546578948876,-3.184799138711204,2670.8426284056845,2593.3532439396363
55.943546578948876,-3.184799138711204,S,55.94324657894887,-3.184799138711204,2670.8426284056845,2592.1032439396363
55.94324657894887,-3.184799138711204,N,55.943546578948876,-3.184799138711204,2670.8426284056845,2590.8532439396363
55.943546578948876,-3.184799138711204,S,55.94324657894887,-3.184799138711204,2670.8426284056845,2589.6032439396363
55.94324657894887,-3.184799138711204,N,55.943546578948876,-3.184799138711204,2670.8426284056845,2588.3532439396363
55.943546578948876,-3.184799138711204,S,55.94324657894887,-3.184799138711204,2670.8426284056845,2587.1032439396363
55.94324657894887,-3.184799138711204,N,55.943546578948876,-3.184799138711204,2670.8426284056845,2585.8532439396363
55.943546578948876,-3.184799138711204,S,55.94324657894887,-3.184799138711204,2670.8426284056845,2584.6032439396363
55.94324657894887,-3.184799138711204,N,55.943546578948876,-3.184799138711204,2670.8426284056845,2583.3532439396363
55.943546578948876,-3.184799138711204,S,55.94324657894887,-3.184799138711204,2670.8426284056845,2582.1032439396363
55.94324657894887,-3.184799138711204,N,55.943546578948876,-3.184799138711204,2670.8426284056845,2580.8532439396363
55.943546578948876,-3.184799138711204,S,55.94324657894887,-3.184799138711204,2670.8426284056845,2579.6032439396363
55.94324657894887,-3.184799138711204,N,55.943546578948876,-3.184799138711204,2670.8426284056845,2578.3532439396363
55.943546578948876,-3.184799138711204,S,55.94324657894887,-3.184799138711204,2670.8426284056845,2577.1032439396363
55.94324657894887,-3.184799138711204,N,55.943546578948876,-3.184799138711204,2670.8426284056845,2575.8532439396363
55.943546578948876,-3.184799138711204,S,55.94324657894887,-3.184799138711204,2670.8426284056845,2574.6032439396363
55.94324657894887,-3.184799138711204,N,55.943546578948876,-3.184799138711204,2670.8426284056845,2573.3532439396363
55.943546578948876,-3.184799138711204,S,55.94324657894887,-3.184799138711204,2670.8426284056845,2572.1032439396363
55.94324657894887,-3.184799138711204,N,55.943546578948876,-3.184799138711204,2670.8426284056845,2570.8532439396363
55.943546578948876,-3.184799138711204,S,55.94324657894887,-3.184799138711204,2670.8426284056845,2569.6032439396363
55.94324657894887,-3.184799138711204,N,55.943546578948876,-3.184799138711204,2670.8426284056845,2568.3532439396363
55.943546578948876,-3.184799138711204,S,55.94324657894887,-3.184799138711204,2670.8426284056845,2567.1032439396363
55.94324657894887,-3.184799138711204,N,55.943546578948876,-3.184799138711204,2670.8426284056845,2565.8532439396363
55.943546578948876,-3.184799138711204,S,55.94324657894887,-3.184799138711204,2670.8426284056845,2564.6032439396363
55.94324657894887,-3.184799138711204,N,55.943546578948876,-3.184799138711204,2670.8426284056845,2563.3532439396363
55.943546578948876,-3.184799138711204,S,55.94324657894887,-3.184799138711204,2670.8426284056845,2562.1032439396363
55.94324657894887,-3.184799138711204,N,55.943546578948876,-3.184799138711204,2670.8426284056845,2560.8532439396363
55.943546578948876,-3.184799138711204,S,55.94324657894887,-3.184799138711204,2670.8426284056845,2559.6032439396363
55.94324657894887,-3.184799138711204,N,55.943546578948876,-3.184799138711204,2670.8426284056845,2558.3532439396363
55.943546578948876,-3.184799138711204,S,55.94324657894887,-3.184799138711204,2670.8426284056845,2557.1032439396363
55.94324657894887,-3.184799138711204,N,55.943546578948876,-3.184799138711204,2670.8426284056845,2555.8532439396363
55.943546578948876,-3.184799138711204,S,55.94324657894887,-3.184799138711204,2670.8426284056845,2554.6032439396363
55.94324657894887,-3.184799138711204,N,55.943546578948876,-3.184799138711204,2670.8426284056845,2553.3532439396363
55.943546578948876,-3.184799138711204,S,55.94324657894887,-3.184799138711204,2670.8426284056845,2552.1032439396363
55.94324657894887,-3.184799138711204,N,55.943546578948876,-3.184799138711204,2670.8426284056845,2550.8532439396363
55.943546578948876,-3.184799138711204,S,55.94324657894887,-3.184799138711204,2670.8426284056845,2549.6032439396363
55.94324657894887,-3.184799138711204,N,55.943546578948876,-3.184799138711204,2670.8426284056845,2548.3532439396363
55.943546578948876,-3.184799138711204,S,55.94324657894887,-3.184799138711204,2670.8426284056845,2547.1032439396363
55.94324657894887,-3.184799138711204,N,55.943546578948876,-3.184799138711204,2670.8426284056845,2545.8532439396363
55.943546578948876,-3.184799138711204,S,55.94324657894887,-3.184799138711204,2670.8426284056845,2544.6032439396363
55.94324657894887,-3.184799138711204,N,55.943546578948876,-3.184799138711204,2670.8426284056845,2543.3532439396363
55.943546578948876,-3.184799138711204,S,55.94324657894887,-3.184799138711204,2670.8426284056845,2542.1032439396363
55.94324657894887,-3.184799138711204,N,55.943546578948876,-3.184799138711204,2670.8426284056845,2540.8532439396363
55.943546578948876,-3.184799138711204,S,55.94324657894887,-3.184799138711204,2670.8426284056845,2539.6032439396363
55.94324657894887,-3.184799138711204,N,55.943546578948876,-3.184799138711204,2670.8426284056845,2538.3532439396363
55.943546578948876,-3.184799138711204,S,55.94324657894887,-3.184799138711204,2670.8426284056845,2537.1032439396363
55.94324657894887,-3.184799138711204,N,55.943546578948876,-3.184799138711204,2670.8426284056845,2535.8532439396363
55.943546578948876,-3.184799138711204,S,55.94324657894887,-3.184799138711204,2670.8426284056845,2534.6032439396363
55.94324657894887,-3.184799138711204,N,55.943546578948876,-3.184799138711204,2670.8426284056845,2533.3532439396363
55.943546578948876,-3.184799138711204,S,55.94324657894887,-3.184799138711204,2670.8426284056845,2532.1032439396363
55.94324657894887,-3.184799138711204,N,55.943546578948876,-3.184799138711204,2670.8426284056845,2530.8532439396363
55.943546578948876,-3.184799138711204,S,55.94324657894887,-3.184799138711204,2670.8426284056845,2529.6032439396363
55.94324657894887,-3.184799138711204,N,55.943546578948876,-3.184799138711204,2670.8426284056845,2528.3532439396363
55.943546578948876,-3.184799138711204,S,55.94324657894887,-3.184799138711204,2670.8426284056845,2527.1032439396363
55.94324657894887,-3.184799138711204,N,55.943546578948876,-3.184799138711204,2670.8426284056845,2525.8532439396363
55.943546578948876,-3.184799138711204,S,55.94324657894887,-3.184799138711204,2670.8426284056845,2524.6032439396363
55.94324657894887,-3.184799138711204,N,55.943546578948876,-3.184799138711204,2670.8426284056845,2523.3532439396363
55.943546578948876,-3.184799138711204,S,55.94324657894887,-3.184799138711204,2670.8426284056845,2522.1032439396363
55.94324657894887,-3.184799138711204,N,55.943546578948876,-3.184799138711204,2670.8426284056845,2520.8532439396363
55.943546578948876,-3.184799138711204,S,55.94324657894887,-3.184799138711204,2670.8426284056845,2519.6032439396363
55.94324657894887,-3.184799138711204,N,55.943546578948876,-3.184799138711204,2670.8426284056845,2518.3532439396363
55.943546578948876,-3.184799138711204,S,55.94324657894887,-3.184799138711204,2670.8426284056845,2517.1032439396363
55.94324657894887,-3.184799138711204,N,55.943546578948876,-3.184799138711204,2670.8426284056845,2515.8532439396363
55.943546578948876,-3.184799138711204,S,55.94324657894887,-3.184799138711204,2670.8426284056845,2514.6032439396363
55.94324657894887,-3.184799138711204,N,55.943546578948876,-3.184799138711204,2670.8426284056845,2513.3532439396363
55.943546578948876,-3.184799138711204,S,55.94324657894887,-3.184799138711204,2670.8426284056845,2512.1032439396363
55.94324657894887,-3.184799138711204,N,55.943546578948876,-3.184799138711204,2670.8426284056845,2510.8532439396363
55.943546578948876,-3.184799138711204,S,55.94324657894887,-3.184799138711204,2670.8426284056845,2509.6032439396363
55.94324657894887,-3.184799138711204,N,55.943546578948876,-3.184799138711204,2670.8426284056845,2508.3532439396363
55.943546578948876,-3.184799138711204,S,55.94324657894887,-3.184799138711204,2670.8426284056845,2507.1032439396363
55.94324657894887,-3.184799138711204,N,55.943546578948876,-3.184799138711204,2670.8426284056845,2505.8532439396363
55.943546578948876,-3.184799138711204,S,55.94324657894887,-3.184799138711204,2670.8426284056845,2504.6032439396363
55.94324657894887,-3.184799138711204,N,55.943546578948876,-3.184799138711204,2670.8426284056845,2503.3532439396363
55.943546578948876,-3.184799138711204,S,55.94324657894887,-3.184799138711204,2670.8426284056845,2502.1032439396363
55.94324657894887,-3.184799138711204,N,55.943546578948876,-3.184799138711204,2670.8426284056845,2500.8532439396363
55.943546578948876,-3.184799138711204,S,55.94324657894887,-3.184799138711204,2670.8426284056845,2499.6032439396363
55.94324657894887,-3.184799138711204,N,55.943546578948876,-3.184799138711204,2670.8426284056845,2498.3532439396363
55.943546578948876,-3.184799138711204,S,55.94324657894887,-3.184799138711204,2670.8426284056845,2497.1032439396363
55.94324657894887,-3.184799138711204,N,55.943546578948876,-3.184799138711204,2670.8426284056845,2495.8532439396363
55.943546578948876,-3.184799138711204,S,55.94324657894887,-3.184799138711204,2670.8426284056845,2494.6032439396363
55.94324657894887,-3.184799138711204,N,55.943546578948876,-3.184799138711204,2670.8426284056845,2493.3532439396363
55.943546578948876,-3.184799138711204,S,55.94324657894887,-3.184799138711204,2670.8426284056845,2492.1032439396363
55.94324657894887,-3.184799138711204,N,55.943546578948876,-3.184799138711204,2670.8426284056845,2490.8532439396363
55.943546578948876,-3.184799138711204,S,55.94324657894887,-3.184799138711204,2670.8426284056845,2489.6032439396363
55.94324657894887,-3.184799138711204,N,55.943546578948876,-3.184799138711204,2670.8426284056845,2488.3532439396363
55.943546578948876,-3.184799138711204,S,55.94324657894887,-3.184799138711204,2670.8426284056845,2487.1032439396363
55.94324657894887,-3.184799138711204,N,55.943546578948876,-3.184799138711204,2670.8426284056845,2485.8532439396363
55.943546578948876,-3.184799138711204,S,55.94324657894887,-3.184799138711204,2670.8426284056845,2484.6032439396363
55.94324657894887,-3.184799138711204,N,55.943546578948876,-3.184799138711204,2670.8426284056845,2483.3532439396363
55.943546578948876,-3.184799138711204,S,55.94324657894887,-3.184799138711204,2670.8426284056845,2482.1032439396363
55.94324657894887,-3.184799138711204,N,55.943546578948876,-3.184799138711204,2670.8426284056845,2480.8532439396363
55.943546578948876,-3.184799138711204,S,55.94324657894887,-3.184799138711204,2670.8426284056845,2479.6032439396363
55.94324657894887,-3.184799138711204,N,55.943546578948876,-3.184799138711204,2670.8426284056845,2478.3532439396363
55.943546578948876,-3.184799138711204,S,55.94324657894887,-3.184799138711204,2670.8426284056845,2477.1032439396363
55.94324657894887,-3.184799138711204,N,55.943546578948876,-3.184799138711204,2670.8426284056845,2475.8532439396363
55.943546578948876,-3.184799138711204,S,55.94324657894887,-3.184799138711204,2670.8426284056845,2474.6032439396363
55.94324657894887,-3.184799138711204,N,55.943546578948876,-3.184799138711204,2670.8426284056845,2473.3532439396363
55.943546578948876,-3.184799138711204,S,55.94324657894887,-3.184799138711204,2670.8426284056845,2472.1032439396363
55.94324657894887,-3.184799138711204,N,55.943546578948876,-3.184799138711204,2670.8426284056845,2470.8532439396363
55.943546578948876,-3.184799138711204,S,55.94324657894887,-3.184799138711204,2670.8426284056845,2469.6032439396363
55.94324657894887,-3.184799138711204,N,55.943546578948876,-3.184799138711204,2670.8426284056845,2468.3532439396363
55.943546578948876,-3.184799138711204,S,55.94324657894887,-3.184799138711204,2670.8426284056845,2467.1032439396363
55.94324657894887,-3.184799138711204,N,55.943546578948876,-3.184799138711204,2670.8426284056845,2465.8532439396363
55.943546578948876,-3.184799138711204,S,55.94324657894887,-3.184799138711204,2670.8426284056845,2464.6032439396363
55.94324657894887,-3.184799138711204,N,55.943546578948876,-3.184799138711204,2670.8426284056845,2463.3532439396363
55.943546578948876,-3.184799138711204,S,55.94324657894887,-3.184799138711204,2670.8426284056845,2462.1032439396363
55.94324657894887,-3.184799138711204,N,55.943546578948876,-3.184799138711204,2670.8426284056845,2460.8532439396363
55.943546578948876,-3.184799138711204,S,55.94324657894887,-3.184799138711204,2670.8426284056845,2459.6032439396363
55.94324657894887,-3.184799138711204,N,55.943546578948876,-3.184799138711204,2670.8426284056845,2458.3532439396363
55.943546578948876,-3.184799138711204,S,55.94324657894887,-3.184799138711204,2670.8426284056845,2457.1032439396363
55.94324657894887,-3.184799138711204,N,55.943546578948876,-3.184799138711204,2670.8426284056845,2455.8532439396363
55.943546578948876,-3.184799138711204,S,55.94324657894887,-3.184799138711204,2670.8426284056845,2454.6032439396363
55.94324657894887,-3.184799138711204,N,55.943546578948876,-3.184799138711204,2670.8426284056845,2453.3532439396363
55.943546578948876,-3.184799138711204,S,55.94324657894887,-3.184799138711204,2670.8426284056845,2452.1032439396363
55.94324657894887,-3.184799138711204,N,55.943546578948876,-3.184799138711204,2670.8426284056845,2450.8532439396363
55.943546578948876,-3.184799138711204,S,55.94324657894887,-3.184799138711204,2670.8426284056845,2449.6032439396363
55.94324657894887,-3.184799138711204,N,55.943546578948876,-3.184799138711204,2670.8426284056845,2448.3532439396363
55.943546578948876,-3.184799138711204,S,55.94324657894887,-3.184799138711204,2670.8426284056845,2447.1032439396363
55.94324657894887,-3.184799138711204,N,55.943546578948876,-3.184799138711204,2670.8426284056845,2445.8532439396363
55.943546578948876,-3.184799138711204,S,55.94324657894887,-3.184799138711204,2670.8426284056845,2444.6032439396363
55.94324657894887,-3.184799138711204,N,55.943546578948876,-3.184799138711204,2670.8426284056845,2443.3532439396363
55.943546578948876,-3.184799138711204,S,55.94324657894887,-3.184799138711204,2670.8426284056845,2442.1032439396363
55.94324657894887,-3.184799138711204,N,55.943546578948876,-3.184799138711204,2670.8426284056845,2440.8532439396363
55.943546578948876,-3.184799138711204,S,55.94324657894887,-3.184799138711204,2670.8426284056845,2439.6032439396363
55.94324657894887,-3.184799138711204,N,55.943546578948876,-3.184799138711204,2670.8426284056845,2438.3532439396363
