55.944425,-3.188396,ENE,55.94453980502971,-3.1881188361402466,57.232682007097374,334.31361923721363
55.94453980502971,-3.1881188361402466,NNE,55.94481696888947,-3.188004031110537,177.68602168379,426.55700949013533
55.94481696888947,-3.188004031110537,SSE,55.94453980502971,-3.1878892260808276,299.41596016112305,533.201227144632
55.94453980502971,-3.1878892260808276,SSE,55.944262641169956,-3.187774421051118,299.41596016112305,531.951227144632
55.944262641169956,-3.187774421051118,SSE,55.9439854773102,-3.1876596160214086,363.5387972925473,590.9418370431599
55.9439854773102,-3.1876596160214086,ENE,55.94410028233991,-3.187382452161655,438.0583303128587,638.8355694170692
55.94410028233991,-3.187382452161655,SSW,55.943823118480154,-3.1874972571913647,438.0583303128587,637.5855694170692
55.943823118480154,-3.1874972571913647,SSW,55.9435459546204,-3.187612062221074,438.0583303128587,636.3355694170692
55.9435459546204,-3.187612062221074,SSW,55.94326879076064,-3.1877268672507837,438.0583303128587,635.0855694170692
55.94326879076064,-3.1877268672507837,SSW,55.942991626900884,-3.187841672280493,438.0583303128587,633.8355694170692
55.942991626900884,-3.187841672280493,SSW,55.94271446304113,-3.1879564773102027,516.0264791405311,664.0166459744033
55.94271446304113,-3.1879564773102027,WNW,55.94282926807084,-3.188233641169956,516.0264791405311,662.7666459744033
55.94282926807084,-3.188233641169956,W,55.94282926807084,-3.1885336411699563,516.0264791405311,661.5166459744033
55.94282926807084,-3.1885336411699563,WNW,55.94294407310055,-3.1888108050297097,516.0264791405311,660.2666459744033
55.94294407310055,-3.1888108050297097,NW,55.943156205134905,-3.1890229370640655,516.0264791405311,659.0166459744033
55.943156205134905,-3.1890229370640655,WNW,55.943271010164615,-3.189300100923819,516.0264791405311,657.7666459744033
55.943271010164615,-3.189300100923819,SW,55.94305887813026,-3.1895122329581747,592.1136834301302,696.1346475437628
55.94305887813026,-3.1895122329581747,S,55.942758878130256,-3.1895122329581747,592.1136834301302,694.8846475437628
55.942758878130256,-3.1895122329581747,NNE,55.94303604199001,-3.189397427928465,592.1136834301302,693.6346475437628
55.94303604199001,-3.189397427928465,NW,55.94324817402437,-3.189609559962821,592.1136834301302,692.3846475437628
55.94324817402437,-3.189609559962821,WSW,55.94313336899466,-3.1898867238225743,610.9592128411192,787.1294679687906
55.94313336899466,-3.1898867238225743,NNE,55.943410532854415,-3.189771918792865,610.9592128411192,785.8794679687906
55.943410532854415,-3.189771918792865,NNE,55.94368769671417,-3.1896571137631553,610.9592128411192,784.6294679687906
55.94368769671417,-3.1896571137631553,NNE,55.94396486057393,-3.189542308733446,712.8470687392902,828.4358928415429
55.94396486057393,-3.189542308733446,E,55.94396486057393,-3.1892423087334456,830.717618830609,928.2374169514276
55.94396486057393,-3.1892423087334456,NNE,55.944242024433684,-3.189127503703736,830.717618830609,926.9874169514276
55.944242024433684,-3.189127503703736,NNE,55.94451918829344,-3.1890126986740266,830.717618830609,925.7374169514276
55.94451918829344,-3.1890126986740266,NNE,55.9447963521532,-3.188897893644317,830.717618830609,924.4874169514276
55.9447963521532,-3.188897893644317,NNE,55.945073516012954,-3.1887830886146076,948.2351005968223,962.790103577159
55.945073516012954,-3.1887830886146076,N,55.94537351601296,-3.1887830886146076,948.2351005968223,961.540103577159
55.94537351601296,-3.1887830886146076,N,55.94567351601296,-3.1887830886146076,948.2351005968223,960.290103577159
55.94567351601296,-3.1887830886146076,NNE,55.945950679872716,-3.188668283584898,993.6936988627731,1003.9073474404346
55.945950679872716,-3.188668283584898,W,55.945950679872716,-3.1889682835848983,993.6936988627731,1002.6573474404346
55.945950679872716,-3.1889682835848983,W,55.945950679872716,-3.1892682835848984,993.6936988627731,1001.4073474404346
55.945950679872716,-3.1892682835848984,W,55.945950679872716,-3.1895682835848986,1040.8681139599566,1032.702918942811
55.945950679872716,-3.1895682835848986,SSW,55.94567351601296,-3.189683088614608,1040.8681139599566,1031.452918942811
55.94567351601296,-3.189683088614608,SW,55.9454613839786,-3.189895220648964,1040.8681139599566,1030.202918942811
55.9454613839786,-3.189895220648964,SSW,55.94518422011885,-3.1900100256786734,1040.8681139599566,1028.952918942811
55.94518422011885,-3.1900100256786734,SW,55.94497208808449,-3.190222157713029,1143.1380072010695,1055.842789720209
55.94497208808449,-3.190222157713029,SW,55.944759956050135,-3.190434289747385,1143.1380072010695,1054.592789720209
55.944759956050135,-3.190434289747385,SW,55.94454782401578,-3.1906464217817407,1143.1380072010695,1053.342789720209
55.94454782401578,-3.1906464217817407,SW,55.94433569198142,-3.1908585538160965,1143.1380072010695,1052.092789720209
55.94433569198142,-3.1908585538160965,SSW,55.944058528121666,-3.190973358845806,1176.795512085651,1107.137229279647
55.944058528121666,-3.190973358845806,SW,55.94384639608731,-3.191185490880162,1176.795512085651,1105.887229279647
55.94384639608731,-3.191185490880162,SSW,55.94356923222755,-3.1913002959098713,1176.795512085651,1104.637229279647
55.94356923222755,-3.1913002959098713,SW,55.9433571001932,-3.191512427944227,1176.795512085651,1103.387229279647
55.9433571001932,-3.191512427944227,SSW,55.94307993633344,-3.1916272329739366,1195.4137934271423,1199.1545513423678
55.94307993633344,-3.1916272329739366,WSW,55.94296513130373,-3.19190439683369,1222.1655465591912,1197.9841226197484
55.94296513130373,-3.19190439683369,SE,55.94275299926937,-3.191692264799334,1225.5603125877374,1296.7603804335831
55.94275299926937,-3.191692264799334,NNW,55.94303016312913,-3.1918070698290437,1225.5603125877374,1295.5103804335831
55.94303016312913,-3.1918070698290437,NNW,55.94330732698889,-3.1919218748587532,1225.5603125877374,1294.2603804335831
55.94330732698889,-3.1919218748587532,NNW,55.94358449084864,-3.1920366798884627,1225.5603125877374,1293.0103804335831
55.94358449084864,-3.1920366798884627,NNW,55.9438616547084,-3.1921514849181722,1225.5603125877374,1291.7603804335831
55.9438616547084,-3.1921514849181722,NNW,55.944138818568156,-3.1922662899478818,1225.5603125877374,1290.5103804335831
55.944138818568156,-3.1922662899478818,N,55.94443881856816,-3.1922662899478818,1225.5603125877374,1289.2603804335831
55.94443881856816,-3.1922662899478818,NNW,55.944715982427915,-3.1923810949775913,1225.5603125877374,1288.0103804335831
55.944715982427915,-3.1923810949775913,N,55.94501598242792,-3.1923810949775913,1298.9028641969508,1383.0811400493924
55.94501598242792,-3.1923810949775913,NE,55.945228114462275,-3.1921689629432355,1298.9028641969508,1381.8311400493924
55.945228114462275,-3.1921689629432355,NNE,55.94550527832203,-3.192054157913526,1298.9028641969508,1380.5811400493924
55.94550527832203,-3.192054157913526,NE,55.94571741035639,-3.19184202587917,1298.9028641969508,1379.3311400493924
55.94571741035639,-3.19184202587917,NNE,55.945994574216144,-3.1917272208494607,1388.2045095034537,1451.804468400194
55.945994574216144,-3.1917272208494607,E,55.945994574216144,-3.1914272208494605,1388.2045095034537,1450.554468400194
55.945994574216144,-3.1914272208494605,ESE,55.94587976918643,-3.191150056989707,1388.2045095034537,1449.304468400194
55.94587976918643,-3.191150056989707,ESE,55.94576496415672,-3.1908728931299537,1388.2045095034537,1448.054468400194
55.94576496415672,-3.1908728931299537,E,55.94576496415672,-3.1905728931299535,1388.2045095034537,1446.804468400194
55.94576496415672,-3.1905728931299535,SE,55.94555283212237,-3.1903607610955977,1388.2045095034537,1445.554468400194
55.94555283212237,-3.1903607610955977,E,55.94555283212237,-3.1900607610955976,1388.2045095034537,1444.304468400194
55.94555283212237,-3.1900607610955976,E,55.94555283212237,-3.1897607610955974,1388.2045095034537,1443.054468400194
55.94555283212237,-3.1897607610955974,E,55.94555283212237,-3.189460761095597,1388.2045095034537,1441.804468400194
55.94555283212237,-3.189460761095597,SW,55.94534070008801,-3.189672893129953,1388.2045095034537,1440.554468400194
55.94534070008801,-3.189672893129953,E,55.94534070008801,-3.1893728931299528,1388.2045095034537,1439.304468400194
55.94534070008801,-3.1893728931299528,E,55.94534070008801,-3.1890728931299526,1388.2045095034537,1438.054468400194
55.94534070008801,-3.1890728931299526,E,55.94534070008801,-3.1887728931299524,1388.2045095034537,1436.804468400194
55.94534070008801,-3.1887728931299524,ENE,55.94545550511772,-3.188495729270199,1388.2045095034537,1435.554468400194
55.94545550511772,-3.188495729270199,E,55.94545550511772,-3.188195729270199,1388.2045095034537,1434.304468400194
55.94545550511772,-3.188195729270199,ENE,55.94557031014743,-3.1879185654104454,1388.2045095034537,1433.054468400194
55.94557031014743,-3.1879185654104454,E,55.94557031014743,-3.187618565410445,1388.2045095034537,1431.804468400194
55.94557031014743,-3.187618565410445,SE,55.945358178113075,-3.1874064333760894,1388.2045095034537,1430.554468400194
55.945358178113075,-3.1874064333760894,ENE,55.945472983142785,-3.187129269516336,1388.2045095034537,1429.304468400194
55.945472983142785,-3.187129269516336,NE,55.94568511517714,-3.1869171374819802,1473.5197466889815,1437.185031459203
55.94568511517714,-3.1869171374819802,SE,55.945472983142785,-3.1867050054476245,1538.917209468301,1498.9726892141798
55.945472983142785,-3.1867050054476245,NE,55.94568511517714,-3.1864928734132687,1573.8589180088136,1539.999247158659
55.94568511517714,-3.1864928734132687,NE,55.9458972472115,-3.186280741378913,1656.7481552028205,1585.471578805358
55.9458972472115,-3.186280741378913,E,55.9458972472115,-3.1859807413789127,1656.7481552028205,1584.221578805358
55.9458972472115,-3.1859807413789127,ESE,55.94578244218179,-3.1857035775191593,1656.7481552028205,1582.971578805358
55.94578244218179,-3.1857035775191593,E,55.94578244218179,-3.185403577519159,1656.7481552028205,1581.721578805358
55.94578244218179,-3.185403577519159,ESE,55.94566763715208,-3.1851264136594057,1671.775997928856,1640.2062125001692
55.94566763715208,-3.1851264136594057,S,55.945367637152074,-3.1851264136594057,1778.9532383003313,1734.3229743558175
55.945367637152074,-3.1851264136594057,SE,55.94515550511772,-3.18491428162505,1778.9532383003313,1733.0729743558175
55.94515550511772,-3.18491428162505,ESE,55.94504070008801,-3.1846371177652966,1859.9325778087057,1841.8238270630832
55.94504070008801,-3.1846371177652966,SSE,55.94476353622825,-3.184522312735587,1961.7322340391977,1924.5886115816686
55.94476353622825,-3.184522312735587,SSW,55.944486372368495,-3.1846371177652966,2042.4248389067277,1971.4247563051176
55.944486372368495,-3.1846371177652966,SW,55.94427424033414,-3.1848492497996523,2042.4248389067277,1970.1747563051176
55.94427424033414,-3.1848492497996523,SW,55.94406210829978,-3.185061381834008,2079.6334303660915,2085.0449668965084
55.94406210829978,-3.185061381834008,SSE,55.943784944440026,-3.1849465768042986,2163.7612487155607,2169.896431747021
55.943784944440026,-3.1849465768042986,SE,55.94357281240567,-3.184734444769943,2163.7612487155607,2168.646431747021
55.94357281240567,-3.184734444769943,SSE,55.94329564854591,-3.1846196397402333,2246.251565893667,2269.1805143634483
55.94329564854591,-3.1846196397402333,NW,55.94350778058027,-3.184831771774589,2246.251565893667,2267.9305143634483
55.94350778058027,-3.184831771774589,NW,55.943719912614625,-3.185043903808945,2246.251565893667,2266.6805143634483
55.943719912614625,-3.185043903808945,NW,55.94393204464898,-3.1852560358433006,2246.251565893667,2265.4305143634483
55.94393204464898,-3.1852560358433006,NW,55.94414417668334,-3.1854681678776564,2246.251565893667,2264.1805143634483
55.94414417668334,-3.1854681678776564,NNW,55.944421340543094,-3.185582972907366,2246.251565893667,2262.9305143634483
55.944421340543094,-3.185582972907366,NW,55.94463347257745,-3.1857951049417217,2268.145490217889,2374.699544084113
55.94463347257745,-3.1857951049417217,NNW,55.94491063643721,-3.185909909971431,2268.145490217889,2373.449544084113
55.94491063643721,-3.185909909971431,NNW,55.945187800296964,-3.1860247150011407,2268.145490217889,2372.199544084113
55.945187800296964,-3.1860247150011407,NNE,55.94546496415672,-3.185909909971431,2268.145490217889,2370.949544084113
55.94546496415672,-3.185909909971431,ENE,55.94557976918643,-3.185632746111678,2268.145490217889,2369.699544084113
55.94557976918643,-3.185632746111678,ENE,55.94569457421614,-3.1853555822519244,2268.145490217889,2368.449544084113
55.94569457421614,-3.1853555822519244,ENE,55.94580937924585,-3.185078418392171,2268.145490217889,2367.199544084113
55.94580937924585,-3.185078418392171,E,55.94580937924585,-3.184778418392171,2271.639554857497,2446.094254091387
55.94580937924585,-3.184778418392171,E,55.94580937924585,-3.1844784183921706,2324.2546585531218,2536.980299983771
55.94580937924585,-3.1844784183921706,W,55.94580937924585,-3.184778418392171,2324.2546585531218,2535.730299983771
55.94580937924585,-3.184778418392171,E,55.94580937924585,-3.1844784183921706,2324.2546585531218,2534.480299983771
55.94580937924585,-3.1844784183921706,W,55.94580937924585,-3.184778418392171,2324.2546585531218,2533.230299983771
55.94580937924585,-3.184778418392171,E,55.94580937924585,-3.1844784183921706,2324.2546585531218,2531.980299983771
55.94580937924585,-3.1844784183921706,W,55.94580937924585,-3.184778418392171,2324.2546585531218,2530.730299983771
55.94580937924585,-3.184778418392171,E,55.94580937924585,-3.1844784183921706,2324.2546585531218,2529.480299983771
55.94580937924585,-3.1844784183921706,W,55.94580937924585,-3.184778418392171,2324.2546585531218,2528.230299983771
55.94580937924585,-3.184778418392171,E,55.94580937924585,-3.1844784183921706,2324.2546585531218,2526.980299983771
55.94580937924585,-3.1844784183921706,W,55.94580937924585,-3.184778418392171,2324.2546585531218,2525.730299983771
55.94580937924585,-3.184778418392171,E,55.94580937924585,-3.1844784183921706,2324.2546585531218,2524.480299983771
55.94580937924585,-3.1844784183921706,W,55.94580937924585,-3.184778418392171,2324.2546585531218,2523.230299983771
55.94580937924585,-3.184778418392171,E,55.94580937924585,-3.1844784183921706,2324.2546585531218,2521.980299983771
55.94580937924585,-3.1844784183921706,W,55.94580937924585,-3.184778418392171,2324.2546585531218,2520.730299983771
55.94580937924585,-3.184778418392171,E,55.94580937924585,-3.1844784183921706,2324.2546585531218,2519.480299983771
55.94580937924585,-3.1844784183921706,W,55.94580937924585,-3.184778418392171,2324.2546585531218,2518.230299983771
55.94580937924585,-3.184778418392171,E,55.94580937924585,-3.1844784183921706,2324.2546585531218,2516.980299983771
55.94580937924585,-3.1844784183921706,W,55.94580937924585,-3.184778418392171,2324.2546585531218,2515.730299983771
55.94580937924585,-3.184778418392171,E,55.94580937924585,-3.1844784183921706,2324.2546585531218,2514.480299983771
55.94580937924585,-3.1844784183921706,W,55.94580937924585,-3.184778418392171,2324.2546585531218,2513.230299983771
55.94580937924585,-3.184778418392171,E,55.94580937924585,-3.1844784183921706,2324.2546585531218,2511.980299983771
55.94580937924585,-3.1844784183921706,W,55.94580937924585,-3.184778418392171,2324.2546585531218,2510.730299983771
55.94580937924585,-3.184778418392171,E,55.94580937924585,-3.1844784183921706,2324.2546585531218,2509.480299983771
55.94580937924585,-3.1844784183921706,W,55.94580937924585,-3.184778418392171,2324.2546585531218,2508.230299983771
55.94580937924585,-3.184778418392171,E,55.94580937924585,-3.1844784183921706,2324.2546585531218,2506.980299983771
55.94580937924585,-3.1844784183921706,W,55.94580937924585,-3.184778418392171,2324.2546585531218,2505.730299983771
55.94580937924585,-3.184778418392171,E,55.94580937924585,-3.1844784183921706,2324.2546585531218,2504.480299983771
55.94580937924585,-3.1844784183921706,W,55.94580937924585,-3.184778418392171,2324.2546585531218,2503.230299983771
55.94580937924585,-3.184778418392171,E,55.94580937924585,-3.1844784183921706,2324.2546585531218,2501.980299983771
55.94580937924585,-3.1844784183921706,W,55.94580937924585,-3.184778418392171,2324.2546585531218,2500.730299983771
55.94580937924585,-3.184778418392171,E,55.94580937924585,-3.1844784183921706,2324.2546585531218,2499.480299983771
55.94580937924585,-3.1844784183921706,W,55.94580937924585,-3.184778418392171,2324.2546585531218,2498.230299983771
55.94580937924585,-3.184778418392171,E,55.94580937924585,-3.1844784183921706,2324.2546585531218,2496.980299983771
55.94580937924585,-3.1844784183921706,W,55.94580937924585,-3.184778418392171,2324.2546585531218,2495.730299983771
55.94580937924585,-3.184778418392171,E,55.94580937924585,-3.1844784183921706,2324.2546585531218,2494.480299983771
55.94580937924585,-3.1844784183921706,W,55.94580937924585,-3.184778418392171,2324.2546585531218,2493.230299983771
55.94580937924585,-3.184778418392171,E,55.94580937924585,-3.1844784183921706,2324.2546585531218,2491.980299983771
55.94580937924585,-3.1844784183921706,W,55.94580937924585,-3.184778418392171,2324.2546585531218,2490.730299983771
55.94580937924585,-3.184778418392171,E,55.94580937924585,-3.1844784183921706,2324.2546585531218,2489.480299983771
55.94580937924585,-3.1844784183921706,W,55.94580937924585,-3.184778418392171,2324.2546585531218,2488.230299983771
55.94580937924585,-3.184778418392171,E,55.94580937924585,-3.1844784183921706,2324.2546585531218,2486.980299983771
55.94580937924585,-3.1844784183921706,W,55.94580937924585,-3.184778418392171,2324.2546585531218,2485.730299983771
55.94580937924585,-3.184778418392171,E,55.94580937924585,-3.1844784183921706,2324.2546585531218,2484.480299983771
55.94580937924585,-3.1844784183921706,W,55.94580937924585,-3.184778418392171,2324.2546585531218,2483.230299983771
55.94580937924585,-3.184778418392171,E,55.94580937924585,-3.1844784183921706,2324.2546585531218,2481.980299983771
55.94580937924585,-3.1844784183921706,W,55.94580937924585,-3.184778418392171,2324.2546585531218,2480.730299983771
55.94580937924585,-3.184778418392171,E,55.94580937924585,-3.1844784183921706,2324.2546585531218,2479.480299983771
55.94580937924585,-3.1844784183921706,W,55.94580937924585,-3.184778418392171,2324.2546585531218,2478.230299983771
55.94580937924585,-3.184778418392171,E,55.94580937924585,-3.1844784183921706,2324.2546585531218,2476.980299983771
55.94580937924585,-3.1844784183921706,W,55.94580937924585,-3.184778418392171,2324.2546585531218,2475.730299983771
55.94580937924585,-3.184778418392171,E,55.94580937924585,-3.1844784183921706,2324.2546585531218,2474.480299983771
55.94580937924585,-3.1844784183921706,W,55.94580937924585,-3.184778418392171,2324.2546585531218,2473.230299983771
55.94580937924585,-3.184778418392171,E,55.94580937924585,-3.1844784183921706,2324.2546585531218,2471.980299983771
55.94580937924585,-3.1844784183921706,W,55.94580937924585,-3.184778418392171,2324.2546585531218,2470.730299983771
55.94580937924585,-3.184778418392171,E,55.94580937924585,-3.1844784183921706,2324.2546585531218,2469.480299983771
55.94580937924585,-3.1844784183921706,W,55.94580937924585,-3.184778418392171,2324.2546585531218,2468.230299983771
55.94580937924585,-3.184778418392171,E,55.94580937924585,-3.1844784183921706,2324.2546585531218,2466.980299983771
55.94580937924585,-3.1844784183921706,W,55.94580937924585,-3.184778418392171,2324.2546585531218,2465.730299983771
55.94580937924585,-3.184778418392171,E,55.94580937924585,-3.1844784183921706,2324.2546585531218,2464.480299983771
55.94580937924585,-3.1844784183921706,W,55.94580937924585,-3.184778418392171,2324.2546585531218,2463.230299983771
55.94580937924585,-3.184778418392171,E,55.94580937924585,-3.1844784183921706,2324.2546585531218,2461.980299983771
55.94580937924585,-3.1844784183921706,W,55.94580937924585,-3.184778418392171,2324.2546585531218,2460.730299983771
55.94580937924585,-3.184778418392171,E,55.94580937924585,-3.1844784183921706,2324.2546585531218,2459.480299983771
55.94580937924585,-3.1844784183921706,W,55.94580937924585,-3.184778418392171,2324.2546585531218,2458.230299983771
55.94580937924585,-3.184778418392171,E,55.94580937924585,-3.1844784183921706,2324.2546585531218,2456.980299983771
55.94580937924585,-3.1844784183921706,W,55.94580937924585,-3.184778418392171,2324.2546585531218,2455.730299983771
55.94580937924585,-3.184778418392171,E,55.94580937924585,-3.1844784183921706,2324.2546585531218,2454.480299983771
55.94580937924585,-3.1844784183921706,W,55.94580937924585,-3.184778418392171,2324.2546585531218,2453.230299983771
55.94580937924585,-3.184778418392171,E,55.94580937924585,-3.1844784183921706,2324.2546585531218,2451.980299983771
55.94580937924585,-3.1844784183921706,W,55.94580937924585,-3.184778418392171,2324.2546585531218,2450.730299983771
55.94580937924585,-3.184778418392171,E,55.94580937924585,-3.1844784183921706,2324.2546585531218,2449.480299983771
55.94580937924585,-3.1844784183921706,W,55.94580937924585,-3.184778418392171,2324.2546585531218,2448.230299983771
55.94580937924585,-3.184778418392171,E,55.94580937924585,-3.1844784183921706,2324.2546585531218,2446.980299983771
55.94580937924585,-3.1844784183921706,W,55.94580937924585,-3.184778418392171,2324.2546585531218,2445.730299983771
55.94580937924585,-3.184778418392171,E,55.94580937924585,-3.1844784183921706,2324.2546585531218,2444.480299983771
55.94580937924585,-3.1844784183921706,W,55.94580937924585,-3.184778418392171,2324.2546585531218,2443.230299983771
55.94580937924585,-3.184778418392171,E,55.94580937924585,-3.1844784183921706,2324.2546585531218,2441.980299983771
55.94580937924585,-3.1844784183921706,W,55.94580937924585,-3.184778418392171,2324.2546585531218,2440.730299983771
55.94580937924585,-3.184778418392171,E,55.94580937924585,-3.1844784183921706,2324.2546585531218,2439.480299983771
55.94580937924585,-3.1844784183921706,W,55.94580937924585,-3.184778418392171,2324.2546585531218,2438.230299983771
55.94580937924585,-3.184778418392171,E,55.94580937924585,-3.1844784183921706,2324.2546585531218,2436.980299983771
55.94580937924585,-3.1844784183921706,W,55.94580937924585,-3.184778418392171,2324.2546585531218,2435.730299983771
55.94580937924585,-3.184778418392171,E,55.94580937924585,-3.1844784183921706,2324.2546585531218,2434.480299983771
55.94580937924585,-3.1844784183921706,W,55.94580937924585,-3.184778418392171,2324.2546585531218,2433.230299983771
55.94580937924585,-3.184778418392171,E,55.94580937924585,-3.1844784183921706,2324.2546585531218,2431.980299983771
55.94580937924585,-3.1844784183921706,W,55.94580937924585,-3.184778418392171,2324.2546585531218,2430.730299983771
55.94580937924585,-3.184778418392171,E,55.94580937924585,-3.1844784183921706,2324.2546585531218,2429.480299983771
55.94580937924585,-3.1844784183921706,W,55.94580937924585,-3.184778418392171,2324.2546585531218,2428.230299983771
55.94580937924585,-3.184778418392171,E,55.94580937924585,-3.1844784183921706,2324.2546585531218,2426.980299983771
55.94580937924585,-3.1844784183921706,W,55.94580937924585,-3.184778418392171,2324.2546585531218,2425.730299983771
55.94580937924585,-3.184778418392171,E,55.94580937924585,-3.1844784183921706,2324.2546585531218,2424.480299983771
55.94580937924585,-3.1844784183921706,W,55.94580937924585,-3.184778418392171,2324.2546585531218,2423.230299983771
55.94580937924585,-3.184778418392171,E,55.94580937924585,-3.1844784183921706,2324.2546585531218,2421.980299983771
55.94580937924585,-3.1844784183921706,W,55.94580937924585,-3.184778418392171,2324.2546585531218,2420.730299983771
55.94580937924585,-3.184778418392171,E,55.94580937924585,-3.1844784183921706,2324.2546585531218,2419.480299983771
55.94580937924585,-3.1844784183921706,W,55.94580937924585,-3.184778418392171,2324.2546585531218,2418.230299983771
55.94580937924585,-3.184778418392171,E,55.94580937924585,-3.1844784183921706,2324.2546585531218,2416.980299983771
55.94580937924585,-3.1844784183921706,W,55.94580937924585,-3.184778418392171,2324.2546585531218,2415.730299983771
55.94580937924585,-3.184778418392171,E,55.94580937924585,-3.1844784183921706,2324.2546585531218,2414.480299983771
55.94580937924585,-3.1844784183921706,W,55.94580937924585,-3.184778418392171,2324.2546585531218,2413.230299983771
55.94580937924585,-3.184778418392171,E,55.94580937924585,-3.1844784183921706,2324.2546585531218,2411.980299983771
55.94580937924585,-3.1844784183921706,W,55.94580937924585,-3.184778418392171,2324.2546585531218,2410.730299983771
55.94580937924585,-3.184778418392171,E,55.94580937924585,-3.1844784183921706,2324.2546585531218,2409.480299983771
55.94580937924585,-3.1844784183921706,W,55.94580937924585,-3.184778418392171,2324.2546585531218,2408.230299983771
55.94580937924585,-3.184778418392171,E,55.94580937924585,-3.1844784183921706,2324.2546585531218,2406.980299983771
55.94580937924585,-3.1844784183921706,W,55.94580937924585,-3.184778418392171,2324.2546585531218,2405.730299983771
55.94580937924585,-3.184778418392171,E,55.94580937924585,-3.1844784183921706,2324.2546585531218,2404.480299983771
55.94580937924585,-3.1844784183921706,W,55.94580937924585,-3.184778418392171,2324.2546585531218,2403.230299983771
55.94580937924585,-3.184778418392171,E,55.94580937924585,-3.1844784183921706,2324.2546585531218,2401.980299983771
55.94580937924585,-3.1844784183921706,W,55.94580937924585,-3.184778418392171,2324.2546585531218,2400.730299983771
55.94580937924585,-3.184778418392171,E,55.94580937924585,-3.1844784183921706,2324.2546585531218,2399.480299983771
55.94580937924585,-3.1844784183921706,W,55.94580937924585,-3.184778418392171,2324.2546585531218,2398.230299983771
55.94580937924585,-3.184778418392171,E,55.94580937924585,-3.1844784183921706,2324.2546585531218,2396.980299983771
55.94580937924585,-3.1844784183921706,W,55.94580937924585,-3.184778418392171,2324.2546585531218,2395.730299983771
55.94580937924585,-3.184778418392171,E,55.94580937924585,-3.1844784183921706,2324.2546585531218,2394.480299983771
55.94580937924585,-3.1844784183921706,W,55.94580937924585,-3.184778418392171,2324.2546585531218,2393.230299983771
55.94580937924585,-3.184778418392171,E,55.94580937924585,-3.1844784183921706,2324.2546585531218,2391.980299983771
55.94580937924585,-3.1844784183921706,W,55.94580937924585,-3.184778418392171,2324.2546585531218,2390.730299983771
55.94580937924585,-3.184778418392171,E,55.94580937924585,-3.1844784183921706,2324.2546585531218,2389.480299983771
55.94580937924585,-3.1844784183921706,W,55.94580937924585,-3.184778418392171,2324.2546585531218,2388.230299983771
55.94580937924585,-3.184778418392171,E,55.94580937924585,-3.1844784183921706,2324.2546585531218,2386.980299983771
55.94580937924585,-3.1844784183921706,W,55.94580937924585,-3.184778418392171,2324.2546585531218,2385.730299983771
55.94580937924585,-3.184778418392171,E,55.94580937924585,-3.1844784183921706,2324.2546585531218,2384.480299983771
55.94580937924585,-3.1844784183921706,W,55.94580937924585,-3.184778418392171,2324.2546585531218,2383.230299983771
55.94580937924585,-3.184778418392171,E,55.94580937924585,-3.1844784183921706,2324.2546585531218,2381.980299983771
55.94580937924585,-3.1844784183921706,W,55.94580937924585,-3.184778418392171,2324.2546585531218,2380.730299983771
55.94580937924585,-3.184778418392171,E,55.94580937924585,-3.1844784183921706,2324.2546585531218,2379.480299983771
55.94580937924585,-3.1844784183921706,W,55.94580937924585,-3.184778418392171,2324.2546585531218,2378.230299983771
55.94580937924585,-3.184778418392171,E,55.94580937924585,-3.1844784183921706,2324.2546585531218,2376.980299983771
55.94580937924585,-3.1844784183921706,W,55.94580937924585,-3.184778418392171,2324.2546585531218,2375.730299983771
55.94580937924585,-3.184778418392171,E,55.94580937924585,-3.1844784183921706,2324.2546585531218,2374.480299983771
55.94580937924585,-3.1844784183921706,W,55.94580937924585,-3.184778418392171,2324.2546585531218,2373.230299983771
55.94580937924585,-3.184778418392171,E,55.94580937924585,-3.1844784183921706,2324.2546585531218,2371.980299983771
55.94580937924585,-3.1844784183921706,W,55.94580937924585,-3.184778418392171,2324.2546585531218,2370.730299983771
55.94580937924585,-3.184778418392171,E,55.94580937924585,-3.1844784183921706,2324.2546585531218,2369.480299983771
55.94580937924585,-3.1844784183921706,W,55.94580937924585,-3.184778418392171,2324.2546585531218,2368.230299983771
55.94580937924585,-3.184778418392171,E,55.94580937924585,-3.1844784183921706,2324.2546585531218,2366.980299983771
55.94580937924585,-3.1844784183921706,W,55.94580937924585,-3.184778418392171,2324.2546585531218,2365.730299983771
55.94580937924585,-3.184778418392171,E,55.94580937924585,-3.1844784183921706,2324.2546585531218,2364.480299983771
55.94580937924585,-3.1844784183921706,W,55.94580937924585,-3.184778418392171,2324.2546585531218,2363.230299983771
