55.944425,-3.188396,NNW,55.94470216385976,-3.1885108050297095,75.37332650882345,257.11880179969677
55.94470216385976,-3.1885108050297095,N,55.94500216385976,-3.1885108050297095,192.40958303771998,366.7271566159977
55.94500216385976,-3.1885108050297095,ENE,55.94511696888947,-3.188233641169956,262.73078508395815,488.00046528507465
55.94511696888947,-3.188233641169956,W,55.94511696888947,-3.1885336411699563,262.73078508395815,486.75046528507465
55.94511696888947,-3.1885336411699563,WNW,55.94523177391918,-3.1888108050297097,272.495172287347,545.1076805888123
55.94523177391918,-3.1888108050297097,NW,55.94544390595354,-3.1890229370640655,272.495172287347,543.8576805888123
55.94544390595354,-3.1890229370640655,NW,55.945656037987895,-3.1892350690984212,272.495172287347,542.6076805888123
55.945656037987895,-3.1892350690984212,NW,55.94586817002225,-3.189447201132777,275.48215893813625,583.5995199624666
55.94586817002225,-3.189447201132777,SW,55.945656037987895,-3.189659333167133,332.72425567073446,666.7401271330972
55.945656037987895,-3.189659333167133,SW,55.94544390595354,-3.1898714652014886,332.72425567073446,665.4901271330972
55.94544390595354,-3.1898714652014886,SW,55.94523177391918,-3.1900835972358443,367.6679222253986,715.4673374620719
55.94523177391918,-3.1900835972358443,W,55.94523177391918,-3.1903835972358445,367.6679222253986,714.2173374620719
55.94523177391918,-3.1903835972358445,W,55.94523177391918,-3.1906835972358447,440.08768470463747,826.8823804601521
55.94523177391918,-3.1906835972358447,WNW,55.94534657894889,-3.190960761095598,495.8792367615805,861.5869282778132
55.94534657894889,-3.190960761095598,SSE,55.94506941508914,-3.1908459560658886,602.8999301010017,901.8887157530698
55.94506941508914,-3.1908459560658886,SSW,55.94479225122938,-3.190960761095598,677.2040107208023,930.8166416869551
55.94479225122938,-3.190960761095598,NE,55.945004383263736,-3.1907486290612423,677.2040107208023,929.5666416869551
55.945004383263736,-3.1907486290612423,WSW,55.944889578234026,-3.1910257929209958,753.488547120764,980.0302383443748
55.944889578234026,-3.1910257929209958,SSE,55.94461241437427,-3.1909109878912862,763.4817971519292,1103.6598161533816
55.94461241437427,-3.1909109878912862,S,55.94431241437427,-3.1909109878912862,763.4817971519292,1102.4098161533816
55.94431241437427,-3.1909109878912862,S,55.944012414374264,-3.1909109878912862,787.1429780939231,1218.2502721525598
55.944012414374264,-3.1909109878912862,ESE,55.94389760934455,-3.190633824031533,787.1429780939231,1217.0002721525598
55.94389760934455,-3.190633824031533,E,55.94389760934455,-3.1903338240315327,870.9666907085568,1301.488243005108
55.94389760934455,-3.1903338240315327,SW,55.9436854773102,-3.1905459560658884,870.9666907085568,1300.238243005108
55.9436854773102,-3.1905459560658884,SW,55.94347334527584,-3.190758088100244,870.9666907085568,1298.988243005108
55.94347334527584,-3.190758088100244,SW,55.943261213241485,-3.1909702201346,877.0612679625733,1376.5067274964526
55.943261213241485,-3.1909702201346,SW,55.94304908120713,-3.1911823521689557,897.7606424493837,1432.95867589256
55.94304908120713,-3.1911823521689557,ENE,55.94316388623684,-3.1909051883092023,897.7606424493837,1431.70867589256
55.94316388623684,-3.1909051883092023,NNE,55.943441050096595,-3.190790383279493,897.7606424493837,1430.45867589256
55.943441050096595,-3.190790383279493,ENE,55.943555855126306,-3.1905132194197394,897.7606424493837,1429.20867589256
55.943555855126306,-3.1905132194197394,ENE,55.943670660156016,-3.190236055559986,897.7606424493837,1427.95867589256
55.943670660156016,-3.190236055559986,E,55.943670660156016,-3.189936055559986,897.7606424493837,1426.70867589256
55.943670660156016,-3.189936055559986,ENE,55.94378546518573,-3.1896588917002324,897.7606424493837,1425.45867589256
55.94378546518573,-3.1896588917002324,E,55.94378546518573,-3.1893588917002322,900.3650250525328,1517.075372290792
55.94378546518573,-3.1893588917002322,SE,55.94357333315137,-3.1891467596658765,1012.9708140635471,1617.5792563486762
55.94357333315137,-3.1891467596658765,ESE,55.94345852812166,-3.188869595806123,1012.9708140635471,1616.3292563486762
55.94345852812166,-3.188869595806123,E,55.94345852812166,-3.188569595806123,1093.9192959194763,1704.859748668464
55.94345852812166,-3.188569595806123,ESE,55.94334372309195,-3.1882924319463695,1093.9192959194763,1703.609748668464
55.94334372309195,-3.1882924319463695,ESE,55.94322891806224,-3.188015268086616,1093.9192959194763,1702.359748668464
55.94322891806224,-3.188015268086616,SE,55.94301678602788,-3.1878031360522603,1093.9192959194763,1701.109748668464
55.94301678602788,-3.1878031360522603,ESE,55.94290198099817,-3.187525972192507,1093.9192959194763,1699.859748668464
55.94290198099817,-3.187525972192507,SE,55.942689848963816,-3.187313840158151,1099.08761327407,1712.1789746415313
55.942689848963816,-3.187313840158151,E,55.942689848963816,-3.187013840158151,1099.08761327407,1710.9289746415313
55.942689848963816,-3.187013840158151,E,55.942689848963816,-3.1867138401581507,1099.08761327407,1709.6789746415313
55.942689848963816,-3.1867138401581507,E,55.942689848963816,-3.1864138401581505,1099.08761327407,1708.4289746415313
55.942689848963816,-3.1864138401581505,E,55.942689848963816,-3.1861138401581504,1205.2048014428071,1793.6497965553963
55.942689848963816,-3.1861138401581504,NNE,55.94296701282357,-3.185999035128441,1205.2048014428071,1792.3997965553963
55.94296701282357,-3.185999035128441,NNE,55.94324417668333,-3.1858842300987313,1264.2761576488374,1855.3744900113268
55.94324417668333,-3.1858842300987313,WNW,55.94335898171304,-3.1861613939584847,1317.1574990492882,1858.896721634909
55.94335898171304,-3.1861613939584847,NNE,55.943636145572796,-3.1860465889287752,1440.7497922896755,1958.4780901068182
55.943636145572796,-3.1860465889287752,NW,55.94384827760715,-3.186258720963131,1440.7497922896755,1957.2280901068182
55.94384827760715,-3.186258720963131,NW,55.94406040964151,-3.186470852997487,1525.8315060145717,2071.508066031399
55.94406040964151,-3.186470852997487,N,55.94436040964151,-3.186470852997487,1525.8315060145717,2070.258066031399
55.94436040964151,-3.186470852997487,NNW,55.94463757350127,-3.1865856580271963,1525.8315060145717,2069.008066031399
55.94463757350127,-3.1865856580271963,N,55.94493757350127,-3.1865856580271963,1591.5522502642243,2075.5685254310915
55.94493757350127,-3.1865856580271963,N,55.945237573501274,-3.1865856580271963,1591.5522502642243,2074.3185254310915
55.945237573501274,-3.1865856580271963,N,55.94553757350128,-3.1865856580271963,1591.5522502642243,2073.0685254310915
55.94553757350128,-3.1865856580271963,N,55.94583757350128,-3.1865856580271963,1605.321641738041,2150.361846191035
55.94583757350128,-3.1865856580271963,WNW,55.94595237853099,-3.1868628218869497,1696.1488730318756,2189.759489950877
55.94595237853099,-3.1868628218869497,ENE,55.9460671835607,-3.1865856580271963,1696.1488730318756,2188.509489950877
55.9460671835607,-3.1865856580271963,ENE,55.94618198859041,-3.186308494167443,1736.2995003949475,2198.6818236095896
55.94618198859041,-3.186308494167443,ESE,55.9460671835607,-3.1860313303076895,1736.2995003949475,2197.4318236095896
55.9460671835607,-3.1860313303076895,ESE,55.94595237853099,-3.185754166447936,1736.2995003949475,2196.1818236095896
55.94595237853099,-3.185754166447936,ESE,55.94583757350128,-3.1854770025881827,1838.2502524590705,2244.41014291277
55.94583757350128,-3.1854770025881827,SSW,55.94556040964152,-3.185591807617892,1838.2502524590705,2243.16014291277
55.94556040964152,-3.185591807617892,S,55.94526040964152,-3.185591807617892,1859.258067495358,2336.906683297983
55.94526040964152,-3.185591807617892,SSE,55.94498324578176,-3.1854770025881827,1859.258067495358,2335.656683297983
55.94498324578176,-3.1854770025881827,SSE,55.94470608192201,-3.185362197558473,1859.258067495358,2334.406683297983
55.94470608192201,-3.185362197558473,SSE,55.94442891806225,-3.1852473925287637,1859.258067495358,2333.156683297983
55.94442891806225,-3.1852473925287637,SSE,55.944151754202494,-3.185132587499054,1859.258067495358,2331.906683297983
55.944151754202494,-3.185132587499054,SSE,55.94387459034274,-3.1850177824693446,1859.258067495358,2330.656683297983
55.94387459034274,-3.1850177824693446,SE,55.94366245830838,-3.184805650434989,1859.258067495358,2329.406683297983
55.94366245830838,-3.184805650434989,SSE,55.943385294448625,-3.1846908454052794,1952.255390342722,2401.7046163777377
55.943385294448625,-3.1846908454052794,SSE,55.94310813058887,-3.18457604037557,1952.255390342722,2400.4546163777377
55.94310813058887,-3.18457604037557,SSE,55.94283096672911,-3.1844612353458603,1979.0030379965597,2474.163214208289
55.94283096672911,-3.1844612353458603,WNW,55.94294577175882,-3.1847383992056137,1979.0030379965597,2472.913214208289
55.94294577175882,-3.1847383992056137,WNW,55.94306057678853,-3.185015563065367,1979.0030379965597,2471.663214208289
55.94306057678853,-3.185015563065367,WNW,55.94317538181824,-3.1852927269251206,1979.0030379965597,2470.413214208289
55.94317538181824,-3.1852927269251206,WNW,55.94329018684795,-3.185569890784874,1979.0030379965597,2469.163214208289
55.94329018684795,-3.185569890784874,WNW,55.943404991877664,-3.1858470546446274,1979.0030379965597,2467.913214208289
55.943404991877664,-3.1858470546446274,WNW,55.943519796907374,-3.1861242185043808,1979.0030379965597,2466.663214208289
55.943519796907374,-3.1861242185043808,WNW,55.943634601937084,-3.186401382364134,1979.0030379965597,2465.413214208289
55.943634601937084,-3.186401382364134,WNW,55.943749406966795,-3.1866785462238876,1979.0030379965597,2464.163214208289
55.943749406966795,-3.1866785462238876,NW,55.94396153900115,-3.1868906782582433,1979.0030379965597,2462.913214208289
55.94396153900115,-3.1868906782582433,WNW,55.94407634403086,-3.1871678421179968,1979.0030379965597,2461.663214208289
55.94407634403086,-3.1871678421179968,WNW,55.94419114906057,-3.18744500597775,1979.0030379965597,2460.413214208289
55.94419114906057,-3.18744500597775,WNW,55.94430595409028,-3.1877221698375036,1979.0030379965597,2459.163214208289
55.94430595409028,-3.1877221698375036,WNW,55.94442075911999,-3.187999333697257,1979.0030379965597,2457.913214208289
55.94442075911999,-3.187999333697257,WNW,55.9445355641497,-3.1882764975570104,1979.0030379965597,2456.663214208289
55.9445355641497,-3.1882764975570104,NW,55.94474769618406,-3.188488629591366,1979.0030379965597,2455.413214208289
55.94474769618406,-3.188488629591366,WNW,55.94486250121377,-3.1887657934511195,1979.0030379965597,2454.163214208289
55.94486250121377,-3.1887657934511195,SE,55.94465036917941,-3.1885536614167638,1979.0030379965597,2452.913214208289
55.94465036917941,-3.1885536614167638,WNW,55.944765174209124,-3.188830825276517,1979.0030379965597,2451.663214208289
55.944765174209124,-3.188830825276517,NW,55.94497730624348,-3.189042957310873,1979.0030379965597,2450.413214208289
55.94497730624348,-3.189042957310873,NW,55.945189438277836,-3.1892550893452287,1979.0030379965597,2449.163214208289
55.945189438277836,-3.1892550893452287,NW,55.94540157031219,-3.1894672213795845,1979.0030379965597,2447.913214208289
55.94540157031219,-3.1894672213795845,WNW,55.9455163753419,-3.189744385239338,1979.0030379965597,2446.663214208289
55.9455163753419,-3.189744385239338,W,55.9455163753419,-3.190044385239338,1979.0030379965597,2445.413214208289
55.9455163753419,-3.190044385239338,NW,55.94572850737626,-3.190256517273694,1979.0030379965597,2444.163214208289
55.94572850737626,-3.190256517273694,N,55.94602850737626,-3.190256517273694,1979.0030379965597,2442.913214208289
55.94602850737626,-3.190256517273694,ENE,55.94614331240597,-3.1899793534139405,1979.0030379965597,2441.663214208289
55.94614331240597,-3.1899793534139405,ESE,55.94602850737626,-3.189702189554187,1979.0030379965597,2440.413214208289
55.94602850737626,-3.189702189554187,SE,55.945816375341906,-3.1894900575198313,1979.0030379965597,2439.163214208289
55.945816375341906,-3.1894900575198313,SE,55.94560424330755,-3.1892779254854755,1979.0030379965597,2437.913214208289
55.94560424330755,-3.1892779254854755,SE,55.94539211127319,-3.1890657934511197,1979.0030379965597,2436.663214208289
55.94539211127319,-3.1890657934511197,SE,55.94517997923884,-3.188853661416764,1979.0030379965597,2435.413214208289
55.94517997923884,-3.188853661416764,SSE,55.94490281537908,-3.1887388563870545,1979.0030379965597,2434.163214208289
55.94490281537908,-3.1887388563870545,ENE,55.94501762040879,-3.188461692527301,1979.0030379965597,2432.913214208289
55.94501762040879,-3.188461692527301,NW,55.94522975244315,-3.188673824561657,1979.0030379965597,2431.663214208289
55.94522975244315,-3.188673824561657,WNW,55.94534455747286,-3.1889509884214102,1979.0030379965597,2430.413214208289
55.94534455747286,-3.1889509884214102,WNW,55.94545936250257,-3.1892281522811636,1979.0030379965597,2429.163214208289
55.94545936250257,-3.1892281522811636,WNW,55.94557416753228,-3.189505316140917,1979.0030379965597,2427.913214208289
55.94557416753228,-3.189505316140917,WNW,55.94568897256199,-3.1897824800006704,1979.0030379965597,2426.663214208289
55.94568897256199,-3.1897824800006704,WSW,55.94557416753228,-3.190059643860424,1979.0030379965597,2425.413214208289
55.94557416753228,-3.190059643860424,NW,55.945786299566635,-3.1902717758947796,1979.0030379965597,2424.163214208289
55.945786299566635,-3.1902717758947796,NW,55.94599843160099,-3.1904839079291354,2031.8930769272126,2500.5862808103893
55.94599843160099,-3.1904839079291354,SE,55.945786299566635,-3.1902717758947796,2031.8930769272126,2499.3362808103893
55.945786299566635,-3.1902717758947796,NW,55.94599843160099,-3.1904839079291354,2031.8930769272126,2498.0862808103893
55.94599843160099,-3.1904839079291354,SE,55.945786299566635,-3.1902717758947796,2031.8930769272126,2496.8362808103893
55.945786299566635,-3.1902717758947796,NW,55.94599843160099,-3.1904839079291354,2031.8930769272126,2495.5862808103893
55.94599843160099,-3.1904839079291354,SE,55.945786299566635,-3.1902717758947796,2031.8930769272126,2494.3362808103893
55.945786299566635,-3.1902717758947796,NW,55.94599843160099,-3.1904839079291354,2031.8930769272126,2493.0862808103893
55.94599843160099,-3.1904839079291354,SE,55.945786299566635,-3.1902717758947796,2031.8930769272126,2491.8362808103893
55.945786299566635,-3.1902717758947796,NW,55.94599843160099,-3.1904839079291354,2031.8930769272126,2490.5862808103893
55.94599843160099,-3.1904839079291354,SE,55.945786299566635,-3.1902717758947796,2031.8930769272126,2489.3362808103893
55.945786299566635,-3.1902717758947796,NW,55.94599843160099,-3.1904839079291354,2031.8930769272126,2488.0862808103893
55.94599843160099,-3.1904839079291354,SE,55.945786299566635,-3.1902717758947796,2031.8930769272126,2486.8362808103893
55.945786299566635,-3.1902717758947796,NW,55.94599843160099,-3.1904839079291354,2031.8930769272126,2485.5862808103893
55.94599843160099,-3.1904839079291354,SE,55.945786299566635,-3.1902717758947796,2031.8930769272126,2484.3362808103893
55.945786299566635,-3.1902717758947796,NW,55.94599843160099,-3.1904839079291354,2031.8930769272126,2483.0862808103893
55.94599843160099,-3.1904839079291354,SE,55.945786299566635,-3.1902717758947796,2031.8930769272126,2481.8362808103893
55.945786299566635,-3.1902717758947796,NW,55.94599843160099,-3.1904839079291354,2031.8930769272126,2480.5862808103893
55.94599843160099,-3.1904839079291354,SE,55.945786299566635,-3.1902717758947796,2031.8930769272126,2479.3362808103893
55.945786299566635,-3.1902717758947796,NW,55.94599843160099,-3.1904839079291354,2031.8930769272126,2478.0862808103893
55.94599843160099,-3.1904839079291354,SE,55.945786299566635,-3.1902717758947796,2031.8930769272126,2476.8362808103893
55.945786299566635,-3.1902717758947796,NW,55.94599843160099,-3.1904839079291354,2031.8930769272126,2475.5862808103893
55.94599843160099,-3.1904839079291354,SE,55.945786299566635,-3.1902717758947796,2031.8930769272126,2474.3362808103893
55.945786299566635,-3.1902717758947796,NW,55.94599843160099,-3.1904839079291354,2031.8930769272126,2473.0862808103893
55.94599843160099,-3.1904839079291354,SE,55.945786299566635,-3.1902717758947796,2031.8930769272126,2471.8362808103893
55.945786299566635,-3.1902717758947796,NW,55.94599843160099,-3.1904839079291354,2031.8930769272126,2470.5862808103893
55.94599843160099,-3.1904839079291354,SE,55.945786299566635,-3.1902717758947796,2031.8930769272126,2469.3362808103893
55.945786299566635,-3.1902717758947796,NW,55.94599843160099,-3.1904839079291354,2031.8930769272126,2468.0862808103893
55.94599843160099,-3.1904839079291354,SE,55.945786299566635,-3.1902717758947796,2031.8930769272126,2466.8362808103893
55.945786299566635,-3.1902717758947796,NW,55.94599843160099,-3.1904839079291354,2031.8930769272126,2465.5862808103893
55.94599843160099,-3.1904839079291354,SE,55.945786299566635,-3.1902717758947796,2031.8930769272126,2464.3362808103893
55.945786299566635,-3.1902717758947796,NW,55.94599843160099,-3.1904839079291354,2031.8930769272126,2463.0862808103893
55.94599843160099,-3.1904839079291354,SE,55.945786299566635,-3.1902717758947796,2031.8930769272126,2461.8362808103893
55.945786299566635,-3.1902717758947796,NW,55.94599843160099,-3.1904839079291354,2031.8930769272126,2460.5862808103893
55.94599843160099,-3.1904839079291354,SE,55.945786299566635,-3.1902717758947796,2031.8930769272126,2459.3362808103893
55.945786299566635,-3.1902717758947796,NW,55.94599843160099,-3.1904839079291354,2031.8930769272126,2458.0862808103893
55.94599843160099,-3.1904839079291354,SE,55.945786299566635,-3.1902717758947796,2031.8930769272126,2456.8362808103893
55.945786299566635,-3.1902717758947796,NW,55.94599843160099,-3.1904839079291354,2031.8930769272126,2455.5862808103893
55.94599843160099,-3.1904839079291354,SE,55.945786299566635,-3.1902717758947796,2031.8930769272126,2454.3362808103893
55.945786299566635,-3.1902717758947796,NW,55.94599843160099,-3.1904839079291354,2031.8930769272126,2453.0862808103893
55.94599843160099,-3.1904839079291354,SE,55.945786299566635,-3.1902717758947796,2031.8930769272126,2451.8362808103893
55.945786299566635,-3.1902717758947796,NW,55.94599843160099,-3.1904839079291354,2031.8930769272126,2450.5862808103893
55.94599843160099,-3.1904839079291354,SE,55.945786299566635,-3.1902717758947796,2031.8930769272126,2449.3362808103893
55.945786299566635,-3.1902717758947796,NW,55.94599843160099,-3.1904839079291354,2031.8930769272126,2448.0862808103893
55.94599843160099,-3.1904839079291354,SE,55.945786299566635,-3.1902717758947796,2031.8930769272126,2446.8362808103893
55.945786299566635,-3.1902717758947796,NW,55.94599843160099,-3.1904839079291354,2031.8930769272126,2445.5862808103893
55.94599843160099,-3.1904839079291354,SE,55.945786299566635,-3.1902717758947796,2031.8930769272126,2444.3362808103893
55.945786299566635,-3.1902717758947796,NW,55.94599843160099,-3.1904839079291354,2031.8930769272126,2443.0862808103893
55.94599843160099,-3.1904839079291354,SE,55.945786299566635,-3.1902717758947796,2031.8930769272126,2441.8362808103893
55.945786299566635,-3.1902717758947796,NW,55.94599843160099,-3.1904839079291354,2031.8930769272126,2440.5862808103893
55.94599843160099,-3.1904839079291354,SE,55.945786299566635,-3.1902717758947796,2031.8930769272126,2439.3362808103893
55.945786299566635,-3.1902717758947796,NW,55.94599843160099,-3.1904839079291354,2031.8930769272126,2438.0862808103893
55.94599843160099,-3.1904839079291354,SE,55.945786299566635,-3.1902717758947796,2031.8930769272126,2436.8362808103893
55.945786299566635,-3.1902717758947796,NW,55.94599843160099,-3.1904839079291354,2031.8930769272126,2435.5862808103893
55.94599843160099,-3.1904839079291354,SE,55.945786299566635,-3.1902717758947796,2031.8930769272126,2434.3362808103893
55.945786299566635,-3.1902717758947796,NW,55.94599843160099,-3.1904839079291354,2031.8930769272126,2433.0862808103893
55.94599843160099,-3.1904839079291354,SE,55.945786299566635,-3.1902717758947796,2031.8930769272126,2431.8362808103893
55.945786299566635,-3.1902717758947796,NW,55.94599843160099,-3.1904839079291354,2031.8930769272126,2430.5862808103893
55.94599843160099,-3.1904839079291354,SE,55.945786299566635,-3.1902717758947796,2031.8930769272126,2429.3362808103893
55.945786299566635,-3.1902717758947796,NW,55.94599843160099,-3.1904839079291354,2031.8930769272126,2428.0862808103893
55.94599843160099,-3.1904839079291354,SE,55.945786299566635,-3.1902717758947796,2031.8930769272126,2426.8362808103893
55.945786299566635,-3.1902717758947796,NW,55.94599843160099,-3.1904839079291354,2031.8930769272126,2425.5862808103893
55.94599843160099,-3.1904839079291354,SE,55.945786299566635,-3.1902717758947796,2031.8930769272126,2424.3362808103893
55.945786299566635,-3.1902717758947796,NW,55.94599843160099,-3.1904839079291354,2031.8930769272126,2423.0862808103893
55.94599843160099,-3.1904839079291354,SE,55.945786299566635,-3.1902717758947796,2031.8930769272126,2421.8362808103893
55.945786299566635,-3.1902717758947796,NW,55.94599843160099,-3.1904839079291354,2031.8930769272126,2420.5862808103893
55.94599843160099,-3.1904839079291354,SE,55.945786299566635,-3.1902717758947796,2031.8930769272126,2419.3362808103893
55.945786299566635,-3.1902717758947796,NW,55.94599843160099,-3.1904839079291354,2031.8930769272126,2418.0862808103893
55.94599843160099,-3.1904839079291354,SE,55.945786299566635,-3.1902717758947796,2031.8930769272126,2416.8362808103893
55.945786299566635,-3.1902717758947796,NW,55.94599843160099,-3.1904839079291354,2031.8930769272126,2415.5862808103893
55.94599843160099,-3.1904839079291354,SE,55.945786299566635,-3.1902717758947796,2031.8930769272126,2414.3362808103893
55.945786299566635,-3.1902717758947796,NW,55.94599843160099,-3.1904839079291354,2031.8930769272126,2413.0862808103893
55.94599843160099,-3.1904839079291354,SE,55.945786299566635,-3.1902717758947796,2031.8930769272126,2411.8362808103893
55.945786299566635,-3.1902717758947796,NW,55.94599843160099,-3.1904839079291354,2031.8930769272126,2410.5862808103893
55.94599843160099,-3.1904839079291354,SE,55.945786299566635,-3.1902717758947796,2031.8930769272126,2409.3362808103893
55.945786299566635,-3.1902717758947796,NW,55.94599843160099,-3.1904839079291354,2031.8930769272126,2408.0862808103893
55.94599843160099,-3.1904839079291354,SE,55.945786299566635,-3.1902717758947796,2031.8930769272126,2406.8362808103893
55.945786299566635,-3.1902717758947796,NW,55.94599843160099,-3.1904839079291354,2031.8930769272126,2405.5862808103893
55.94599843160099,-3.1904839079291354,SE,55.945786299566635,-3.1902717758947796,2031.8930769272126,2404.3362808103893
55.945786299566635,-3.1902717758947796,NW,55.94599843160099,-3.1904839079291354,2031.8930769272126,2403.0862808103893
55.94599843160099,-3.1904839079291354,SE,55.945786299566635,-3.1902717758947796,2031.8930769272126,2401.8362808103893
55.945786299566635,-3.1902717758947796,NW,55.94599843160099,-3.1904839079291354,2031.8930769272126,2400.5862808103893
55.94599843160099,-3.1904839079291354,SE,55.945786299566635,-3.1902717758947796,2031.8930769272126,2399.3362808103893
55.945786299566635,-3.1902717758947796,NW,55.94599843160099,-3.1904839079291354,2031.8930769272126,2398.0862808103893
55.94599843160099,-3.1904839079291354,SE,55.945786299566635,-3.1902717758947796,2031.8930769272126,2396.8362808103893
55.945786299566635,-3.1902717758947796,NW,55.94599843160099,-3.1904839079291354,2031.8930769272126,2395.5862808103893
55.94599843160099,-3.1904839079291354,SE,55.945786299566635,-3.1902717758947796,2031.8930769272126,2394.3362808103893
55.945786299566635,-3.1902717758947796,NW,55.94599843160099,-3.1904839079291354,2031.8930769272126,2393.0862808103893
55.94599843160099,-3.1904839079291354,SE,55.945786299566635,-3.1902717758947796,2031.8930769272126,2391.8362808103893
55.945786299566635,-3.1902717758947796,NW,55.94599843160099,-3.1904839079291354,2031.8930769272126,2390.5862808103893
55.94599843160099,-3.1904839079291354,SE,55.945786299566635,-3.1902717758947796,2031.8930769272126,2389.3362808103893
55.945786299566635,-3.1902717758947796,NW,55.94599843160099,-3.1904839079291354,2031.8930769272126,2388.0862808103893
55.94599843160099,-3.1904839079291354,SE,55.945786299566635,-3.1902717758947796,2031.8930769272126,2386.8362808103893
55.945786299566635,-3.1902717758947796,NW,55.94599843160099,-3.1904839079291354,2031.8930769272126,2385.5862808103893
55.94599843160099,-3.1904839079291354,SE,55.945786299566635,-3.1902717758947796,2031.8930769272126,2384.3362808103893
55.945786299566635,-3.1902717758947796,NW,55.94599843160099,-3.1904839079291354,2031.8930769272126,2383.0862808103893
55.94599843160099,-3.1904839079291354,SE,55.945786299566635,-3.1902717758947796,2031.8930769272126,2381.8362808103893
55.945786299566635,-3.1902717758947796,NW,55.94599843160099,-3.1904839079291354,2031.8930769272126,2380.5862808103893
55.94599843160099,-3.1904839079291354,SE,55.945786299566635,-3.1902717758947796,2031.8930769272126,2379.3362808103893
55.945786299566635,-3.1902717758947796,NW,55.94599843160099,-3.1904839079291354,2031.8930769272126,2378.0862808103893
55.94599843160099,-3.1904839079291354,SE,55.945786299566635,-3.1902717758947796,2031.8930769272126,2376.8362808103893
55.945786299566635,-3.1902717758947796,NW,55.94599843160099,-3.1904839079291354,2031.8930769272126,2375.5862808103893
55.94599843160099,-3.1904839079291354,SE,55.945786299566635,-3.1902717758947796,2031.8930769272126,2374.3362808103893
55.945786299566635,-3.1902717758947796,NW,55.94599843160099,-3.1904839079291354,2031.8930769272126,2373.0862808103893
55.94599843160099,-3.1904839079291354,SE,55.945786299566635,-3.1902717758947796,2031.8930769272126,2371.8362808103893
55.945786299566635,-3.1902717758947796,NW,55.94599843160099,-3.1904839079291354,2031.8930769272126,2370.5862808103893
55.94599843160099,-3.1904839079291354,SE,55.945786299566635,-3.1902717758947796,2031.8930769272126,2369.3362808103893
55.945786299566635,-3.1902717758947796,NW,55.94599843160099,-3.1904839079291354,2031.8930769272126,2368.0862808103893
55.94599843160099,-3.1904839079291354,SE,55.945786299566635,-3.1902717758947796,2031.8930769272126,2366.8362808103893
55.945786299566635,-3.1902717758947796,NW,55.94599843160099,-3.1904839079291354,2031.8930769272126,2365.5862808103893
55.94599843160099,-3.1904839079291354,SE,55.945786299566635,-3.1902717758947796,2031.8930769272126,2364.3362808103893
55.945786299566635,-3.1902717758947796,NW,55.94599843160099,-3.1904839079291354,2031.8930769272126,2363.0862808103893
55.94599843160099,-3.1904839079291354,SE,55.945786299566635,-3.1902717758947796,2031.8930769272126,2361.8362808103893
55.945786299566635,-3.1902717758947796,NW,55.94599843160099,-3.1904839079291354,2031.8930769272126,2360.5862808103893
55.94599843160099,-3.1904839079291354,SE,55.945786299566635,-3.1902717758947796,2031.8930769272126,2359.3362808103893
55.945786299566635,-3.1902717758947796,NW,55.94599843160099,-3.1904839079291354,2031.8930769272126,2358.0862808103893
55.94599843160099,-3.1904839079291354,SE,55.945786299566635,-3.1902717758947796,2031.8930769272126,2356.8362808103893
55.945786299566635,-3.1902717758947796,NW,55.94599843160099,-3.1904839079291354,2031.8930769272126,2355.5862808103893
55.94599843160099,-3.1904839079291354,SE,55.945786299566635,-3.1902717758947796,2031.8930769272126,2354.3362808103893
55.945786299566635,-3.1902717758947796,NW,55.94599843160099,-3.1904839079291354,2031.8930769272126,2353.0862808103893
55.94599843160099,-3.1904839079291354,SE,55.945786299566635,-3.1902717758947796,2031.8930769272126,2351.8362808103893
55.945786299566635,-3.1902717758947796,NW,55.94599843160099,-3.1904839079291354,2031.8930769272126,2350.5862808103893
55.94599843160099,-3.1904839079291354,SE,55.945786299566635,-3.1902717758947796,2031.8930769272126,2349.3362808103893
55.945786299566635,-3.1902717758947796,NW,55.94599843160099,-3.1904839079291354,2031.8930769272126,2348.0862808103893
55.94599843160099,-3.1904839079291354,SE,55.945786299566635,-3.1902717758947796,2031.8930769272126,2346.8362808103893
55.945786299566635,-3.1902717758947796,NW,55.94599843160099,-3.1904839079291354,2031.8930769272126,2345.5862808103893
55.94599843160099,-3.1904839079291354,SE,55.945786299566635,-3.1902717758947796,2031.8930769272126,2344.3362808103893
55.945786299566635,-3.1902717758947796,NW,55.94599843160099,-3.1904839079291354,2031.8930769272126,2343.0862808103893
55.94599843160099,-3.1904839079291354,SE,55.945786299566635,-3.1902717758947796,2031.8930769272126,2341.8362808103893
55.945786299566635,-3.1902717758947796,NW,55.94599843160099,-3.1904839079291354,2031.8930769272126,2340.5862808103893
55.94599843160099,-3.1904839079291354,SE,55.945786299566635,-3.1902717758947796,2031.8930769272126,2339.3362808103893
55.945786299566635,-3.1902717758947796,NW,55.94599843160099,-3.1904839079291354,2031.8930769272126,2338.0862808103893
55.94599843160099,-3.1904839079291354,SE,55.945786299566635,-3.1902717758947796,2031.8930769272126,2336.8362808103893
55.945786299566635,-3.1902717758947796,NW,55.94599843160099,-3.1904839079291354,2031.8930769272126,2335.5862808103893
55.94599843160099,-3.1904839079291354,SE,55.945786299566635,-3.1902717758947796,2031.8930769272126,2334.3362808103893
55.945786299566635,-3.1902717758947796,NW,55.94599843160099,-3.1904839079291354,2031.8930769272126,2333.0862808103893
