55.944425,-3.188396,SW,55.944212867965646,-3.188608132034356,117.52563230752546,265.2243738297975
55.944212867965646,-3.188608132034356,W,55.944212867965646,-3.188908132034356,117.52563230752546,263.9743738297975
55.944212867965646,-3.188908132034356,WSW,55.944098062935936,-3.1891852958941094,162.73387489078937,313.95913266584074
55.944098062935936,-3.1891852958941094,NNW,55.94437522679569,-3.189300100923819,227.44147463274635,328.13179533450017
55.94437522679569,-3.189300100923819,SSW,55.944098062935936,-3.1894149059535284,227.44147463274635,326.88179533450017
55.944098062935936,-3.1894149059535284,S,55.94379806293593,-3.1894149059535284,255.64906580819547,400.2347973789651
55.94379806293593,-3.1894149059535284,W,55.94379806293593,-3.1897149059535286,269.5052050882965,519.9347402523925
55.94379806293593,-3.1897149059535286,WNW,55.94391286796564,-3.189992069813282,269.5052050882965,518.6847402523925
55.94391286796564,-3.189992069813282,W,55.94391286796564,-3.190292069813282,367.4548871050974,533.4342354993912
55.94391286796564,-3.190292069813282,SW,55.94370073593129,-3.190504201847638,422.9467623256979,632.8330040904676
55.94370073593129,-3.190504201847638,SW,55.94348860389693,-3.1907163338819937,422.9467623256979,631.5830040904676
55.94348860389693,-3.1907163338819937,SW,55.943276471862575,-3.1909284659163495,422.9467623256979,630.3330040904676
55.943276471862575,-3.1909284659163495,SW,55.94306433982822,-3.1911405979507053,544.3605619828945,631.7067191709797
55.94306433982822,-3.1911405979507053,NW,55.943276471862575,-3.191352729985061,544.3605619828945,630.4567191709797
55.943276471862575,-3.191352729985061,NW,55.94348860389693,-3.191564862019417,544.3605619828945,629.2067191709797
55.94348860389693,-3.191564862019417,NW,55.94370073593129,-3.1917769940537726,605.3308263874993,716.4335220108295
55.94370073593129,-3.1917769940537726,WNW,55.943815540961,-3.192054157913526,657.9047269742663,748.0303211411605
55.943815540961,-3.192054157913526,NE,55.944027672995354,-3.19184202587917,657.9047269742663,746.7803211411605
55.944027672995354,-3.19184202587917,NE,55.94423980502971,-3.1916298938448144,763.5116279123996,787.5879357393169
55.94423980502971,-3.1916298938448144,NE,55.944451937064066,-3.1914177618104587,772.9833949006035,846.5210997633632
55.944451937064066,-3.1914177618104587,SE,55.94423980502971,-3.191205629776103,772.9833949006035,845.2710997633632
55.94423980502971,-3.191205629776103,NNW,55.94451696888947,-3.1913204348058124,772.9833949006035,844.0210997633632
55.94451696888947,-3.1913204348058124,N,55.94481696888947,-3.1913204348058124,772.9833949006035,842.7710997633632
55.94481696888947,-3.1913204348058124,NE,55.945029100923826,-3.1911083027714566,772.9833949006035,841.5210997633632
55.945029100923826,-3.1911083027714566,E,55.945029100923826,-3.1908083027714564,772.9833949006035,840.2710997633632
55.945029100923826,-3.1908083027714564,E,55.945029100923826,-3.1905083027714563,772.9833949006035,839.0210997633632
55.945029100923826,-3.1905083027714563,E,55.945029100923826,-3.190208302771456,772.9833949006035,837.7710997633632
55.945029100923826,-3.190208302771456,E,55.945029100923826,-3.189908302771456,835.198136193266,925.6929516283816
55.945029100923826,-3.189908302771456,N,55.94532910092383,-3.189908302771456,835.198136193266,924.4429516283816
55.94532910092383,-3.189908302771456,E,55.94532910092383,-3.1896083027714557,835.198136193266,923.1929516283816
55.94532910092383,-3.1896083027714557,N,55.94562910092383,-3.1896083027714557,856.9741116976337,985.0258871402397
55.94562910092383,-3.1896083027714557,SE,55.945416968889475,-3.1893961707371,856.9741116976337,983.7758871402397
55.945416968889475,-3.1893961707371,ESE,55.945302163859765,-3.1891190068773465,858.6172816906433,1104.8059864195275
55.945302163859765,-3.1891190068773465,ENE,55.945416968889475,-3.188841843017593,858.6172816906433,1103.5559864195275
55.945416968889475,-3.188841843017593,NE,55.94562910092383,-3.1886297109832373,858.6172816906433,1102.3059864195275
55.94562910092383,-3.1886297109832373,ENE,55.94574390595354,-3.188352547123484,858.6172816906433,1101.0559864195275
55.94574390595354,-3.188352547123484,NE,55.9459560379879,-3.188140415089128,858.6172816906433,1099.8059864195275
55.9459560379879,-3.188140415089128,ENE,55.94607084301761,-3.1878632512293748,894.441169249256,1196.3929260648993
55.94607084301761,-3.1878632512293748,SE,55.94585871098325,-3.187651119195019,894.441169249256,1195.1429260648993
55.94585871098325,-3.187651119195019,SE,55.945646578948896,-3.187438987160663,894.441169249256,1193.8929260648993
55.945646578948896,-3.187438987160663,SSE,55.94536941508914,-3.1873241821309537,957.0670523255859,1269.5399449543186
55.94536941508914,-3.1873241821309537,NE,55.945581547123496,-3.187112050096598,1071.358430713539,1331.6474794285398
55.945581547123496,-3.187112050096598,SE,55.94536941508914,-3.186899918062242,1071.358430713539,1330.3974794285398
55.94536941508914,-3.186899918062242,SSE,55.94509225122938,-3.1867851130325326,1071.358430713539,1329.1474794285398
55.94509225122938,-3.1867851130325326,SE,55.94488011919503,-3.186572980998177,1071.358430713539,1327.8974794285398
55.94488011919503,-3.186572980998177,SSE,55.94460295533527,-3.1864581759684674,1081.7444080083255,1393.0622202156862
55.94460295533527,-3.1864581759684674,SSE,55.944325791475514,-3.186343370938758,1081.7444080083255,1391.8122202156862
55.944325791475514,-3.186343370938758,SSE,55.94404862761576,-3.1862285659090483,1104.437513585066,1512.1372051435164
55.94404862761576,-3.1862285659090483,ESE,55.94393382258605,-3.185951402049295,1122.03138332378,1556.2638163852198
55.94393382258605,-3.185951402049295,WSW,55.943819017556336,-3.1862285659090483,1122.03138332378,1555.0138163852198
55.943819017556336,-3.1862285659090483,WSW,55.943704212526626,-3.1865057297688018,1122.03138332378,1553.7638163852198
55.943704212526626,-3.1865057297688018,W,55.943704212526626,-3.186805729768802,1225.8093282852578,1598.2049199122614
55.943704212526626,-3.186805729768802,W,55.943704212526626,-3.187105729768802,1225.8093282852578,1596.9549199122614
55.943704212526626,-3.187105729768802,WNW,55.943819017556336,-3.1873828936285555,1270.6719859079524,1644.331052486008
55.943819017556336,-3.1873828936285555,S,55.94351901755633,-3.1873828936285555,1272.6195066202736,1751.4084811070036
55.94351901755633,-3.1873828936285555,SE,55.94330688552198,-3.1871707615941998,1272.6195066202736,1750.1584811070036
55.94330688552198,-3.1871707615941998,ESE,55.94319208049227,-3.1868935977344464,1272.6195066202736,1748.9084811070036
55.94319208049227,-3.1868935977344464,SE,55.94297994845791,-3.1866814657000906,1311.4032610865938,1847.132048184968
55.94297994845791,-3.1866814657000906,E,55.94297994845791,-3.1863814657000904,1353.0474846779355,1887.3565800214499
55.94297994845791,-3.1863814657000904,NE,55.94319208049227,-3.1861693336657346,1436.7277090076932,1904.5756642422891
55.94319208049227,-3.1861693336657346,E,55.94319208049227,-3.1858693336657344,1436.7277090076932,1903.3256642422891
55.94319208049227,-3.1858693336657344,E,55.94319208049227,-3.1855693336657342,1436.7277090076932,1902.0756642422891
55.94319208049227,-3.1855693336657342,E,55.94319208049227,-3.185269333665734,1531.3595064689323,1990.2929332857298
55.94319208049227,-3.185269333665734,WNW,55.94330688552198,-3.1855464975254875,1531.3595064689323,1989.0429332857298
55.94330688552198,-3.1855464975254875,WNW,55.94342169055169,-3.185823661385241,1531.3595064689323,1987.7929332857298
55.94342169055169,-3.185823661385241,E,55.94342169055169,-3.1855236613852407,1531.3595064689323,1986.5429332857298
55.94342169055169,-3.1855236613852407,WSW,55.94330688552198,-3.185800825244994,1531.3595064689323,1985.2929332857298
55.94330688552198,-3.185800825244994,E,55.94330688552198,-3.185500825244994,1531.3595064689323,1984.0429332857298
55.94330688552198,-3.185500825244994,E,55.94330688552198,-3.1852008252449937,1531.3595064689323,1982.7929332857298
55.94330688552198,-3.1852008252449937,NNE,55.943584049381734,-3.185086020215284,1531.3595064689323,1981.5429332857298
55.943584049381734,-3.185086020215284,N,55.94388404938174,-3.185086020215284,1531.3595064689323,1980.2929332857298
55.94388404938174,-3.185086020215284,W,55.94388404938174,-3.1853860202152844,1531.3595064689323,1979.0429332857298
55.94388404938174,-3.1853860202152844,N,55.94418404938174,-3.1853860202152844,1531.3595064689323,1977.7929332857298
55.94418404938174,-3.1853860202152844,N,55.94448404938174,-3.1853860202152844,1531.3595064689323,1976.5429332857298
55.94448404938174,-3.1853860202152844,N,55.944784049381745,-3.1853860202152844,1531.3595064689323,1975.2929332857298
55.944784049381745,-3.1853860202152844,N,55.94508404938175,-3.1853860202152844,1551.5261563185313,2009.497126781742
55.94508404938175,-3.1853860202152844,NNE,55.945361213241505,-3.185271215185575,1551.5261563185313,2008.247126781742
55.945361213241505,-3.185271215185575,NNE,55.94563837710126,-3.1851564101558654,1627.168163507319,2130.728588648317
55.94563837710126,-3.1851564101558654,WNW,55.94575318213097,-3.1854335740156188,1692.1866175402247,2218.4985617040406
55.94575318213097,-3.1854335740156188,ENE,55.94586798716068,-3.1851564101558654,1692.1866175402247,2217.2485617040406
55.94586798716068,-3.1851564101558654,ENE,55.94598279219039,-3.184879246296112,1744.4799767972338,2257.23218303913
55.94598279219039,-3.184879246296112,W,55.94598279219039,-3.185179246296112,1744.4799767972338,2255.98218303913
55.94598279219039,-3.185179246296112,W,55.94598279219039,-3.1854792462961123,1744.4799767972338,2254.73218303913
55.94598279219039,-3.1854792462961123,W,55.94598279219039,-3.1857792462961125,1744.4799767972338,2253.48218303913
55.94598279219039,-3.1857792462961125,W,55.94598279219039,-3.1860792462961127,1744.4799767972338,2252.23218303913
55.94598279219039,-3.1860792462961127,W,55.94598279219039,-3.186379246296113,1744.4799767972338,2250.98218303913
55.94598279219039,-3.186379246296113,W,55.94598279219039,-3.186679246296113,1744.4799767972338,2249.73218303913
55.94598279219039,-3.186679246296113,W,55.94598279219039,-3.1869792462961133,1744.4799767972338,2248.48218303913
55.94598279219039,-3.1869792462961133,WSW,55.94586798716068,-3.1872564101558667,1744.4799767972338,2247.23218303913
55.94586798716068,-3.1872564101558667,SE,55.945655855126326,-3.187044278121511,1744.4799767972338,2245.98218303913
55.945655855126326,-3.187044278121511,W,55.945655855126326,-3.187344278121511,1744.4799767972338,2244.73218303913
55.945655855126326,-3.187344278121511,W,55.945655855126326,-3.1876442781215113,1744.4799767972338,2243.48218303913
55.945655855126326,-3.1876442781215113,W,55.945655855126326,-3.1879442781215115,1744.4799767972338,2242.23218303913
55.945655855126326,-3.1879442781215115,W,55.945655855126326,-3.1882442781215117,1744.4799767972338,2240.98218303913
55.945655855126326,-3.1882442781215117,W,55.945655855126326,-3.188544278121512,1744.4799767972338,2239.73218303913
55.945655855126326,-3.188544278121512,W,55.945655855126326,-3.188844278121512,1744.4799767972338,2238.48218303913
55.945655855126326,-3.188844278121512,W,55.945655855126326,-3.1891442781215122,1744.4799767972338,2237.23218303913
55.945655855126326,-3.1891442781215122,N,55.94595585512633,-3.1891442781215122,1744.4799767972338,2235.98218303913
55.94595585512633,-3.1891442781215122,W,55.94595585512633,-3.1894442781215124,1744.4799767972338,2234.73218303913
55.94595585512633,-3.1894442781215124,W,55.94595585512633,-3.1897442781215126,1744.4799767972338,2233.48218303913
55.94595585512633,-3.1897442781215126,W,55.94595585512633,-3.190044278121513,1744.4799767972338,2232.23218303913
55.94595585512633,-3.190044278121513,W,55.94595585512633,-3.190344278121513,1744.4799767972338,2230.98218303913
55.94595585512633,-3.190344278121513,W,55.94595585512633,-3.190644278121513,1744.4799767972338,2229.73218303913
55.94595585512633,-3.190644278121513,W,55.94595585512633,-3.1909442781215134,1744.4799767972338,2228.48218303913
55.94595585512633,-3.1909442781215134,W,55.94595585512633,-3.1912442781215136,1744.4799767972338,2227.23218303913
55.94595585512633,-3.1912442781215136,ENE,55.94607066015604,-3.19096711426176,1744.4799767972338,2225.98218303913
55.94607066015604,-3.19096711426176,WNW,55.94618546518575,-3.1912442781215136,1744.4799767972338,2224.73218303913
55.94618546518575,-3.1912442781215136,WSW,55.94607066015604,-3.191521441981267,1809.9883233607497,2345.608139994908
55.94607066015604,-3.191521441981267,WSW,55.94595585512633,-3.1917986058410204,1809.9883233607497,2344.358139994908
55.94595585512633,-3.1917986058410204,WSW,55.94584105009662,-3.192075769700774,1809.9883233607497,2343.108139994908
55.94584105009662,-3.192075769700774,WSW,55.94572624506691,-3.192352933560527,1927.662266081701,2441.166774210697
55.94572624506691,-3.192352933560527,ENE,55.94584105009662,-3.192075769700774,1927.662266081701,2439.916774210697
55.94584105009662,-3.192075769700774,WSW,55.94572624506691,-3.192352933560527,1927.662266081701,2438.666774210697
55.94572624506691,-3.192352933560527,ENE,55.94584105009662,-3.192075769700774,1927.662266081701,2437.416774210697
55.94584105009662,-3.192075769700774,WSW,55.94572624506691,-3.192352933560527,1927.662266081701,2436.166774210697
55.94572624506691,-3.192352933560527,ENE,55.94584105009662,-3.192075769700774,1927.662266081701,2434.916774210697
55.94584105009662,-3.192075769700774,WSW,55.94572624506691,-3.192352933560527,1927.662266081701,2433.666774210697
55.94572624506691,-3.192352933560527,ENE,55.94584105009662,-3.192075769700774,1927.662266081701,2432.416774210697
55.94584105009662,-3.192075769700774,WSW,55.94572624506691,-3.192352933560527,1927.662266081701,2431.166774210697
55.94572624506691,-3.192352933560527,ENE,55.94584105009662,-3.192075769700774,1927.662266081701,2429.916774210697
55.94584105009662,-3.192075769700774,WSW,55.94572624506691,-3.192352933560527,1927.662266081701,2428.666774210697
55.94572624506691,-3.192352933560527,ENE,55.94584105009662,-3.192075769700774,1927.662266081701,2427.416774210697
55.94584105009662,-3.192075769700774,WSW,55.94572624506691,-3.192352933560527,1927.662266081701,2426.166774210697
55.94572624506691,-3.192352933560527,ENE,55.94584105009662,-3.192075769700774,1927.662266081701,2424.916774210697
55.94584105009662,-3.192075769700774,WSW,55.94572624506691,-3.192352933560527,1927.662266081701,2423.666774210697
55.94572624506691,-3.192352933560527,ENE,55.94584105009662,-3.192075769700774,1927.662266081701,2422.416774210697
55.94584105009662,-3.192075769700774,WSW,55.94572624506691,-3.192352933560527,1927.662266081701,2421.166774210697
55.94572624506691,-3.192352933560527,ENE,55.94584105009662,-3.192075769700774,1927.662266081701,2419.916774210697
55.94584105009662,-3.192075769700774,WSW,55.94572624506691,-3.192352933560527,1927.662266081701,2418.666774210697
55.94572624506691,-3.192352933560527,ENE,55.94584105009662,-3.192075769700774,1927.662266081701,2417.416774210697
55.94584105009662,-3.192075769700774,WSW,55.94572624506691,-3.192352933560527,1927.662266081701,2416.166774210697
55.94572624506691,-3.192352933560527,ENE,55.94584105009662,-3.192075769700774,1927.662266081701,2414.916774210697
55.94584105009662,-3.192075769700774,WSW,55.94572624506691,-3.192352933560527,1927.662266081701,2413.666774210697
55.94572624506691,-3.192352933560527,ENE,55.94584105009662,-3.192075769700774,1927.662266081701,2412.416774210697
55.94584105009662,-3.192075769700774,WSW,55.94572624506691,-3.192352933560527,1927.662266081701,2411.166774210697
55.94572624506691,-3.192352933560527,ENE,55.94584105009662,-3.192075769700774,1927.662266081701,2409.916774210697
55.94584105009662,-3.192075769700774,WSW,55.94572624506691,-3.192352933560527,1927.662266081701,2408.666774210697
55.94572624506691,-3.192352933560527,ENE,55.94584105009662,-3.192075769700774,1927.662266081701,2407.416774210697
55.94584105009662,-3.192075769700774,WSW,55.94572624506691,-3.192352933560527,1927.662266081701,2406.166774210697
55.94572624506691,-3.192352933560527,ENE,55.94584105009662,-3.192075769700774,1927.662266081701,2404.916774210697
55.94584105009662,-3.192075769700774,WSW,55.94572624506691,-3.192352933560527,1927.662266081701,2403.666774210697
55.94572624506691,-3.192352933560527,ENE,55.94584105009662,-3.192075769700774,1927.662266081701,2402.416774210697
55.94584105009662,-3.192075769700774,WSW,55.94572624506691,-3.192352933560527,1927.662266081701,2401.166774210697
55.94572624506691,-3.192352933560527,ENE,55.94584105009662,-3.192075769700774,1927.662266081701,2399.916774210697
55.94584105009662,-3.192075769700774,WSW,55.94572624506691,-3.192352933560527,1927.662266081701,2398.666774210697
55.94572624506691,-3.192352933560527,ENE,55.94584105009662,-3.192075769700774,1927.662266081701,2397.416774210697
55.94584105009662,-3.192075769700774,WSW,55.94572624506691,-3.192352933560527,1927.662266081701,2396.166774210697
55.94572624506691,-3.192352933560527,ENE,55.94584105009662,-3.192075769700774,1927.662266081701,2394.916774210697
55.94584105009662,-3.192075769700774,WSW,55.94572624506691,-3.192352933560527,1927.662266081701,2393.666774210697
55.94572624506691,-3.192352933560527,ENE,55.94584105009662,-3.192075769700774,1927.662266081701,2392.416774210697
55.94584105009662,-3.192075769700774,WSW,55.94572624506691,-3.192352933560527,1927.662266081701,2391.166774210697
55.94572624506691,-3.192352933560527,ENE,55.94584105009662,-3.192075769700774,1927.662266081701,2389.916774210697
55.94584105009662,-3.192075769700774,WSW,55.94572624506691,-3.192352933560527,1927.662266081701,2388.666774210697
55.94572624506691,-3.192352933560527,ENE,55.94584105009662,-3.192075769700774,1927.662266081701,2387.416774210697
55.94584105009662,-3.192075769700774,WSW,55.94572624506691,-3.192352933560527,1927.662266081701,2386.166774210697
55.94572624506691,-3.192352933560527,ENE,55.94584105009662,-3.192075769700774,1927.662266081701,2384.916774210697
55.94584105009662,-3.192075769700774,WSW,55.94572624506691,-3.192352933560527,1927.662266081701,2383.666774210697
55.94572624506691,-3.192352933560527,ENE,55.94584105009662,-3.192075769700774,1927.662266081701,2382.416774210697
55.94584105009662,-3.192075769700774,WSW,55.94572624506691,-3.192352933560527,1927.662266081701,2381.166774210697
55.94572624506691,-3.192352933560527,ENE,55.94584105009662,-3.192075769700774,1927.662266081701,2379.916774210697
55.94584105009662,-3.192075769700774,WSW,55.94572624506691,-3.192352933560527,1927.662266081701,2378.666774210697
55.94572624506691,-3.192352933560527,ENE,55.94584105009662,-3.192075769700774,1927.662266081701,2377.416774210697
55.94584105009662,-3.192075769700774,WSW,55.94572624506691,-3.192352933560527,1927.662266081701,2376.166774210697
55.94572624506691,-3.192352933560527,ENE,55.94584105009662,-3.192075769700774,1927.662266081701,2374.916774210697
55.94584105009662,-3.192075769700774,WSW,55.94572624506691,-3.192352933560527,1927.662266081701,2373.666774210697
55.94572624506691,-3.192352933560527,ENE,55.94584105009662,-3.192075769700774,1927.662266081701,2372.416774210697
55.94584105009662,-3.192075769700774,WSW,55.94572624506691,-3.192352933560527,1927.662266081701,2371.166774210697
55.94572624506691,-3.192352933560527,ENE,55.94584105009662,-3.192075769700774,1927.662266081701,2369.916774210697
55.94584105009662,-3.192075769700774,WSW,55.94572624506691,-3.192352933560527,1927.662266081701,2368.666774210697
55.94572624506691,-3.192352933560527,ENE,55.94584105009662,-3.192075769700774,1927.662266081701,2367.416774210697
55.94584105009662,-3.192075769700774,WSW,55.94572624506691,-3.192352933560527,1927.662266081701,2366.166774210697
55.94572624506691,-3.192352933560527,ENE,55.94584105009662,-3.192075769700774,1927.662266081701,2364.916774210697
55.94584105009662,-3.192075769700774,WSW,55.94572624506691,-3.192352933560527,1927.662266081701,2363.666774210697
55.94572624506691,-3.192352933560527,ENE,55.94584105009662,-3.192075769700774,1927.662266081701,2362.416774210697
55.94584105009662,-3.192075769700774,WSW,55.94572624506691,-3.192352933560527,1927.662266081701,2361.166774210697
55.94572624506691,-3.192352933560527,ENE,55.94584105009662,-3.192075769700774,1927.662266081701,2359.916774210697
55.94584105009662,-3.192075769700774,WSW,55.94572624506691,-3.192352933560527,1927.662266081701,2358.666774210697
55.94572624506691,-3.192352933560527,ENE,55.94584105009662,-3.192075769700774,1927.662266081701,2357.416774210697
55.94584105009662,-3.192075769700774,WSW,55.94572624506691,-3.192352933560527,1927.662266081701,2356.166774210697
55.94572624506691,-3.192352933560527,ENE,55.94584105009662,-3.192075769700774,1927.662266081701,2354.916774210697
55.94584105009662,-3.192075769700774,WSW,55.94572624506691,-3.192352933560527,1927.662266081701,2353.666774210697
55.94572624506691,-3.192352933560527,ENE,55.94584105009662,-3.192075769700774,1927.662266081701,2352.416774210697
55.94584105009662,-3.192075769700774,WSW,55.94572624506691,-3.192352933560527,1927.662266081701,2351.166774210697
55.94572624506691,-3.192352933560527,ENE,55.94584105009662,-3.192075769700774,1927.662266081701,2349.916774210697
55.94584105009662,-3.192075769700774,WSW,55.94572624506691,-3.192352933560527,1927.662266081701,2348.666774210697
55.94572624506691,-3.192352933560527,ENE,55.94584105009662,-3.192075769700774,1927.662266081701,2347.416774210697
55.94584105009662,-3.192075769700774,WSW,55.94572624506691,-3.192352933560527,1927.662266081701,2346.166774210697
55.94572624506691,-3.192352933560527,ENE,55.94584105009662,-3.192075769700774,1927.662266081701,2344.916774210697
55.94584105009662,-3.192075769700774,WSW,55.94572624506691,-3.192352933560527,1927.662266081701,2343.666774210697
55.94572624506691,-3.192352933560527,ENE,55.94584105009662,-3.192075769700774,1927.662266081701,2342.416774210697
55.94584105009662,-3.192075769700774,WSW,55.94572624506691,-3.192352933560527,1927.662266081701,2341.166774210697
55.94572624506691,-3.192352933560527,ENE,55.94584105009662,-3.192075769700774,1927.662266081701,2339.916774210697
55.94584105009662,-3.192075769700774,WSW,55.94572624506691,-3.192352933560527,1927.662266081701,2338.666774210697
55.94572624506691,-3.192352933560527,ENE,55.94584105009662,-3.192075769700774,1927.662266081701,2337.416774210697
55.94584105009662,-3.192075769700774,WSW,55.94572624506691,-3.192352933560527,1927.662266081701,2336.166774210697
55.94572624506691,-3.192352933560527,ENE,55.94584105009662,-3.192075769700774,1927.662266081701,2334.916774210697
55.94584105009662,-3.192075769700774,WSW,55.94572624506691,-3.192352933560527,1927.662266081701,2333.666774210697
55.94572624506691,-3.192352933560527,ENE,55.94584105009662,-3.192075769700774,1927.662266081701,2332.416774210697
55.94584105009662,-3.192075769700774,WSW,55.94572624506691,-3.192352933560527,1927.662266081701,2331.166774210697
55.94572624506691,-3.192352933560527,ENE,55.94584105009662,-3.192075769700774,1927.662266081701,2329.916774210697
55.94584105009662,-3.192075769700774,WSW,55.94572624506691,-3.192352933560527,1927.662266081701,2328.666774210697
55.94572624506691,-3.192352933560527,ENE,55.94584105009662,-3.192075769700774,1927.662266081701,2327.416774210697
55.94584105009662,-3.192075769700774,WSW,55.94572624506691,-3.192352933560527,1927.662266081701,2326.166774210697
55.94572624506691,-3.192352933560527,ENE,55.94584105009662,-3.192075769700774,1927.662266081701,2324.916774210697
55.94584105009662,-3.192075769700774,WSW,55.94572624506691,-3.192352933560527,1927.662266081701,2323.666774210697
55.94572624506691,-3.192352933560527,ENE,55.94584105009662,-3.192075769700774,1927.662266081701,2322.416774210697
55.94584105009662,-3.192075769700774,WSW,55.94572624506691,-3.192352933560527,1927.662266081701,2321.166774210697
55.94572624506691,-3.192352933560527,ENE,55.94584105009662,-3.192075769700774,1927.662266081701,2319.916774210697
55.94584105009662,-3.192075769700774,WSW,55.94572624506691,-3.192352933560527,1927.662266081701,2318.666774210697
55.94572624506691,-3.192352933560527,ENE,55.94584105009662,-3.192075769700774,1927.662266081701,2317.416774210697
55.94584105009662,-3.192075769700774,WSW,55.94572624506691,-3.192352933560527,1927.662266081701,2316.166774210697
55.94572624506691,-3.192352933560527,ENE,55.94584105009662,-3.192075769700774,1927.662266081701,2314.916774210697
55.94584105009662,-3.192075769700774,WSW,55.94572624506691,-3.192352933560527,1927.662266081701,2313.666774210697
55.94572624506691,-3.192352933560527,ENE,55.94584105009662,-3.192075769700774,1927.662266081701,2312.416774210697
55.94584105009662,-3.192075769700774,WSW,55.94572624506691,-3.192352933560527,1927.662266081701,2311.166774210697
55.94572624506691,-3.192352933560527,ENE,55.94584105009662,-3.192075769700774,1927.662266081701,2309.916774210697
55.94584105009662,-3.192075769700774,WSW,55.94572624506691,-3.192352933560527,1927.662266081701,2308.666774210697
55.94572624506691,-3.192352933560527,ENE,55.94584105009662,-3.192075769700774,1927.662266081701,2307.416774210697
55.94584105009662,-3.192075769700774,WSW,55.94572624506691,-3.192352933560527,1927.662266081701,2306.166774210697
55.94572624506691,-3.192352933560527,ENE,55.94584105009662,-3.192075769700774,1927.662266081701,2304.916774210697
55.94584105009662,-3.192075769700774,WSW,55.94572624506691,-3.192352933560527,1927.662266081701,2303.666774210697
55.94572624506691,-3.192352933560527,ENE,55.94584105009662,-3.192075769700774,1927.662266081701,2302.416774210697
55.94584105009662,-3.192075769700774,WSW,55.94572624506691,-3.192352933560527,1927.662266081701,2301.166774210697
55.94572624506691,-3.192352933560527,ENE,55.94584105009662,-3.192075769700774,1927.662266081701,2299.916774210697
55.94584105009662,-3.192075769700774,WSW,55.94572624506691,-3.192352933560527,1927.662266081701,2298.666774210697
55.94572624506691,-3.192352933560527,ENE,55.94584105009662,-3.192075769700774,1927.662266081701,2297.416774210697
55.94584105009662,-3.192075769700774,WSW,55.94572624506691,-3.192352933560527,1927.662266081701,2296.166774210697
55.94572624506691,-3.192352933560527,ENE,55.94584105009662,-3.192075769700774,1927.662266081701,2294.916774210697
55.94584105009662,-3.192075769700774,WSW,55.94572624506691,-3.192352933560527,1927.662266081701,2293.666774210697
55.94572624506691,-3.192352933560527,ENE,55.94584105009662,-3.192075769700774,1927.662266081701,2292.416774210697
55.94584105009662,-3.192075769700774,WSW,55.94572624506691,-3.192352933560527,1927.662266081701,2291.166774210697
55.94572624506691,-3.192352933560527,ENE,55.94584105009662,-3.192075769700774,1927.662266081701,2289.916774210697
55.94584105009662,-3.192075769700774,WSW,55.94572624506691,-3.192352933560527,1927.662266081701,2288.666774210697
55.94572624506691,-3.192352933560527,ENE,55.94584105009662,-3.192075769700774,1927.662266081701,2287.416774210697
55.94584105009662,-3.192075769700774,WSW,55.94572624506691,-3.192352933560527,1927.662266081701,2286.166774210697
55.94572624506691,-3.192352933560527,ENE,55.94584105009662,-3.192075769700774,1927.662266081701,2284.916774210697
55.94584105009662,-3.192075769700774,WSW,55.94572624506691,-3.192352933560527,1927.662266081701,2283.666774210697
55.94572624506691,-3.192352933560527,ENE,55.94584105009662,-3.192075769700774,1927.662266081701,2282.416774210697
55.94584105009662,-3.192075769700774,WSW,55.94572624506691,-3.192352933560527,1927.662266081701,2281.166774210697
55.94572624506691,-3.192352933560527,ENE,55.94584105009662,-3.192075769700774,1927.662266081701,2279.916774210697
55.94584105009662,-3.192075769700774,WSW,55.94572624506691,-3.192352933560527,1927.662266081701,2278.666774210697
55.94572624506691,-3.192352933560527,ENE,55.94584105009662,-3.192075769700774,1927.662266081701,2277.416774210697
55.94584105009662,-3.192075769700774,WSW,55.94572624506691,-3.192352933560527,1927.662266081701,2276.166774210697
55.94572624506691,-3.192352933560527,ENE,55.94584105009662,-3.192075769700774,1927.662266081701,2274.916774210697
55.94584105009662,-3.192075769700774,WSW,55.94572624506691,-3.192352933560527,1927.662266081701,2273.666774210697
55.94572624506691,-3.192352933560527,ENE,55.94584105009662,-3.192075769700774,1927.662266081701,2272.416774210697
55.94584105009662,-3.192075769700774,WSW,55.94572624506691,-3.192352933560527,1927.662266081701,2271.166774210697
55.94572624506691,-3.192352933560527,ENE,55.94584105009662,-3.192075769700774,1927.662266081701,2269.916774210697
55.94584105009662,-3.192075769700774,WSW,55.94572624506691,-3.192352933560527,1927.662266081701,2268.666774210697
55.94572624506691,-3.192352933560527,ENE,55.94584105009662,-3.192075769700774,1927.662266081701,2267.416774210697
