55.944425,-3.188396,SW,55.944212867965646,-3.188608132034356,94.94370375963605,277.9775393879494
55.944212867965646,-3.188608132034356,N,55.94451286796565,-3.188608132034356,94.94370375963605,276.7275393879494
55.94451286796565,-3.188608132034356,NNW,55.944790031825406,-3.1887229370640653,104.57519619015982,320.84229779577885
55.944790031825406,-3.1887229370640653,WSW,55.944675226795695,-3.1890001009238187,191.429439923919,384.6824956299345
55.944675226795695,-3.1890001009238187,NNE,55.94495239065545,-3.188885295894109,191.429439923919,383.4324956299345
55.94495239065545,-3.188885295894109,NNE,55.94522955451521,-3.1887704908643997,200.834850398166,497.06915762231586
55.94522955451521,-3.1887704908643997,NW,55.945441686549565,-3.1889826228987554,200.834850398166,495.81915762231586
55.945441686549565,-3.1889826228987554,NW,55.94565381858392,-3.189194754933111,200.834850398166,494.56915762231586
55.94565381858392,-3.189194754933111,WNW,55.94576862361363,-3.1894719187928646,233.96946592694533,594.1750444262125
55.94576862361363,-3.1894719187928646,SW,55.945556491579275,-3.1896840508272204,233.96946592694533,592.9250444262125
55.945556491579275,-3.1896840508272204,W,55.945556491579275,-3.1899840508272206,233.96946592694533,591.6750444262125
55.945556491579275,-3.1899840508272206,WNW,55.945671296608985,-3.190261214686974,352.8545684184953,660.9026895901761
55.945671296608985,-3.190261214686974,SW,55.94545916457463,-3.1904733467213298,352.8545684184953,659.6526895901761
55.94545916457463,-3.1904733467213298,SSW,55.94518200071487,-3.1905881517510393,352.8545684184953,658.4026895901761
55.94518200071487,-3.1905881517510393,SW,55.944969868680516,-3.190800283785395,445.6134388675285,695.5678344189461
55.944969868680516,-3.190800283785395,SSW,55.94469270482076,-3.1909150888151045,445.6134388675285,694.3178344189461
55.94469270482076,-3.1909150888151045,SW,55.944480572786404,-3.1911272208494603,562.8960763923144,777.4881162230092
55.944480572786404,-3.1911272208494603,SSE,55.94420340892665,-3.191012415819751,650.2608739712658,835.8059237568623
55.94420340892665,-3.191012415819751,SSW,55.94392624506689,-3.1911272208494603,650.2608739712658,834.5559237568623
55.94392624506689,-3.1911272208494603,S,55.94362624506689,-3.1911272208494603,687.9431793321426,914.3705727761221
55.94362624506689,-3.1911272208494603,SE,55.94341411303253,-3.1909150888151045,740.1189506573967,926.6545394432695
55.94341411303253,-3.1909150888151045,SSW,55.943136949172775,-3.191029893844814,740.1189506573967,925.4045394432695
55.943136949172775,-3.191029893844814,SSW,55.94285978531302,-3.1911446988745236,777.9293286783585,1009.8327412164384
55.94285978531302,-3.1911446988745236,W,55.94285978531302,-3.1914446988745238,777.9293286783585,1008.5827412164384
55.94285978531302,-3.1914446988745238,WSW,55.94274498028331,-3.191721862734277,777.9293286783585,1007.3327412164384
55.94274498028331,-3.191721862734277,W,55.94274498028331,-3.1920218627342773,849.1844870502655,1084.7910163454437
55.94274498028331,-3.1920218627342773,WNW,55.94285978531302,-3.1922990265940308,851.5371364551877,1124.2282204725395
55.94285978531302,-3.1922990265940308,N,55.94315978531302,-3.1922990265940308,920.7593143654162,1165.8635005940598
55.94315978531302,-3.1922990265940308,NNE,55.94343694917278,-3.1921842215643212,920.7593143654162,1164.6135005940598
55.94343694917278,-3.1921842215643212,NNE,55.943714113032534,-3.1920694165346117,971.9151419194898,1241.5428101091552
55.943714113032534,-3.1920694165346117,NNE,55.94399127689229,-3.1919546115049022,971.9151419194898,1240.2928101091552
55.94399127689229,-3.1919546115049022,NNE,55.94426844075205,-3.1918398064751927,1045.2281729697272,1355.261275677749
55.94426844075205,-3.1918398064751927,NW,55.944480572786404,-3.1920519385095485,1045.2281729697272,1354.011275677749
55.944480572786404,-3.1920519385095485,NNW,55.94475773664616,-3.192166743539258,1045.2281729697272,1352.761275677749
55.94475773664616,-3.192166743539258,NW,55.944969868680516,-3.1923788755736138,1169.776630951276,1454.1203722587811
55.944969868680516,-3.1923788755736138,NE,55.94518200071487,-3.192166743539258,1169.776630951276,1452.8703722587811
55.94518200071487,-3.192166743539258,NE,55.94539413274923,-3.1919546115049022,1169.776630951276,1451.6203722587811
55.94539413274923,-3.1919546115049022,NE,55.945606264783585,-3.1917424794705465,1272.2462802552968,1572.298258662406
55.945606264783585,-3.1917424794705465,SE,55.94539413274923,-3.1915303474361907,1272.2462802552968,1571.048258662406
55.94539413274923,-3.1915303474361907,SE,55.94518200071487,-3.191318215401835,1272.2462802552968,1569.798258662406
55.94518200071487,-3.191318215401835,SE,55.944969868680516,-3.191106083367479,1272.2462802552968,1568.548258662406
55.944969868680516,-3.191106083367479,SE,55.94475773664616,-3.1908939513331234,1272.2462802552968,1567.298258662406
55.94475773664616,-3.1908939513331234,ESE,55.94464293161645,-3.19061678747337,1272.2462802552968,1566.048258662406
55.94464293161645,-3.19061678747337,NE,55.944855063650806,-3.190404655439014,1272.2462802552968,1564.798258662406
55.944855063650806,-3.190404655439014,ESE,55.944740258621096,-3.190127491579261,1272.2462802552968,1563.548258662406
55.944740258621096,-3.190127491579261,SE,55.94452812658674,-3.189915359544905,1272.2462802552968,1562.298258662406
55.94452812658674,-3.189915359544905,SW,55.94431599455238,-3.190127491579261,1272.2462802552968,1561.048258662406
55.94431599455238,-3.190127491579261,SE,55.94410386251803,-3.189915359544905,1272.2462802552968,1559.798258662406
55.94410386251803,-3.189915359544905,ESE,55.94398905748832,-3.1896381956851516,1272.2462802552968,1558.548258662406
55.94398905748832,-3.1896381956851516,SE,55.94377692545396,-3.189426063650796,1272.2462802552968,1557.298258662406
55.94377692545396,-3.189426063650796,ESE,55.94366212042425,-3.1891488997910424,1347.0915022246086,1648.200567919515
55.94366212042425,-3.1891488997910424,ESE,55.94354731539454,-3.188871735931289,1347.0915022246086,1646.950567919515
55.94354731539454,-3.188871735931289,ESE,55.94343251036483,-3.1885945720715356,1347.0915022246086,1645.700567919515
55.94343251036483,-3.1885945720715356,E,55.94343251036483,-3.1882945720715354,1428.9811470756356,1746.7740558740252
55.94343251036483,-3.1882945720715354,SE,55.94322037833047,-3.1880824400371797,1428.9811470756356,1745.5240558740252
55.94322037833047,-3.1880824400371797,SE,55.94300824629612,-3.187870308002824,1506.3754860506529,1783.144431615002
55.94300824629612,-3.187870308002824,E,55.94300824629612,-3.1875703080028237,1506.3754860506529,1781.894431615002
55.94300824629612,-3.1875703080028237,E,55.94300824629612,-3.1872703080028235,1627.535369955724,1822.1221505345875
55.94300824629612,-3.1872703080028235,ESE,55.942893441266406,-3.18699314414307,1628.078776511062,1929.5091893667181
55.942893441266406,-3.18699314414307,NE,55.94310557330076,-3.1867810121087143,1628.078776511062,1928.2591893667181
55.94310557330076,-3.1867810121087143,NE,55.94331770533512,-3.1865688800743586,1628.078776511062,1927.0091893667181
55.94331770533512,-3.1865688800743586,NE,55.943529837369475,-3.186356748040003,1749.3911179364045,2038.048457617468
55.943529837369475,-3.186356748040003,E,55.943529837369475,-3.1860567480400026,1839.607685112013,2153.456373489972
55.943529837369475,-3.1860567480400026,NW,55.94374196940383,-3.1862688800743584,1960.09889624811,2272.2391562184916
55.94374196940383,-3.1862688800743584,WNW,55.94385677443354,-3.186546043934112,1960.09889624811,2270.9891562184916
55.94385677443354,-3.186546043934112,W,55.94385677443354,-3.186846043934112,1960.09889624811,2269.7391562184916
55.94385677443354,-3.186846043934112,WNW,55.94397157946325,-3.1871232077938654,1960.09889624811,2268.4891562184916
55.94397157946325,-3.1871232077938654,WNW,55.94408638449296,-3.187400371653619,1962.7878693351329,2359.335576029326
55.94408638449296,-3.187400371653619,W,55.94408638449296,-3.187700371653619,1962.7878693351329,2358.085576029326
55.94408638449296,-3.187700371653619,NW,55.94429851652732,-3.1879125036879747,1962.7878693351329,2356.835576029326
55.94429851652732,-3.1879125036879747,NNE,55.944575680387075,-3.1877976986582652,1962.7878693351329,2355.585576029326
55.944575680387075,-3.1877976986582652,NE,55.94478781242143,-3.1875855666239095,1962.7878693351329,2354.335576029326
55.94478781242143,-3.1875855666239095,NNE,55.94506497628119,-3.1874707615942,2014.0564805904442,2355.9325959837356
55.94506497628119,-3.1874707615942,ENE,55.9451797813109,-3.1871935977344465,2014.0564805904442,2354.6825959837356
55.9451797813109,-3.1871935977344465,ENE,55.94529458634061,-3.186916433874693,2014.0564805904442,2353.4325959837356
55.94529458634061,-3.186916433874693,ENE,55.94540939137032,-3.1866392700149397,2014.0564805904442,2352.1825959837356
55.94540939137032,-3.1866392700149397,ENE,55.94552419640003,-3.1863621061551863,2022.0064623413998,2368.563655035052
55.94552419640003,-3.1863621061551863,ENE,55.94563900142974,-3.186084942295433,2022.0064623413998,2367.313655035052
55.94563900142974,-3.186084942295433,ENE,55.94575380645945,-3.1858077784356795,2096.2287988392586,2436.8157702400304
55.94575380645945,-3.1858077784356795,NNW,55.94603097031921,-3.185922583465389,2198.4347562811276,2500.896058253351
55.94603097031921,-3.185922583465389,SE,55.94581883828485,-3.1857104514310333,2198.4347562811276,2499.646058253351
55.94581883828485,-3.1857104514310333,E,55.94581883828485,-3.185410451431033,2198.4347562811276,2498.396058253351
55.94581883828485,-3.185410451431033,E,55.94581883828485,-3.185110451431033,2198.4347562811276,2497.146058253351
55.94581883828485,-3.185110451431033,ENE,55.94593364331456,-3.1848332875712795,2261.0679092765663,2526.473796341258
55.94593364331456,-3.1848332875712795,S,55.94563364331456,-3.1848332875712795,2261.0679092765663,2525.223796341258
55.94563364331456,-3.1848332875712795,SSE,55.9453564794548,-3.18471848254157,2261.0679092765663,2523.973796341258
55.9453564794548,-3.18471848254157,S,55.9450564794548,-3.18471848254157,2261.0679092765663,2522.723796341258
55.9450564794548,-3.18471848254157,SSE,55.94477931559504,-3.1846036775118605,2261.0679092765663,2521.473796341258
55.94477931559504,-3.1846036775118605,S,55.94447931559504,-3.1846036775118605,2261.0679092765663,2520.223796341258
55.94447931559504,-3.1846036775118605,SSE,55.94420215173528,-3.184488872482151,2261.0679092765663,2518.973796341258
55.94420215173528,-3.184488872482151,S,55.94390215173528,-3.184488872482151,2285.892241229538,2591.3352450377374
55.94390215173528,-3.184488872482151,N,55.94420215173528,-3.184488872482151,2285.892241229538,2590.0852450377374
55.94420215173528,-3.184488872482151,S,55.94390215173528,-3.184488872482151,2285.892241229538,2588.8352450377374
55.94390215173528,-3.184488872482151,N,55.94420215173528,-3.184488872482151,2285.892241229538,2587.5852450377374
55.94420215173528,-3.184488872482151,S,55.94390215173528,-3.184488872482151,2285.892241229538,2586.3352450377374
55.94390215173528,-3.184488872482151,N,55.94420215173528,-3.184488872482151,2285.892241229538,2585.0852450377374
55.94420215173528,-3.184488872482151,S,55.94390215173528,-3.184488872482151,2285.892241229538,2583.8352450377374
55.94390215173528,-3.184488872482151,N,55.94420215173528,-3.184488872482151,2285.892241229538,2582.5852450377374
55.94420215173528,-3.184488872482151,S,55.94390215173528,-3.184488872482151,2285.892241229538,2581.3352450377374
55.94390215173528,-3.184488872482151,N,55.94420215173528,-3.184488872482151,2285.892241229538,2580.0852450377374
55.94420215173528,-3.184488872482151,S,55.94390215173528,-3.184488872482151,2285.892241229538,2578.8352450377374
55.94390215173528,-3.184488872482151,N,55.94420215173528,-3.184488872482151,2285.892241229538,2577.5852450377374
55.94420215173528,-3.184488872482151,S,55.94390215173528,-3.184488872482151,2285.892241229538,2576.3352450377374
55.94390215173528,-3.184488872482151,N,55.94420215173528,-3.184488872482151,2285.892241229538,2575.0852450377374
55.94420215173528,-3.184488872482151,S,55.94390215173528,-3.184488872482151,2285.892241229538,2573.8352450377374
55.94390215173528,-3.184488872482151,N,55.94420215173528,-3.184488872482151,2285.892241229538,2572.5852450377374
55.94420215173528,-3.184488872482151,S,55.94390215173528,-3.184488872482151,2285.892241229538,2571.3352450377374
55.94390215173528,-3.184488872482151,N,55.94420215173528,-3.184488872482151,2285.892241229538,2570.0852450377374
55.94420215173528,-3.184488872482151,S,55.94390215173528,-3.184488872482151,2285.892241229538,2568.8352450377374
55.94390215173528,-3.184488872482151,N,55.94420215173528,-3.184488872482151,2285.892241229538,2567.5852450377374
55.94420215173528,-3.184488872482151,S,55.94390215173528,-3.184488872482151,2285.892241229538,2566.3352450377374
55.94390215173528,-3.184488872482151,N,55.94420215173528,-3.184488872482151,2285.892241229538,2565.0852450377374
55.94420215173528,-3.184488872482151,S,55.94390215173528,-3.184488872482151,2285.892241229538,2563.8352450377374
55.94390215173528,-3.184488872482151,N,55.94420215173528,-3.184488872482151,2285.892241229538,2562.5852450377374
55.94420215173528,-3.184488872482151,S,55.94390215173528,-3.184488872482151,2285.892241229538,2561.3352450377374
55.94390215173528,-3.184488872482151,N,55.94420215173528,-3.184488872482151,2285.892241229538,2560.0852450377374
55.94420215173528,-3.184488872482151,S,55.94390215173528,-3.184488872482151,2285.892241229538,2558.8352450377374
55.94390215173528,-3.184488872482151,N,55.94420215173528,-3.184488872482151,2285.892241229538,2557.5852450377374
55.94420215173528,-3.184488872482151,S,55.94390215173528,-3.184488872482151,2285.892241229538,2556.3352450377374
55.94390215173528,-3.184488872482151,N,55.94420215173528,-3.184488872482151,2285.892241229538,2555.0852450377374
55.94420215173528,-3.184488872482151,S,55.94390215173528,-3.184488872482151,2285.892241229538,2553.8352450377374
55.94390215173528,-3.184488872482151,N,55.94420215173528,-3.184488872482151,2285.892241229538,2552.5852450377374
55.94420215173528,-3.184488872482151,S,55.94390215173528,-3.184488872482151,2285.892241229538,2551.3352450377374
55.94390215173528,-3.184488872482151,N,55.94420215173528,-3.184488872482151,2285.892241229538,2550.0852450377374
55.94420215173528,-3.184488872482151,S,55.94390215173528,-3.184488872482151,2285.892241229538,2548.8352450377374
55.94390215173528,-3.184488872482151,N,55.94420215173528,-3.184488872482151,2285.892241229538,2547.5852450377374
55.94420215173528,-3.184488872482151,S,55.94390215173528,-3.184488872482151,2285.892241229538,2546.3352450377374
55.94390215173528,-3.184488872482151,N,55.94420215173528,-3.184488872482151,2285.892241229538,2545.0852450377374
55.94420215173528,-3.184488872482151,S,55.94390215173528,-3.184488872482151,2285.892241229538,2543.8352450377374
55.94390215173528,-3.184488872482151,N,55.94420215173528,-3.184488872482151,2285.892241229538,2542.5852450377374
55.94420215173528,-3.184488872482151,S,55.94390215173528,-3.184488872482151,2285.892241229538,2541.3352450377374
55.94390215173528,-3.184488872482151,N,55.94420215173528,-3.184488872482151,2285.892241229538,2540.0852450377374
55.94420215173528,-3.184488872482151,S,55.94390215173528,-3.184488872482151,2285.892241229538,2538.8352450377374
55.94390215173528,-3.184488872482151,N,55.94420215173528,-3.184488872482151,2285.892241229538,2537.5852450377374
55.94420215173528,-3.184488872482151,S,55.94390215173528,-3.184488872482151,2285.892241229538,2536.3352450377374
55.94390215173528,-3.184488872482151,N,55.94420215173528,-3.184488872482151,2285.892241229538,2535.0852450377374
55.94420215173528,-3.184488872482151,S,55.94390215173528,-3.184488872482151,2285.892241229538,2533.8352450377374
55.94390215173528,-3.184488872482151,N,55.94420215173528,-3.184488872482151,2285.892241229538,2532.5852450377374
55.94420215173528,-3.184488872482151,S,55.94390215173528,-3.184488872482151,2285.892241229538,2531.3352450377374
55.94390215173528,-3.184488872482151,N,55.94420215173528,-3.184488872482151,2285.892241229538,2530.0852450377374
55.94420215173528,-3.184488872482151,S,55.94390215173528,-3.184488872482151,2285.892241229538,2528.8352450377374
55.94390215173528,-3.184488872482151,N,55.94420215173528,-3.184488872482151,2285.892241229538,2527.5852450377374
55.94420215173528,-3.184488872482151,S,55.94390215173528,-3.184488872482151,2285.892241229538,2526.3352450377374
55.94390215173528,-3.184488872482151,N,55.94420215173528,-3.184488872482151,2285.892241229538,2525.0852450377374
55.94420215173528,-3.184488872482151,S,55.94390215173528,-3.184488872482151,2285.892241229538,2523.8352450377374
55.94390215173528,-3.184488872482151,N,55.94420215173528,-3.184488872482151,2285.892241229538,2522.5852450377374
55.94420215173528,-3.184488872482151,S,55.94390215173528,-3.184488872482151,2285.892241229538,2521.3352450377374
55.94390215173528,-3.184488872482151,N,55.94420215173528,-3.184488872482151,2285.892241229538,2520.0852450377374
55.94420215173528,-3.184488872482151,S,55.94390215173528,-3.184488872482151,2285.892241229538,2518.8352450377374
55.94390215173528,-3.184488872482151,N,55.94420215173528,-3.184488872482151,2285.892241229538,2517.5852450377374
55.94420215173528,-3.184488872482151,S,55.94390215173528,-3.184488872482151,2285.892241229538,2516.3352450377374
55.94390215173528,-3.184488872482151,N,55.94420215173528,-3.184488872482151,2285.892241229538,2515.0852450377374
55.94420215173528,-3.184488872482151,S,55.94390215173528,-3.184488872482151,2285.892241229538,2513.8352450377374
55.94390215173528,-3.184488872482151,N,55.94420215173528,-3.184488872482151,2285.892241229538,2512.5852450377374
55.94420215173528,-3.184488872482151,S,55.94390215173528,-3.184488872482151,2285.892241229538,2511.3352450377374
55.94390215173528,-3.184488872482151,N,55.94420215173528,-3.184488872482151,2285.892241229538,2510.0852450377374
55.94420215173528,-3.184488872482151,S,55.94390215173528,-3.184488872482151,2285.892241229538,2508.8352450377374
55.94390215173528,-3.184488872482151,N,55.94420215173528,-3.184488872482151,2285.892241229538,2507.5852450377374
55.94420215173528,-3.184488872482151,S,55.94390215173528,-3.184488872482151,2285.892241229538,2506.3352450377374
55.94390215173528,-3.184488872482151,N,55.94420215173528,-3.184488872482151,2285.892241229538,2505.0852450377374
55.94420215173528,-3.184488872482151,S,55.94390215173528,-3.184488872482151,2285.892241229538,2503.8352450377374
55.94390215173528,-3.184488872482151,N,55.94420215173528,-3.184488872482151,2285.892241229538,2502.5852450377374
55.94420215173528,-3.184488872482151,S,55.94390215173528,-3.184488872482151,2285.892241229538,2501.3352450377374
55.94390215173528,-3.184488872482151,N,55.94420215173528,-3.184488872482151,2285.892241229538,2500.0852450377374
55.94420215173528,-3.184488872482151,S,55.94390215173528,-3.184488872482151,2285.892241229538,2498.8352450377374
55.94390215173528,-3.184488872482151,N,55.94420215173528,-3.184488872482151,2285.892241229538,2497.5852450377374
55.94420215173528,-3.184488872482151,S,55.94390215173528,-3.184488872482151,2285.892241229538,2496.3352450377374
55.94390215173528,-3.184488872482151,N,55.94420215173528,-3.184488872482151,2285.892241229538,2495.0852450377374
55.94420215173528,-3.184488872482151,S,55.94390215173528,-3.184488872482151,2285.892241229538,2493.8352450377374
55.94390215173528,-3.184488872482151,N,55.94420215173528,-3.184488872482151,2285.892241229538,2492.5852450377374
55.94420215173528,-3.184488872482151,S,55.94390215173528,-3.184488872482151,2285.892241229538,2491.3352450377374
55.94390215173528,-3.184488872482151,N,55.94420215173528,-3.184488872482151,2285.892241229538,2490.0852450377374
55.94420215173528,-3.184488872482151,S,55.94390215173528,-3.184488872482151,2285.892241229538,2488.8352450377374
55.94390215173528,-3.184488872482151,N,55.94420215173528,-3.184488872482151,2285.892241229538,2487.5852450377374
55.94420215173528,-3.184488872482151,S,55.94390215173528,-3.184488872482151,2285.892241229538,2486.3352450377374
55.94390215173528,-3.184488872482151,N,55.94420215173528,-3.184488872482151,2285.892241229538,2485.0852450377374
55.94420215173528,-3.184488872482151,S,55.94390215173528,-3.184488872482151,2285.892241229538,2483.8352450377374
55.94390215173528,-3.184488872482151,N,55.94420215173528,-3.184488872482151,2285.892241229538,2482.5852450377374
55.94420215173528,-3.184488872482151,S,55.94390215173528,-3.184488872482151,2285.892241229538,2481.3352450377374
55.94390215173528,-3.184488872482151,N,55.94420215173528,-3.184488872482151,2285.892241229538,2480.0852450377374
55.94420215173528,-3.184488872482151,S,55.94390215173528,-3.184488872482151,2285.892241229538,2478.8352450377374
55.94390215173528,-3.184488872482151,N,55.94420215173528,-3.184488872482151,2285.892241229538,2477.5852450377374
55.94420215173528,-3.184488872482151,S,55.94390215173528,-3.184488872482151,2285.892241229538,2476.3352450377374
55.94390215173528,-3.184488872482151,N,55.94420215173528,-3.184488872482151,2285.892241229538,2475.0852450377374
55.94420215173528,-3.184488872482151,S,55.94390215173528,-3.184488872482151,2285.892241229538,2473.8352450377374
55.94390215173528,-3.184488872482151,N,55.94420215173528,-3.184488872482151,2285.892241229538,2472.5852450377374
55.94420215173528,-3.184488872482151,S,55.94390215173528,-3.184488872482151,2285.892241229538,2471.3352450377374
55.94390215173528,-3.184488872482151,N,55.94420215173528,-3.184488872482151,2285.892241229538,2470.0852450377374
55.94420215173528,-3.184488872482151,S,55.94390215173528,-3.184488872482151,2285.892241229538,2468.8352450377374
55.94390215173528,-3.184488872482151,N,55.94420215173528,-3.184488872482151,2285.892241229538,2467.5852450377374
55.94420215173528,-3.184488872482151,S,55.94390215173528,-3.184488872482151,2285.892241229538,2466.3352450377374
55.94390215173528,-3.184488872482151,N,55.94420215173528,-3.184488872482151,2285.892241229538,2465.0852450377374
55.94420215173528,-3.184488872482151,S,55.94390215173528,-3.184488872482151,2285.892241229538,2463.8352450377374
55.94390215173528,-3.184488872482151,N,55.94420215173528,-3.184488872482151,2285.892241229538,2462.5852450377374
55.94420215173528,-3.184488872482151,S,55.94390215173528,-3.184488872482151,2285.892241229538,2461.3352450377374
55.94390215173528,-3.184488872482151,N,55.94420215173528,-3.184488872482151,2285.892241229538,2460.0852450377374
55.94420215173528,-3.184488872482151,S,55.94390215173528,-3.184488872482151,2285.892241229538,2458.8352450377374
55.94390215173528,-3.184488872482151,N,55.94420215173528,-3.184488872482151,2285.892241229538,2457.5852450377374
55.94420215173528,-3.184488872482151,S,55.94390215173528,-3.184488872482151,2285.892241229538,2456.3352450377374
55.94390215173528,-3.184488872482151,N,55.94420215173528,-3.184488872482151,2285.892241229538,2455.0852450377374
55.94420215173528,-3.184488872482151,S,55.94390215173528,-3.184488872482151,2285.892241229538,2453.8352450377374
55.94390215173528,-3.184488872482151,N,55.94420215173528,-3.184488872482151,2285.892241229538,2452.5852450377374
55.94420215173528,-3.184488872482151,S,55.94390215173528,-3.184488872482151,2285.892241229538,2451.3352450377374
55.94390215173528,-3.184488872482151,N,55.94420215173528,-3.184488872482151,2285.892241229538,2450.0852450377374
55.94420215173528,-3.184488872482151,S,55.94390215173528,-3.184488872482151,2285.892241229538,2448.8352450377374
55.94390215173528,-3.184488872482151,N,55.94420215173528,-3.184488872482151,2285.892241229538,2447.5852450377374
55.94420215173528,-3.184488872482151,S,55.94390215173528,-3.184488872482151,2285.892241229538,2446.3352450377374
55.94390215173528,-3.184488872482151,N,55.94420215173528,-3.184488872482151,2285.892241229538,2445.0852450377374
55.94420215173528,-3.184488872482151,S,55.94390215173528,-3.184488872482151,2285.892241229538,2443.8352450377374
55.94390215173528,-3.184488872482151,N,55.94420215173528,-3.184488872482151,2285.892241229538,2442.5852450377374
55.94420215173528,-3.184488872482151,S,55.94390215173528,-3.184488872482151,2285.892241229538,2441.3352450377374
55.94390215173528,-3.184488872482151,N,55.94420215173528,-3.184488872482151,2285.892241229538,2440.0852450377374
55.94420215173528,-3.184488872482151,S,55.94390215173528,-3.184488872482151,2285.892241229538,2438.8352450377374
55.94390215173528,-3.184488872482151,N,55.94420215173528,-3.184488872482151,2285.892241229538,2437.5852450377374
55.94420215173528,-3.184488872482151,S,55.94390215173528,-3.184488872482151,2285.892241229538,2436.3352450377374
55.94390215173528,-3.184488872482151,N,55.94420215173528,-3.184488872482151,2285.892241229538,2435.0852450377374
55.94420215173528,-3.184488872482151,S,55.94390215173528,-3.184488872482151,2285.892241229538,2433.8352450377374
55.94390215173528,-3.184488872482151,N,55.94420215173528,-3.184488872482151,2285.892241229538,2432.5852450377374
55.94420215173528,-3.184488872482151,S,55.94390215173528,-3.184488872482151,2285.892241229538,2431.3352450377374
55.94390215173528,-3.184488872482151,N,55.94420215173528,-3.184488872482151,2285.892241229538,2430.0852450377374
55.94420215173528,-3.184488872482151,S,55.94390215173528,-3.184488872482151,2285.892241229538,2428.8352450377374
55.94390215173528,-3.184488872482151,N,55.94420215173528,-3.184488872482151,2285.892241229538,2427.5852450377374
55.94420215173528,-3.184488872482151,S,55.94390215173528,-3.184488872482151,2285.892241229538,2426.3352450377374
55.94390215173528,-3.184488872482151,N,55.94420215173528,-3.184488872482151,2285.892241229538,2425.0852450377374
55.94420215173528,-3.184488872482151,S,55.94390215173528,-3.184488872482151,2285.892241229538,2423.8352450377374
55.94390215173528,-3.184488872482151,N,55.94420215173528,-3.184488872482151,2285.892241229538,2422.5852450377374
55.94420215173528,-3.184488872482151,S,55.94390215173528,-3.184488872482151,2285.892241229538,2421.3352450377374
55.94390215173528,-3.184488872482151,N,55.94420215173528,-3.184488872482151,2285.892241229538,2420.0852450377374
55.94420215173528,-3.184488872482151,S,55.94390215173528,-3.184488872482151,2285.892241229538,2418.8352450377374
55.94390215173528,-3.184488872482151,N,55.94420215173528,-3.184488872482151,2285.892241229538,2417.5852450377374
55.94420215173528,-3.184488872482151,S,55.94390215173528,-3.184488872482151,2285.892241229538,2416.3352450377374
55.94390215173528,-3.184488872482151,N,55.94420215173528,-3.184488872482151,2285.892241229538,2415.0852450377374
55.94420215173528,-3.184488872482151,S,55.94390215173528,-3.184488872482151,2285.892241229538,2413.8352450377374
55.94390215173528,-3.184488872482151,N,55.94420215173528,-3.184488872482151,2285.892241229538,2412.5852450377374
55.94420215173528,-3.184488872482151,S,55.94390215173528,-3.184488872482151,2285.892241229538,2411.3352450377374
55.94390215173528,-3.184488872482151,N,55.94420215173528,-3.184488872482151,2285.892241229538,2410.0852450377374
55.94420215173528,-3.184488872482151,S,55.94390215173528,-3.184488872482151,2285.892241229538,2408.8352450377374
55.94390215173528,-3.184488872482151,N,55.94420215173528,-3.184488872482151,2285.892241229538,2407.5852450377374
55.94420215173528,-3.184488872482151,S,55.94390215173528,-3.184488872482151,2285.892241229538,2406.3352450377374
55.94390215173528,-3.184488872482151,N,55.94420215173528,-3.184488872482151,2285.892241229538,2405.0852450377374
55.94420215173528,-3.184488872482151,S,55.94390215173528,-3.184488872482151,2285.892241229538,2403.8352450377374
55.94390215173528,-3.184488872482151,N,55.94420215173528,-3.184488872482151,2285.892241229538,2402.5852450377374
55.94420215173528,-3.184488872482151,S,55.94390215173528,-3.184488872482151,2285.892241229538,2401.3352450377374
55.94390215173528,-3.184488872482151,N,55.94420215173528,-3.184488872482151,2285.892241229538,2400.0852450377374
55.94420215173528,-3.184488872482151,S,55.94390215173528,-3.184488872482151,2285.892241229538,2398.8352450377374
55.94390215173528,-3.184488872482151,N,55.94420215173528,-3.184488872482151,2285.892241229538,2397.5852450377374
55.94420215173528,-3.184488872482151,S,55.94390215173528,-3.184488872482151,2285.892241229538,2396.3352450377374
55.94390215173528,-3.184488872482151,N,55.94420215173528,-3.184488872482151,2285.892241229538,2395.0852450377374
55.94420215173528,-3.184488872482151,S,55.94390215173528,-3.184488872482151,2285.892241229538,2393.8352450377374
55.94390215173528,-3.184488872482151,N,55.94420215173528,-3.184488872482151,2285.892241229538,2392.5852450377374
