55.944425,-3.188396,WSW,55.94431019497029,-3.1886731638597534,15.812402214792701,360.3706239140938
55.94431019497029,-3.1886731638597534,SSE,55.944033031110536,-3.188558358830044,90.91476552985993,390.3811311244266
55.944033031110536,-3.188558358830044,N,55.94433303111054,-3.188558358830044,90.91476552985993,389.1311311244266
55.94433303111054,-3.188558358830044,NNW,55.944610194970295,-3.1886731638597534,210.9897200490433,470.9185797013497
55.944610194970295,-3.1886731638597534,WNW,55.944725000000005,-3.188950327719507,292.90071081617475,488.2571701452999
55.944725000000005,-3.188950327719507,W,55.944725000000005,-3.189250327719507,310.24706520146304,594.1720279378821
55.944725000000005,-3.189250327719507,WNW,55.944839805029716,-3.1895274915792604,310.24706520146304,592.9220279378821
55.944839805029716,-3.1895274915792604,W,55.944839805029716,-3.1898274915792606,316.2027285168996,712.5828577036565
55.944839805029716,-3.1898274915792606,NNW,55.94511696888947,-3.18994229660897,316.2027285168996,711.3328577036565
55.94511696888947,-3.18994229660897,NW,55.94532910092383,-3.190154428643326,345.19807617332714,800.5482069356424
55.94532910092383,-3.190154428643326,ENE,55.94544390595354,-3.1898772647835725,345.19807617332714,799.2982069356424
55.94544390595354,-3.1898772647835725,ENE,55.94555871098325,-3.189600100923819,373.4100660243787,921.8101381682142
55.94555871098325,-3.189600100923819,N,55.94585871098325,-3.189600100923819,384.69677905929547,928.5095388358573
55.94585871098325,-3.189600100923819,NNE,55.94613587484301,-3.1894852958941096,490.4797777888666,1001.5599307890532
55.94613587484301,-3.1894852958941096,W,55.94613587484301,-3.1897852958941098,602.6770757544148,1051.2213850644312
55.94613587484301,-3.1897852958941098,ESE,55.9460210698133,-3.1895081320343563,602.6770757544148,1049.9713850644312
55.9460210698133,-3.1895081320343563,ESE,55.94590626478359,-3.189230968174603,602.6770757544148,1048.7213850644312
55.94590626478359,-3.189230968174603,ESE,55.94579145975388,-3.1889538043148495,602.6770757544148,1047.4713850644312
55.94579145975388,-3.1889538043148495,E,55.94579145975388,-3.1886538043148493,602.6770757544148,1046.2213850644312
55.94579145975388,-3.1886538043148493,ESE,55.94567665472417,-3.188376640455096,711.0063994197219,1068.5945473606787
55.94567665472417,-3.188376640455096,SSE,55.94539949086441,-3.1882618354253864,795.6075632935554,1182.9059052812886
55.94539949086441,-3.1882618354253864,NE,55.94561162289877,-3.1880497033910307,795.6075632935554,1181.6559052812886
55.94561162289877,-3.1880497033910307,NNE,55.94588878675852,-3.187934898361321,825.9417791214761,1251.1862656326055
55.94588878675852,-3.187934898361321,SE,55.94567665472417,-3.1877227663269654,825.9417791214761,1249.9362656326055
55.94567665472417,-3.1877227663269654,SE,55.94546452268981,-3.1875106342926096,874.4757128199246,1317.6027574730326
55.94546452268981,-3.1875106342926096,ESE,55.9453497176601,-3.187233470432856,874.4757128199246,1316.3527574730326
55.9453497176601,-3.187233470432856,ENE,55.94546452268981,-3.186956306573103,874.4757128199246,1315.1027574730326
55.94546452268981,-3.186956306573103,ENE,55.94557932771952,-3.1866791427133494,876.0655953496121,1357.890796789352
55.94557932771952,-3.1866791427133494,E,55.94557932771952,-3.186379142713349,876.0655953496121,1356.640796789352
55.94557932771952,-3.186379142713349,S,55.94527932771952,-3.186379142713349,876.0655953496121,1355.390796789352
55.94527932771952,-3.186379142713349,NNW,55.945556491579275,-3.1864939477430587,876.0655953496121,1354.140796789352
55.945556491579275,-3.1864939477430587,S,55.94525649157927,-3.1864939477430587,876.0655953496121,1352.890796789352
55.94525649157927,-3.1864939477430587,NNE,55.94553365543903,-3.186379142713349,876.0655953496121,1351.640796789352
55.94553365543903,-3.186379142713349,S,55.945233655439026,-3.186379142713349,876.0655953496121,1350.390796789352
55.945233655439026,-3.186379142713349,NNW,55.94551081929878,-3.1864939477430587,876.0655953496121,1349.140796789352
55.94551081929878,-3.1864939477430587,S,55.94521081929878,-3.1864939477430587,876.0655953496121,1347.890796789352
55.94521081929878,-3.1864939477430587,SW,55.94499868726442,-3.1867060797774145,876.0655953496121,1346.640796789352
55.94499868726442,-3.1867060797774145,ENE,55.94511349229413,-3.186428915917661,876.0655953496121,1345.390796789352
55.94511349229413,-3.186428915917661,E,55.94511349229413,-3.186128915917661,876.0655953496121,1344.140796789352
55.94511349229413,-3.186128915917661,NW,55.94532562432849,-3.1863410479520167,876.0655953496121,1342.890796789352
55.94532562432849,-3.1863410479520167,SSE,55.94504846046873,-3.186226242922307,876.0655953496121,1341.640796789352
55.94504846046873,-3.186226242922307,NW,55.94526059250309,-3.186438374956663,876.0655953496121,1340.390796789352
55.94526059250309,-3.186438374956663,NNE,55.945537756362846,-3.1863235699269534,876.0655953496121,1339.140796789352
55.945537756362846,-3.1863235699269534,S,55.94523775636284,-3.1863235699269534,876.0655953496121,1337.890796789352
55.94523775636284,-3.1863235699269534,SE,55.94502562432849,-3.1861114378925977,876.0655953496121,1336.640796789352
55.94502562432849,-3.1861114378925977,NE,55.94523775636284,-3.185899305858242,876.0655953496121,1335.390796789352
55.94523775636284,-3.185899305858242,NNE,55.9455149202226,-3.1857845008285324,970.1158530303782,1388.068767312897
55.9455149202226,-3.1857845008285324,S,55.9452149202226,-3.1857845008285324,970.1158530303782,1386.818767312897
55.9452149202226,-3.1857845008285324,SW,55.94500278818824,-3.185996632862888,970.1158530303782,1385.568767312897
55.94500278818824,-3.185996632862888,WSW,55.94488798315853,-3.1862737967226415,970.1158530303782,1384.318767312897
55.94488798315853,-3.1862737967226415,S,55.94458798315853,-3.1862737967226415,1073.4113146101627,1442.3567352164587
55.94458798315853,-3.1862737967226415,SSE,55.94431081929877,-3.186158991692932,1123.953862932515,1471.8990792291647
55.94431081929877,-3.186158991692932,SSW,55.944033655439014,-3.1862737967226415,1175.0569946091844,1586.2727033296844
55.944033655439014,-3.1862737967226415,SW,55.94382152340466,-3.1864859287569973,1175.0569946091844,1585.0227033296844
55.94382152340466,-3.1864859287569973,SW,55.9436093913703,-3.186698060791353,1211.2253865629891,1610.5065585426798
55.9436093913703,-3.186698060791353,S,55.9433093913703,-3.186698060791353,1326.1063118988518,1698.5183843552725
55.9433093913703,-3.186698060791353,WSW,55.94319458634059,-3.1869752246511065,1366.4667735386097,1724.0836257886137
55.94319458634059,-3.1869752246511065,SE,55.94298245430623,-3.1867630926167507,1366.4667735386097,1722.8336257886137
55.94298245430623,-3.1867630926167507,SE,55.942770322271876,-3.186550960582395,1461.4941064245809,1796.2113110639646
55.942770322271876,-3.186550960582395,E,55.942770322271876,-3.1862509605823948,1461.4941064245809,1794.9613110639646
55.942770322271876,-3.1862509605823948,E,55.942770322271876,-3.1859509605823946,1461.4941064245809,1793.7113110639646
55.942770322271876,-3.1859509605823946,E,55.942770322271876,-3.1856509605823944,1461.4941064245809,1792.4613110639646
55.942770322271876,-3.1856509605823944,ENE,55.94288512730159,-3.185373796722641,1461.4941064245809,1791.2113110639646
55.94288512730159,-3.185373796722641,E,55.94288512730159,-3.185073796722641,1477.1831034600973,1812.085720191664
55.94288512730159,-3.185073796722641,ENE,55.9429999323313,-3.1847966328628874,1477.1831034600973,1810.835720191664
55.9429999323313,-3.1847966328628874,NE,55.94321206436565,-3.1845845008285316,1591.4452782834476,1887.6849750945237
55.94321206436565,-3.1845845008285316,NNE,55.94348922822541,-3.184469695798822,1591.4452782834476,1886.4349750945237
55.94348922822541,-3.184469695798822,NNE,55.943766392085166,-3.1843548907691126,1614.5232684088533,1958.0368268760121
55.943766392085166,-3.1843548907691126,NNW,55.94404355594492,-3.184469695798822,1614.5232684088533,1956.7868268760121
55.94404355594492,-3.184469695798822,NW,55.94425568797928,-3.184681827833178,1726.2282377835857,1963.5527149269335
55.94425568797928,-3.184681827833178,N,55.94455568797928,-3.184681827833178,1726.2282377835857,1962.3027149269335
55.94455568797928,-3.184681827833178,N,55.944855687979285,-3.184681827833178,1726.2282377835857,1961.0527149269335
55.944855687979285,-3.184681827833178,NNE,55.94513285183904,-3.1845670228034684,1726.2282377835857,1959.8027149269335
55.94513285183904,-3.1845670228034684,N,55.945432851839044,-3.1845670228034684,1726.2282377835857,1958.5527149269335
55.945432851839044,-3.1845670228034684,NNE,55.9457100156988,-3.184452217773759,1743.369174784259,2035.6592610235166
55.9457100156988,-3.184452217773759,WSW,55.94559521066909,-3.1847293816335123,1743.369174784259,2034.4092610235166
55.94559521066909,-3.1847293816335123,WSW,55.94548040563938,-3.1850065454932657,1743.369174784259,2033.1592610235166
55.94548040563938,-3.1850065454932657,SW,55.94526827360502,-3.1852186775276214,1743.369174784259,2031.9092610235166
55.94526827360502,-3.1852186775276214,WSW,55.94515346857531,-3.185495841387375,1743.369174784259,2030.6592610235166
55.94515346857531,-3.185495841387375,SW,55.94494133654096,-3.1857079734217306,1743.369174784259,2029.4092610235166
55.94494133654096,-3.1857079734217306,SSW,55.9446641726812,-3.18582277845144,1743.369174784259,2028.1592610235166
55.9446641726812,-3.18582277845144,SW,55.944452040646844,-3.186034910485796,1743.369174784259,2026.9092610235166
55.944452040646844,-3.186034910485796,WSW,55.944337235617134,-3.1863120743455493,1743.369174784259,2025.6592610235166
55.944337235617134,-3.1863120743455493,N,55.94463723561714,-3.1863120743455493,1743.369174784259,2024.4092610235166
55.94463723561714,-3.1863120743455493,SW,55.94442510358278,-3.186524206379905,1743.369174784259,2023.1592610235166
55.94442510358278,-3.186524206379905,WSW,55.94431029855307,-3.1868013702396585,1743.369174784259,2021.9092610235166
55.94431029855307,-3.1868013702396585,SW,55.944098166518714,-3.1870135022740143,1743.369174784259,2020.6592610235166
55.944098166518714,-3.1870135022740143,WSW,55.943983361489,-3.1872906661337677,1743.369174784259,2019.4092610235166
55.943983361489,-3.1872906661337677,SW,55.94377122945465,-3.1875027981681234,1743.369174784259,2018.1592610235166
55.94377122945465,-3.1875027981681234,WSW,55.94365642442494,-3.187779962027877,1743.369174784259,2016.9092610235166
55.94365642442494,-3.187779962027877,SW,55.94344429239058,-3.1879920940622326,1743.369174784259,2015.6592610235166
55.94344429239058,-3.1879920940622326,ENE,55.94355909742029,-3.187714930202479,1743.369174784259,2014.4092610235166
55.94355909742029,-3.187714930202479,W,55.94355909742029,-3.1880149302024794,1743.369174784259,2013.1592610235166
55.94355909742029,-3.1880149302024794,SW,55.943346965385935,-3.188227062236835,1766.2708970595766,2129.779930303601
55.943346965385935,-3.188227062236835,SSW,55.94306980152618,-3.1883418672665447,1811.8271754876957,2249.039605672954
55.94306980152618,-3.1883418672665447,WNW,55.94318460655589,-3.188619031126298,1811.8271754876957,2247.789605672954
55.94318460655589,-3.188619031126298,WNW,55.9432994115856,-3.1888961949860515,1811.8271754876957,2246.539605672954
55.9432994115856,-3.1888961949860515,WNW,55.94341421661531,-3.189173358845805,1811.8271754876957,2245.289605672954
55.94341421661531,-3.189173358845805,NW,55.943626348649666,-3.1893854908801607,1811.8271754876957,2244.039605672954
55.943626348649666,-3.1893854908801607,WNW,55.943741153679376,-3.189662654739914,1872.1353999417838,2352.6940092293644
55.943741153679376,-3.189662654739914,NW,55.94395328571373,-3.18987478677427,1872.1353999417838,2351.4440092293644
55.94395328571373,-3.18987478677427,NW,55.94416541774809,-3.1900869188086256,1945.9882195989696,2384.680370214566
55.94416541774809,-3.1900869188086256,NW,55.944377549782445,-3.1902990508429814,1945.9882195989696,2383.430370214566
55.944377549782445,-3.1902990508429814,NW,55.9445896818168,-3.190511182877337,2008.819199093067,2443.2421206101944
55.9445896818168,-3.190511182877337,S,55.9442896818168,-3.190511182877337,2008.819199093067,2441.9921206101944
55.9442896818168,-3.190511182877337,S,55.943989681816795,-3.190511182877337,2008.819199093067,2440.7421206101944
55.943989681816795,-3.190511182877337,S,55.94368968181679,-3.190511182877337,2010.1876117075547,2541.8455813476226
55.94368968181679,-3.190511182877337,S,55.94338968181679,-3.190511182877337,2010.1876117075547,2540.5955813476226
55.94338968181679,-3.190511182877337,S,55.94308968181679,-3.190511182877337,2035.8766879641205,2596.9818332746663
55.94308968181679,-3.190511182877337,WSW,55.942974876787076,-3.1907883467370906,2158.5503152931738,2638.487988124344
55.942974876787076,-3.1907883467370906,NW,55.94318700882143,-3.1910004787714463,2158.5503152931738,2637.237988124344
55.94318700882143,-3.1910004787714463,NW,55.94339914085579,-3.191212610805802,2158.5503152931738,2635.987988124344
55.94339914085579,-3.191212610805802,NW,55.943611272890145,-3.191424742840158,2158.5503152931738,2634.737988124344
55.943611272890145,-3.191424742840158,NW,55.9438234049245,-3.1916368748745136,2158.5503152931738,2633.487988124344
55.9438234049245,-3.1916368748745136,WNW,55.94393820995421,-3.191914038734267,2158.5503152931738,2632.237988124344
55.94393820995421,-3.191914038734267,NW,55.94415034198857,-3.192126170768623,2158.5503152931738,2630.987988124344
55.94415034198857,-3.192126170768623,WNW,55.94426514701828,-3.192403334628376,2170.045239559243,2728.2668643523257
55.94426514701828,-3.192403334628376,ESE,55.94415034198857,-3.192126170768623,2170.045239559243,2727.0168643523257
55.94415034198857,-3.192126170768623,WNW,55.94426514701828,-3.192403334628376,2170.045239559243,2725.7668643523257
55.94426514701828,-3.192403334628376,ESE,55.94415034198857,-3.192126170768623,2170.045239559243,2724.5168643523257
55.94415034198857,-3.192126170768623,WNW,55.94426514701828,-3.192403334628376,2170.045239559243,2723.2668643523257
55.94426514701828,-3.192403334628376,ESE,55.94415034198857,-3.192126170768623,2170.045239559243,2722.0168643523257
55.94415034198857,-3.192126170768623,WNW,55.94426514701828,-3.192403334628376,2170.045239559243,2720.7668643523257
55.94426514701828,-3.192403334628376,ESE,55.94415034198857,-3.192126170768623,2170.045239559243,2719.5168643523257
55.94415034198857,-3.192126170768623,WNW,55.94426514701828,-3.192403334628376,2170.045239559243,2718.2668643523257
55.94426514701828,-3.192403334628376,ESE,55.94415034198857,-3.192126170768623,2170.045239559243,2717.0168643523257
55.94415034198857,-3.192126170768623,WNW,55.94426514701828,-3.192403334628376,2170.045239559243,2715.7668643523257
55.94426514701828,-3.192403334628376,ESE,55.94415034198857,-3.192126170768623,2170.045239559243,2714.5168643523257
55.94415034198857,-3.192126170768623,WNW,55.94426514701828,-3.192403334628376,2170.045239559243,2713.2668643523257
55.94426514701828,-3.192403334628376,ESE,55.94415034198857,-3.192126170768623,2170.045239559243,2712.0168643523257
55.94415034198857,-3.192126170768623,WNW,55.94426514701828,-3.192403334628376,2170.045239559243,2710.7668643523257
55.94426514701828,-3.192403334628376,ESE,55.94415034198857,-3.192126170768623,2170.045239559243,2709.5168643523257
55.94415034198857,-3.192126170768623,WNW,55.94426514701828,-3.192403334628376,2170.045239559243,2708.2668643523257
55.94426514701828,-3.192403334628376,ESE,55.94415034198857,-3.192126170768623,2170.045239559243,2707.0168643523257
55.94415034198857,-3.192126170768623,WNW,55.94426514701828,-3.192403334628376,2170.045239559243,2705.7668643523257
55.94426514701828,-3.192403334628376,ESE,55.94415034198857,-3.192126170768623,2170.045239559243,2704.5168643523257
55.94415034198857,-3.192126170768623,WNW,55.94426514701828,-3.192403334628376,2170.045239559243,2703.2668643523257
55.94426514701828,-3.192403334628376,ESE,55.94415034198857,-3.192126170768623,2170.045239559243,2702.0168643523257
55.94415034198857,-3.192126170768623,WNW,55.94426514701828,-3.192403334628376,2170.045239559243,2700.7668643523257
55.94426514701828,-3.192403334628376,ESE,55.94415034198857,-3.192126170768623,2170.045239559243,2699.5168643523257
55.94415034198857,-3.192126170768623,WNW,55.94426514701828,-3.192403334628376,2170.045239559243,2698.2668643523257
55.94426514701828,-3.192403334628376,ESE,55.94415034198857,-3.192126170768623,2170.045239559243,2697.0168643523257
55.94415034198857,-3.192126170768623,WNW,55.94426514701828,-3.192403334628376,2170.045239559243,2695.7668643523257
55.94426514701828,-3.192403334628376,ESE,55.94415034198857,-3.192126170768623,2170.045239559243,2694.5168643523257
55.94415034198857,-3.192126170768623,WNW,55.94426514701828,-3.192403334628376,2170.045239559243,2693.2668643523257
55.94426514701828,-3.192403334628376,ESE,55.94415034198857,-3.192126170768623,2170.045239559243,2692.0168643523257
55.94415034198857,-3.192126170768623,WNW,55.94426514701828,-3.192403334628376,2170.045239559243,2690.7668643523257
55.94426514701828,-3.192403334628376,ESE,55.94415034198857,-3.192126170768623,2170.045239559243,2689.5168643523257
55.94415034198857,-3.192126170768623,WNW,55.94426514701828,-3.192403334628376,2170.045239559243,2688.2668643523257
55.94426514701828,-3.192403334628376,ESE,55.94415034198857,-3.192126170768623,2170.045239559243,2687.0168643523257
55.94415034198857,-3.192126170768623,WNW,55.94426514701828,-3.192403334628376,2170.045239559243,2685.7668643523257
55.94426514701828,-3.192403334628376,ESE,55.94415034198857,-3.192126170768623,2170.045239559243,2684.5168643523257
55.94415034198857,-3.192126170768623,WNW,55.94426514701828,-3.192403334628376,2170.045239559243,2683.2668643523257
55.94426514701828,-3.192403334628376,ESE,55.94415034198857,-3.192126170768623,2170.045239559243,2682.0168643523257
55.94415034198857,-3.192126170768623,WNW,55.94426514701828,-3.192403334628376,2170.045239559243,2680.7668643523257
55.94426514701828,-3.192403334628376,ESE,55.94415034198857,-3.192126170768623,2170.045239559243,2679.5168643523257
55.94415034198857,-3.192126170768623,WNW,55.94426514701828,-3.192403334628376,2170.045239559243,2678.2668643523257
55.94426514701828,-3.192403334628376,ESE,55.94415034198857,-3.192126170768623,2170.045239559243,2677.0168643523257
55.94415034198857,-3.192126170768623,WNW,55.94426514701828,-3.192403334628376,2170.045239559243,2675.7668643523257
55.94426514701828,-3.192403334628376,ESE,55.94415034198857,-3.192126170768623,2170.045239559243,2674.5168643523257
55.94415034198857,-3.192126170768623,WNW,55.94426514701828,-3.192403334628376,2170.045239559243,2673.2668643523257
55.94426514701828,-3.192403334628376,ESE,55.94415034198857,-3.192126170768623,2170.045239559243,2672.0168643523257
55.94415034198857,-3.192126170768623,WNW,55.94426514701828,-3.192403334628376,2170.045239559243,2670.7668643523257
55.94426514701828,-3.192403334628376,ESE,55.94415034198857,-3.192126170768623,2170.045239559243,2669.5168643523257
55.94415034198857,-3.192126170768623,WNW,55.94426514701828,-3.192403334628376,2170.045239559243,2668.2668643523257
55.94426514701828,-3.192403334628376,ESE,55.94415034198857,-3.192126170768623,2170.045239559243,2667.0168643523257
55.94415034198857,-3.192126170768623,WNW,55.94426514701828,-3.192403334628376,2170.045239559243,2665.7668643523257
55.94426514701828,-3.192403334628376,ESE,55.94415034198857,-3.192126170768623,2170.045239559243,2664.5168643523257
55.94415034198857,-3.192126170768623,WNW,55.94426514701828,-3.192403334628376,2170.045239559243,2663.2668643523257
55.94426514701828,-3.192403334628376,ESE,55.94415034198857,-3.192126170768623,2170.045239559243,2662.0168643523257
55.94415034198857,-3.192126170768623,WNW,55.94426514701828,-3.192403334628376,2170.045239559243,2660.7668643523257
55.94426514701828,-3.192403334628376,ESE,55.94415034198857,-3.192126170768623,2170.045239559243,2659.5168643523257
55.94415034198857,-3.192126170768623,WNW,55.94426514701828,-3.192403334628376,2170.045239559243,2658.2668643523257
55.94426514701828,-3.192403334628376,ESE,55.94415034198857,-3.192126170768623,2170.045239559243,2657.0168643523257
55.94415034198857,-3.192126170768623,WNW,55.94426514701828,-3.192403334628376,2170.045239559243,2655.7668643523257
55.94426514701828,-3.192403334628376,ESE,55.94415034198857,-3.192126170768623,2170.045239559243,2654.5168643523257
55.94415034198857,-3.192126170768623,WNW,55.94426514701828,-3.192403334628376,2170.045239559243,2653.2668643523257
55.94426514701828,-3.192403334628376,ESE,55.94415034198857,-3.192126170768623,2170.045239559243,2652.0168643523257
55.94415034198857,-3.192126170768623,WNW,55.94426514701828,-3.192403334628376,2170.045239559243,2650.7668643523257
55.94426514701828,-3.192403334628376,ESE,55.94415034198857,-3.192126170768623,2170.045239559243,2649.5168643523257
55.94415034198857,-3.192126170768623,WNW,55.94426514701828,-3.192403334628376,2170.045239559243,2648.2668643523257
55.94426514701828,-3.192403334628376,ESE,55.94415034198857,-3.192126170768623,2170.045239559243,2647.0168643523257
55.94415034198857,-3.192126170768623,WNW,55.94426514701828,-3.192403334628376,2170.045239559243,2645.7668643523257
55.94426514701828,-3.192403334628376,ESE,55.94415034198857,-3.192126170768623,2170.045239559243,2644.5168643523257
55.94415034198857,-3.192126170768623,WNW,55.94426514701828,-3.192403334628376,2170.045239559243,2643.2668643523257
55.94426514701828,-3.192403334628376,ESE,55.94415034198857,-3.192126170768623,2170.045239559243,2642.0168643523257
55.94415034198857,-3.192126170768623,WNW,55.94426514701828,-3.192403334628376,2170.045239559243,2640.7668643523257
55.94426514701828,-3.192403334628376,ESE,55.94415034198857,-3.192126170768623,2170.045239559243,2639.5168643523257
55.94415034198857,-3.192126170768623,WNW,55.94426514701828,-3.192403334628376,2170.045239559243,2638.2668643523257
55.94426514701828,-3.192403334628376,ESE,55.94415034198857,-3.192126170768623,2170.045239559243,2637.0168643523257
55.94415034198857,-3.192126170768623,WNW,55.94426514701828,-3.192403334628376,2170.045239559243,2635.7668643523257
55.94426514701828,-3.192403334628376,ESE,55.94415034198857,-3.192126170768623,2170.045239559243,2634.5168643523257
55.94415034198857,-3.192126170768623,WNW,55.94426514701828,-3.192403334628376,2170.045239559243,2633.2668643523257
55.94426514701828,-3.192403334628376,ESE,55.94415034198857,-3.192126170768623,2170.045239559243,2632.0168643523257
55.94415034198857,-3.192126170768623,WNW,55.94426514701828,-3.192403334628376,2170.045239559243,2630.7668643523257
55.94426514701828,-3.192403334628376,ESE,55.94415034198857,-3.192126170768623,2170.045239559243,2629.5168643523257
55.94415034198857,-3.192126170768623,WNW,55.94426514701828,-3.192403334628376,2170.045239559243,2628.2668643523257
55.94426514701828,-3.192403334628376,ESE,55.94415034198857,-3.192126170768623,2170.045239559243,2627.0168643523257
55.94415034198857,-3.192126170768623,WNW,55.94426514701828,-3.192403334628376,2170.045239559243,2625.7668643523257
55.94426514701828,-3.192403334628376,ESE,55.94415034198857,-3.192126170768623,2170.045239559243,2624.5168643523257
55.94415034198857,-3.192126170768623,WNW,55.94426514701828,-3.192403334628376,2170.045239559243,2623.2668643523257
55.94426514701828,-3.192403334628376,ESE,55.94415034198857,-3.192126170768623,2170.045239559243,2622.0168643523257
55.94415034198857,-3.192126170768623,WNW,55.94426514701828,-3.192403334628376,2170.045239559243,2620.7668643523257
55.94426514701828,-3.192403334628376,ESE,55.94415034198857,-3.192126170768623,2170.045239559243,2619.5168643523257
55.94415034198857,-3.192126170768623,WNW,55.94426514701828,-3.192403334628376,2170.045239559243,2618.2668643523257
55.94426514701828,-3.192403334628376,ESE,55.94415034198857,-3.192126170768623,2170.045239559243,2617.0168643523257
55.94415034198857,-3.192126170768623,WNW,55.94426514701828,-3.192403334628376,2170.045239559243,2615.7668643523257
55.94426514701828,-3.192403334628376,ESE,55.94415034198857,-3.192126170768623,2170.045239559243,2614.5168643523257
55.94415034198857,-3.192126170768623,WNW,55.94426514701828,-3.192403334628376,2170.045239559243,2613.2668643523257
55.94426514701828,-3.192403334628376,ESE,55.94415034198857,-3.192126170768623,2170.045239559243,2612.0168643523257
55.94415034198857,-3.192126170768623,WNW,55.94426514701828,-3.192403334628376,2170.045239559243,2610.7668643523257
55.94426514701828,-3.192403334628376,ESE,55.94415034198857,-3.192126170768623,2170.045239559243,2609.5168643523257
55.94415034198857,-3.192126170768623,WNW,55.94426514701828,-3.192403334628376,2170.045239559243,2608.2668643523257
55.94426514701828,-3.192403334628376,ESE,55.94415034198857,-3.192126170768623,2170.045239559243,2607.0168643523257
55.94415034198857,-3.192126170768623,WNW,55.94426514701828,-3.192403334628376,2170.045239559243,2605.7668643523257
55.94426514701828,-3.192403334628376,ESE,55.94415034198857,-3.192126170768623,2170.045239559243,2604.5168643523257
55.94415034198857,-3.192126170768623,WNW,55.94426514701828,-3.192403334628376,2170.045239559243,2603.2668643523257
55.94426514701828,-3.192403334628376,ESE,55.94415034198857,-3.192126170768623,2170.045239559243,2602.0168643523257
55.94415034198857,-3.192126170768623,WNW,55.94426514701828,-3.192403334628376,2170.045239559243,2600.7668643523257
55.94426514701828,-3.192403334628376,ESE,55.94415034198857,-3.192126170768623,2170.045239559243,2599.5168643523257
55.94415034198857,-3.192126170768623,WNW,55.94426514701828,-3.192403334628376,2170.045239559243,2598.2668643523257
55.94426514701828,-3.192403334628376,ESE,55.94415034198857,-3.192126170768623,2170.045239559243,2597.0168643523257
55.94415034198857,-3.192126170768623,WNW,55.94426514701828,-3.192403334628376,2170.045239559243,2595.7668643523257
55.94426514701828,-3.192403334628376,ESE,55.94415034198857,-3.192126170768623,2170.045239559243,2594.5168643523257
55.94415034198857,-3.192126170768623,WNW,55.94426514701828,-3.192403334628376,2170.045239559243,2593.2668643523257
55.94426514701828,-3.192403334628376,ESE,55.94415034198857,-3.192126170768623,2170.045239559243,2592.0168643523257
55.94415034198857,-3.192126170768623,WNW,55.94426514701828,-3.192403334628376,2170.045239559243,2590.7668643523257
55.94426514701828,-3.192403334628376,ESE,55.94415034198857,-3.192126170768623,2170.045239559243,2589.5168643523257
55.94415034198857,-3.192126170768623,WNW,55.94426514701828,-3.192403334628376,2170.045239559243,2588.2668643523257
55.94426514701828,-3.192403334628376,ESE,55.94415034198857,-3.192126170768623,2170.045239559243,2587.0168643523257
55.94415034198857,-3.192126170768623,WNW,55.94426514701828,-3.192403334628376,2170.045239559243,2585.7668643523257
55.94426514701828,-3.192403334628376,ESE,55.94415034198857,-3.192126170768623,2170.045239559243,2584.5168643523257
55.94415034198857,-3.192126170768623,WNW,55.94426514701828,-3.192403334628376,2170.045239559243,2583.2668643523257
55.94426514701828,-3.192403334628376,ESE,55.94415034198857,-3.192126170768623,2170.045239559243,2582.0168643523257
55.94415034198857,-3.192126170768623,WNW,55.94426514701828,-3.192403334628376,2170.045239559243,2580.7668643523257
55.94426514701828,-3.192403334628376,ESE,55.94415034198857,-3.192126170768623,2170.045239559243,2579.5168643523257
55.94415034198857,-3.192126170768623,WNW,55.94426514701828,-3.192403334628376,2170.045239559243,2578.2668643523257
55.94426514701828,-3.192403334628376,ESE,55.94415034198857,-3.192126170768623,2170.045239559243,2577.0168643523257
55.94415034198857,-3.192126170768623,WNW,55.94426514701828,-3.192403334628376,2170.045239559243,2575.7668643523257
55.94426514701828,-3.192403334628376,ESE,55.94415034198857,-3.192126170768623,2170.045239559243,2574.5168643523257
55.94415034198857,-3.192126170768623,WNW,55.94426514701828,-3.192403334628376,2170.045239559243,2573.2668643523257
55.94426514701828,-3.192403334628376,ESE,55.94415034198857,-3.192126170768623,2170.045239559243,2572.0168643523257
55.94415034198857,-3.192126170768623,WNW,55.94426514701828,-3.192403334628376,2170.045239559243,2570.7668643523257
55.94426514701828,-3.192403334628376,ESE,55.94415034198857,-3.192126170768623,2170.045239559243,2569.5168643523257
55.94415034198857,-3.192126170768623,WNW,55.94426514701828,-3.192403334628376,2170.045239559243,2568.2668643523257
55.94426514701828,-3.192403334628376,ESE,55.94415034198857,-3.192126170768623,2170.045239559243,2567.0168643523257
55.94415034198857,-3.192126170768623,WNW,55.94426514701828,-3.192403334628376,2170.045239559243,2565.7668643523257
55.94426514701828,-3.192403334628376,ESE,55.94415034198857,-3.192126170768623,2170.045239559243,2564.5168643523257
55.94415034198857,-3.192126170768623,WNW,55.94426514701828,-3.192403334628376,2170.045239559243,2563.2668643523257
55.94426514701828,-3.192403334628376,ESE,55.94415034198857,-3.192126170768623,2170.045239559243,2562.0168643523257
